symbol,datetime,open,high,low,close,volume,amount
000026.SZ,2001-01-02,14.21,14.22,13.92,14.22,4932.4,6931.5
000026.SZ,2001-01-03,14.3,14.78,14.16,14.42,6438.16,9334.2
000026.SZ,2001-01-04,14.48,14.6,14.3,14.4,3141.01,4521.61
000026.SZ,2001-01-05,14.31,14.41,14.09,14.12,3862.77,5468.61
000026.SZ,2001-01-08,14.44,14.44,14.05,14.11,3485.66,4931.69
000026.SZ,2001-01-09,14.1,14.1,13.66,13.7,5741.1,7925.92
000026.SZ,2001-01-10,14.5,14.5,13.88,14.04,4063.4,5703.68
000026.SZ,2001-01-11,14.1,14.1,13.83,13.91,4732.29,6579.36
000026.SZ,2001-01-12,14.0,14.39,13.78,13.97,4148.47,5777.55
000026.SZ,2001-01-15,13.9,14.2,13.77,13.85,5017.99,7001.16
000026.SZ,2001-01-16,13.8,14.0,13.1,13.67,1893.95,2573.78
000026.SZ,2001-01-17,13.68,14.1,13.3,13.75,5017.45,6842.65
000026.SZ,2001-01-18,14.0,14.9,13.99,14.58,21808.55,31763.73
000026.SZ,2001-01-19,14.8,15.45,14.59,15.41,34681.08,52554.41
000026.SZ,2001-02-05,15.76,15.76,14.91,15.0,10810.58,16402.21
000026.SZ,2001-02-06,14.98,15.0,14.5,14.85,4649.15,6851.07
000026.SZ,2001-02-07,15.38,15.38,14.85,15.25,10977.59,16679.14
000026.SZ,2001-02-08,15.45,15.45,15.01,15.29,12710.46,19360.18
000026.SZ,2001-02-09,15.15,15.5,14.88,15.43,8660.19,13186.39
000026.SZ,2001-02-12,15.4,15.4,15.06,15.09,2373.1,3603.21
000026.SZ,2001-02-13,15.08,15.19,14.88,15.12,3747.81,5610.72
000026.SZ,2001-02-14,15.15,15.18,14.95,14.99,4882.8,7334.14
000026.SZ,2001-02-15,15.0,15.08,14.8,14.9,3633.15,5420.68
000026.SZ,2001-02-16,14.71,15.2,14.71,15.2,7451.24,11196.57
000026.SZ,2001-02-19,15.4,15.41,15.2,15.4,4635.63,7099.24
000026.SZ,2001-02-20,15.4,15.4,14.95,15.05,2863.79,4330.7
000026.SZ,2001-02-21,14.85,14.91,14.0,14.59,11916.94,17213.16
000026.SZ,2001-02-22,14.3,14.9,14.0,14.4,3439.53,4928.72
000026.SZ,2001-02-23,14.3,14.89,14.3,14.85,5449.01,8015.29
000026.SZ,2001-02-26,14.9,15.35,14.66,15.34,10759.5,16312.29
000026.SZ,2001-02-27,15.38,15.38,14.84,15.02,4265.67,6391.19
000026.SZ,2001-02-28,15.0,15.0,14.38,14.87,1937.8,2868.94
000026.SZ,2001-03-01,14.9,14.98,14.51,14.85,2222.4,3291.99
000026.SZ,2001-03-02,14.8,15.07,14.76,14.98,1793.2,2683.03
000026.SZ,2001-03-05,14.77,15.0,14.7,14.76,1339.0,1991.42
000026.SZ,2001-03-06,14.9,15.2,14.75,14.99,2467.61,3697.64
000026.SZ,2001-03-07,15.18,15.18,14.95,15.0,2593.0,3900.5
000026.SZ,2001-03-08,15.0,15.75,15.0,15.54,13924.97,21539.91
000026.SZ,2001-03-09,15.6,15.65,15.2,15.27,5001.99,7720.82
000026.SZ,2001-03-12,15.25,15.5,15.08,15.11,2335.84,3552.88
000026.SZ,2001-03-13,15.1,15.11,14.73,14.8,4590.93,6846.43
000026.SZ,2001-03-14,14.8,15.05,14.75,14.98,1205.0,1801.33
000026.SZ,2001-03-15,14.98,15.05,14.8,14.9,2958.0,4407.98
000026.SZ,2001-03-16,14.88,15.0,14.78,15.0,2488.1,3701.43
000026.SZ,2001-03-19,15.1,15.5,14.99,15.43,6831.08,10469.7
000026.SZ,2001-03-20,15.44,15.45,15.1,15.12,3411.29,5200.3
000026.SZ,2001-03-21,15.3,15.39,15.13,15.28,2798.18,4271.36
000026.SZ,2001-03-22,15.3,15.4,15.22,15.3,3297.74,5046.55
000026.SZ,2001-03-23,15.36,15.6,15.05,15.08,7249.87,11223.9
000026.SZ,2001-03-26,15.1,15.5,15.1,15.33,2992.55,4584.46
000026.SZ,2001-03-27,15.49,16.26,15.31,16.09,21338.45,34038.28
000026.SZ,2001-03-28,16.15,16.18,15.61,15.72,9689.7,15375.94
000026.SZ,2001-03-29,15.75,17.0,15.66,16.75,26045.58,43048.55
000026.SZ,2001-03-30,16.8,17.22,16.58,17.01,20096.68,34136.63
000026.SZ,2001-04-02,17.2,17.2,16.72,17.01,10327.02,17516.91
000026.SZ,2001-04-03,17.01,17.15,16.72,16.87,5735.0,9688.67
000026.SZ,2001-04-04,16.9,17.6,16.71,16.99,15424.72,26631.91
000026.SZ,2001-04-05,16.99,17.33,16.83,17.21,7689.21,13121.03
000026.SZ,2001-04-06,17.3,17.59,17.1,17.45,11673.02,20347.56
000026.SZ,2001-04-09,17.7,17.7,16.95,17.08,9491.17,16326.89
000026.SZ,2001-04-10,17.13,17.2,16.7,16.75,7678.85,13009.72
000026.SZ,2001-04-11,16.8,17.02,16.7,16.76,11894.06,20066.24
000026.SZ,2001-04-12,16.8,16.96,16.5,16.6,6718.69,11225.27
000026.SZ,2001-04-13,16.61,17.2,16.3,16.83,19174.29,32163.25
000026.SZ,2001-04-16,16.89,17.17,16.89,16.99,6590.92,11227.25
000026.SZ,2001-04-17,17.0,17.0,16.65,16.8,5530.15,9292.13
000026.SZ,2001-04-18,16.7,16.98,16.66,16.94,5084.82,8512.6
000026.SZ,2001-04-19,16.94,17.0,16.62,16.99,3326.01,5581.09
000026.SZ,2001-04-20,17.0,17.08,16.65,16.83,4135.03,6943.91
000026.SZ,2001-04-23,16.66,16.71,16.15,16.33,8671.71,14163.33
000026.SZ,2001-04-24,16.11,17.15,16.11,17.1,5965.0,10008.0
000026.SZ,2001-04-25,17.2,17.5,16.55,16.9,5013.0,8547.28
000026.SZ,2001-04-26,17.0,17.12,16.6,16.71,2091.73,3500.71
000026.SZ,2001-04-27,16.71,16.9,16.65,16.8,5564.41,9348.12
000026.SZ,2001-04-30,16.53,16.8,16.5,16.7,2362.0,3911.0
000026.SZ,2001-05-08,16.5,16.6,16.35,16.5,1638.1,2703.42
000026.SZ,2001-05-09,16.65,16.65,16.4,16.59,2007.78,3320.41
000026.SZ,2001-05-10,16.45,16.95,16.2,16.92,3406.0,5627.0
000026.SZ,2001-05-11,16.9,17.3,16.6,17.28,6386.64,10935.3
000026.SZ,2001-05-14,17.3,17.59,17.1,17.4,7615.41,13256.32
000026.SZ,2001-05-15,17.35,17.41,17.09,17.28,3341.5,5749.63
000026.SZ,2001-05-16,17.3,17.5,17.1,17.49,4733.14,8186.94
000026.SZ,2001-05-17,17.5,17.69,17.18,17.68,5990.29,10450.7
000026.SZ,2001-05-18,17.68,17.7,17.31,17.48,3452.5,6046.22
000026.SZ,2001-05-21,17.3,18.0,17.3,17.99,7750.08,13701.88
000026.SZ,2001-05-22,17.99,17.99,17.68,17.83,4294.38,7641.9
000026.SZ,2001-05-23,17.82,17.82,17.3,17.56,3355.38,5893.25
000026.SZ,2001-05-24,17.5,17.55,17.2,17.21,3932.53,6812.12
000026.SZ,2001-05-28,17.0,17.85,16.5,17.74,3308.96,5705.24
000026.SZ,2001-05-29,17.39,17.63,17.25,17.56,3287.5,5721.29
000026.SZ,2001-05-30,17.9,17.9,17.38,17.49,1666.5,2919.4
000026.SZ,2001-05-31,17.5,17.5,17.3,17.39,1839.39,3199.52
000026.SZ,2001-06-01,17.4,17.44,17.1,17.38,3053.29,5272.98
000026.SZ,2001-06-04,17.3,17.48,16.7,16.96,10693.52,18126.99
000026.SZ,2001-06-05,17.0,17.17,16.78,17.0,7194.65,12163.66
000026.SZ,2001-06-06,17.0,17.09,16.68,16.98,4494.97,7560.03
000026.SZ,2001-06-07,16.5,17.3,16.5,16.76,5883.0,9883.05
000026.SZ,2001-06-08,16.82,16.95,16.7,16.95,3126.77,5259.3
000026.SZ,2001-06-11,16.88,17.3,16.8,17.19,4377.04,7475.36
000026.SZ,2001-06-12,17.3,17.3,16.99,17.19,2540.0,4346.35
000026.SZ,2001-06-13,17.1,17.1,16.75,16.98,3542.85,5982.33
000026.SZ,2001-06-14,16.9,17.1,16.6,16.98,4476.13,7545.06
000026.SZ,2001-06-15,17.1,17.1,16.65,16.94,1949.27,3281.47
000026.SZ,2001-06-18,16.8,17.09,16.6,16.88,4172.9,7046.12
000026.SZ,2001-06-19,16.88,16.96,16.6,16.76,1480.1,2469.51
000026.SZ,2001-06-20,16.31,17.19,16.31,17.0,5458.95,9266.87
000026.SZ,2001-06-21,17.1,17.8,17.0,17.8,19743.79,34447.17
000026.SZ,2001-06-22,17.68,18.35,17.65,18.18,31062.66,56368.39
000026.SZ,2001-06-25,18.18,18.48,17.85,18.18,10455.43,18933.88
000026.SZ,2001-06-26,18.1,18.4,18.05,18.34,12943.68,23620.59
000026.SZ,2001-06-27,18.28,18.45,18.1,18.3,8329.68,15252.88
000026.SZ,2001-06-28,18.1,18.4,17.81,18.05,8503.52,15416.61
000026.SZ,2001-06-29,18.1,18.34,17.83,18.31,6447.98,11692.73
000026.SZ,2001-07-02,18.2,18.34,17.85,18.16,10809.37,19670.51
000026.SZ,2001-07-03,18.18,18.3,17.98,18.15,5717.6,10336.81
000026.SZ,2001-07-04,18.3,18.9,18.2,18.79,15114.44,28170.52
000026.SZ,2001-07-05,18.6,19.6,18.6,19.39,20134.22,38899.21
000026.SZ,2001-07-06,19.45,19.45,18.9,19.12,7202.2,13811.62
000026.SZ,2001-07-09,19.1,19.88,19.0,19.7,12451.33,24507.85
000026.SZ,2001-07-10,19.7,21.5,19.7,20.62,25225.72,52244.52
000026.SZ,2001-07-11,20.65,20.95,20.1,20.69,10248.59,21100.4
000026.SZ,2001-07-12,20.5,20.93,20.35,20.64,9341.05,19321.14
000026.SZ,2001-07-13,20.5,20.85,20.3,20.69,5402.64,11126.26
000026.SZ,2001-07-16,20.7,21.06,20.3,20.48,14069.6,29076.57
000026.SZ,2001-07-17,20.48,20.48,19.61,20.29,12691.47,25484.54
000026.SZ,2001-07-18,20.2,20.47,19.6,20.29,5173.01,10454.18
000026.SZ,2001-07-19,20.28,20.6,19.75,20.13,8333.2,16830.55
000026.SZ,2001-07-20,20.18,20.6,19.8,20.56,9414.5,19146.38
000026.SZ,2001-07-23,20.5,21.08,20.5,21.01,12099.75,25264.42
000026.SZ,2001-07-24,21.0,21.15,20.6,20.99,8645.82,18136.62
000026.SZ,2001-07-25,20.98,21.15,20.71,21.03,12856.1,26979.96
000026.SZ,2001-07-26,21.0,21.0,20.6,20.95,10249.25,21388.07
000026.SZ,2001-07-27,20.6,20.8,19.6,20.0,14928.02,30043.89
000026.SZ,2001-07-30,20.0,20.0,18.0,18.58,13594.37,25531.73
000026.SZ,2001-07-31,17.9,19.06,17.83,18.54,16052.98,29835.34
000026.SZ,2001-08-01,18.7,19.08,18.5,19.0,9454.91,17912.06
000026.SZ,2001-08-02,19.24,19.24,18.4,18.83,6107.71,11433.12
000026.SZ,2001-08-03,18.97,19.25,18.85,19.22,15433.03,29553.57
000026.SZ,2001-08-06,19.2,19.5,18.42,18.85,11722.71,22204.58
000026.SZ,2001-08-07,18.8,18.9,18.5,18.82,9864.93,18517.94
000026.SZ,2001-08-08,18.9,18.9,18.58,18.66,4479.9,8389.92
000026.SZ,2001-08-09,18.6,18.95,18.55,18.77,10945.6,20517.21
000026.SZ,2001-08-10,18.8,19.35,18.8,19.35,14978.68,28669.85
000026.SZ,2001-08-13,19.3,19.5,18.87,19.48,14825.36,28744.17
000026.SZ,2001-08-14,19.5,19.5,18.95,19.16,3889.5,7460.7
000026.SZ,2001-08-15,19.25,19.3,18.89,19.2,2011.36,3849.4
000026.SZ,2001-08-16,19.2,19.25,18.95,19.0,4101.88,7829.28
000026.SZ,2001-08-17,19.0,19.2,18.95,19.09,2915.62,5557.59
000026.SZ,2001-08-20,19.1,19.42,19.0,19.41,7042.44,13543.56
000026.SZ,2001-08-21,19.15,19.58,19.1,19.57,5853.1,11398.54
000026.SZ,2001-08-22,19.5,19.64,19.2,19.31,10097.78,19602.6
000026.SZ,2001-08-23,19.3,19.68,19.03,19.57,5810.15,11289.55
000026.SZ,2001-08-24,19.35,19.69,19.28,19.47,2623.29,5120.27
000026.SZ,2001-08-27,19.3,19.35,18.6,18.98,3867.07,7345.5
000026.SZ,2001-08-28,18.51,18.85,18.3,18.8,3828.95,7130.08
000026.SZ,2001-08-29,18.6,19.15,18.6,18.99,5582.84,10587.85
000026.SZ,2001-08-30,18.86,19.38,18.5,19.25,5686.6,10836.84
000026.SZ,2001-08-31,19.15,19.2,18.8,19.0,1300.5,2466.04
000026.SZ,2001-09-03,18.9,19.4,18.8,18.95,921.9,1756.53
000026.SZ,2001-09-04,19.0,19.7,18.95,19.65,3630.2,7024.36
000026.SZ,2001-09-05,19.65,19.95,19.35,19.64,5699.9,11251.07
000026.SZ,2001-09-06,19.6,19.8,19.15,19.21,1308.5,2558.93
000026.SZ,2001-09-07,18.99,19.2,18.7,18.83,2550.92,4810.37
000026.SZ,2001-09-10,18.5,19.65,18.5,19.33,1805.5,3420.04
000026.SZ,2001-09-11,19.33,19.55,19.01,19.33,806.5,1554.57
000026.SZ,2001-09-12,18.99,18.99,18.5,18.89,2313.48,4332.47
000026.SZ,2001-09-13,19.25,19.25,18.68,18.99,431.18,814.85
000026.SZ,2001-09-14,18.63,19.19,18.6,18.72,2627.63,4955.43
000026.SZ,2001-09-17,18.61,18.7,18.35,18.42,1842.5,3401.18
000026.SZ,2001-09-18,18.35,19.0,18.35,18.96,4297.08,8097.26
000026.SZ,2001-09-19,18.51,19.16,18.5,19.13,5473.6,10392.64
000026.SZ,2001-09-20,19.38,19.45,18.7,18.72,1163.0,2212.34
000026.SZ,2001-09-21,18.82,19.02,18.7,19.0,1763.36,3339.18
000026.SZ,2001-09-24,19.0,19.0,18.75,18.98,1191.5,2251.17
000026.SZ,2001-09-25,18.85,19.3,18.75,19.04,1329.5,2524.65
000026.SZ,2001-09-26,19.25,19.25,18.7,18.95,825.69,1561.11
000026.SZ,2001-09-27,19.19,19.19,18.75,18.94,1011.3,1916.32
000026.SZ,2001-09-28,18.95,18.98,18.7,18.87,1594.0,2996.81
000026.SZ,2001-10-08,18.51,18.96,18.51,18.71,760.0,1422.32
000026.SZ,2001-10-09,18.5,18.7,18.28,18.48,2748.23,5067.85
000026.SZ,2001-10-10,18.45,18.6,17.75,18.43,7516.4,13650.64
000026.SZ,2001-10-11,18.1,18.4,17.7,18.21,2749.0,4980.56
000026.SZ,2001-10-12,18.12,18.12,17.31,17.91,3419.15,6061.32
000026.SZ,2001-10-15,17.75,18.1,17.4,17.43,1812.76,3196.49
000026.SZ,2001-10-16,17.29,17.6,16.9,17.05,3289.96,5632.86
000026.SZ,2001-10-17,17.0,17.18,16.65,16.88,4366.66,7380.67
000026.SZ,2001-10-18,16.6,16.8,15.86,15.98,8462.07,13674.39
000026.SZ,2001-10-19,15.97,16.0,14.38,14.84,9077.5,13754.7
000026.SZ,2001-10-22,14.84,14.88,13.9,14.86,3582.13,5125.73
000026.SZ,2001-10-23,16.35,16.35,15.56,16.35,13941.8,22707.15
000026.SZ,2001-10-24,16.38,16.7,16.0,16.28,5289.7,8615.9
000026.SZ,2001-10-25,16.2,16.35,15.5,15.71,3130.59,4973.63
000026.SZ,2001-10-26,15.55,16.01,15.0,16.0,4904.08,7598.29
000026.SZ,2001-10-29,15.9,16.5,15.7,16.5,5789.38,9339.81
000026.SZ,2001-10-30,16.3,16.85,16.3,16.69,4344.3,7218.79
000026.SZ,2001-10-31,16.75,16.79,16.03,16.76,5321.76,8769.33
000026.SZ,2001-11-01,16.76,16.9,16.32,16.62,6052.71,10086.7
000026.SZ,2001-11-02,16.55,16.9,16.45,16.8,7641.22,12740.54
000026.SZ,2001-11-05,16.8,17.25,16.4,16.78,3537.0,5952.14
000026.SZ,2001-11-06,16.55,16.85,16.1,16.3,2649.21,4361.31
000026.SZ,2001-11-07,16.35,16.4,15.5,15.89,3343.5,5311.58
000026.SZ,2001-11-08,15.65,16.08,15.45,16.0,4661.98,7400.49
000026.SZ,2001-11-09,15.92,16.59,15.7,16.5,3187.4,5209.01
000026.SZ,2001-11-12,16.5,16.65,16.3,16.54,1827.0,3018.46
000026.SZ,2001-11-13,16.5,16.7,16.26,16.45,1876.0,3087.9
000026.SZ,2001-11-14,16.46,16.79,16.31,16.58,2048.48,3397.94
000026.SZ,2001-11-15,16.63,16.8,16.42,16.54,757.3,1256.97
000026.SZ,2001-11-16,16.71,17.6,16.71,17.05,6788.87,11609.01
000026.SZ,2001-11-19,17.0,17.15,16.55,16.79,3591.82,6029.34
000026.SZ,2001-11-20,16.8,17.27,16.7,17.15,3646.5,6222.01
000026.SZ,2001-11-21,17.14,17.39,16.86,16.96,7498.61,12819.49
000026.SZ,2001-11-22,16.99,17.2,16.74,17.19,8037.18,13608.65
000026.SZ,2001-11-23,17.13,17.2,16.83,17.07,6865.42,11693.33
000026.SZ,2001-11-26,17.1,17.2,16.85,17.05,2671.0,4553.61
000026.SZ,2001-11-27,17.05,17.16,16.8,17.08,2465.15,4198.09
000026.SZ,2001-11-28,17.1,17.14,16.85,16.93,3122.04,5311.81
000026.SZ,2001-11-29,16.98,17.45,16.8,17.3,3656.33,6271.27
000026.SZ,2001-11-30,17.3,17.95,17.28,17.95,4530.75,7994.74
000026.SZ,2001-12-03,17.95,18.0,17.5,17.79,9820.09,17387.43
000026.SZ,2001-12-04,17.8,18.3,17.55,18.14,6649.9,12047.23
000026.SZ,2001-12-05,18.13,18.23,17.8,17.92,7955.0,14374.45
000026.SZ,2001-12-06,17.9,18.22,17.7,18.05,5550.69,10003.6
000026.SZ,2001-12-07,18.05,18.19,17.9,18.04,8053.0,14494.67
000026.SZ,2001-12-10,18.1,18.6,18.1,18.23,7256.0,13272.98
000026.SZ,2001-12-11,18.23,18.25,17.87,17.92,3917.0,7082.68
000026.SZ,2001-12-12,18.0,18.1,17.85,17.9,2889.49,5185.23
000026.SZ,2001-12-13,17.9,17.92,17.5,17.84,3940.06,6964.53
000026.SZ,2001-12-14,17.84,17.9,17.5,17.84,1991.3,3526.09
000026.SZ,2001-12-17,17.84,18.07,17.6,17.61,1432.68,2539.94
000026.SZ,2001-12-18,17.7,17.97,17.58,17.86,2398.56,4277.12
000026.SZ,2001-12-19,17.86,18.0,17.65,17.88,518.6,926.18
000026.SZ,2001-12-20,17.88,18.0,17.52,17.71,461.0,816.72
000026.SZ,2001-12-21,17.75,17.98,17.51,17.89,1007.0,1790.88
000026.SZ,2001-12-24,17.89,17.95,17.5,17.68,669.35,1178.45
000026.SZ,2001-12-25,17.68,17.78,17.22,17.5,1321.08,2311.19
000026.SZ,2001-12-26,17.5,17.59,16.95,17.55,3564.0,6161.37
000026.SZ,2001-12-27,17.55,17.6,17.01,17.4,1244.99,2166.45
000026.SZ,2001-12-28,17.3,17.49,16.9,17.44,813.15,1394.5
000026.SZ,2001-12-31,17.43,17.95,17.4,17.83,2291.0,4082.89
000026.SZ,2002-01-04,17.8,17.88,17.41,17.75,799.0,1416.2
000026.SZ,2002-01-07,17.7,17.78,17.5,17.69,828.0,1462.73
000026.SZ,2002-01-08,17.7,17.92,17.67,17.84,3524.66,6291.64
000026.SZ,2002-01-09,17.84,17.84,17.6,17.65,792.8,1406.72
000026.SZ,2002-01-10,17.68,17.89,17.3,17.89,1431.95,2530.19
000026.SZ,2002-01-11,17.85,17.85,17.0,17.72,1318.0,2271.7
000026.SZ,2002-01-14,17.5,17.5,17.1,17.28,865.0,1491.86
000026.SZ,2002-01-15,17.26,17.26,16.75,17.06,1111.0,1882.01
000026.SZ,2002-01-16,17.06,17.45,16.8,17.01,834.0,1415.82
000026.SZ,2002-01-17,17.13,17.13,16.21,16.57,1540.4,2558.63
000026.SZ,2002-01-18,16.56,17.0,15.9,16.8,2233.91,3740.79
000026.SZ,2002-01-21,16.8,16.8,16.15,16.48,364.07,598.81
000026.SZ,2002-01-22,16.48,17.0,16.48,16.72,844.0,1415.34
000026.SZ,2002-01-23,16.7,17.71,16.59,17.68,3144.55,5429.21
000026.SZ,2002-01-24,17.58,17.78,17.4,17.65,8370.0,14732.69
000026.SZ,2002-01-25,17.53,17.98,17.37,17.59,5145.0,9105.67
000026.SZ,2002-01-28,17.55,17.65,16.6,16.82,7395.0,12665.56
000026.SZ,2002-01-29,16.69,17.08,16.61,17.0,1291.0,2184.09
000026.SZ,2002-01-30,17.0,17.05,16.5,16.85,456.0,758.67
000026.SZ,2002-01-31,16.89,18.25,16.89,17.96,7979.06,14108.78
000026.SZ,2002-02-01,17.9,17.9,17.33,17.37,1242.0,2183.94
000026.SZ,2002-02-04,17.38,17.5,17.0,17.18,1411.0,2417.51
000026.SZ,2002-02-05,17.18,17.18,16.76,16.86,1200.51,2021.65
000026.SZ,2002-02-06,16.71,17.18,16.71,16.82,669.54,1130.02
000026.SZ,2002-02-07,16.8,16.98,16.6,16.84,580.05,972.6
000026.SZ,2002-02-08,16.89,16.99,16.69,16.93,979.46,1641.35
000026.SZ,2002-02-25,16.98,17.1,16.8,16.92,592.7,1004.27
000026.SZ,2002-02-26,16.75,17.23,16.6,17.15,2308.0,3906.89
000026.SZ,2002-02-27,17.08,17.65,16.9,17.46,4535.95,7854.61
000026.SZ,2002-02-28,17.5,17.51,17.18,17.41,2167.0,3764.66
000026.SZ,2002-03-01,17.55,17.55,17.01,17.3,1378.0,2387.6
000026.SZ,2002-03-04,17.35,17.5,17.01,17.27,2510.0,4324.58
000026.SZ,2002-03-05,17.22,17.48,17.09,17.3,1846.83,3197.81
000026.SZ,2002-03-06,17.32,18.25,17.18,17.79,10546.9,18739.34
000026.SZ,2002-03-07,17.82,18.2,17.71,17.81,4196.78,7530.96
000026.SZ,2002-03-08,17.88,18.5,17.6,18.19,4436.04,7989.61
000026.SZ,2002-03-11,18.23,18.23,17.73,17.92,3312.67,5931.46
000026.SZ,2002-03-12,18.0,18.1,17.46,17.56,3473.7,6119.83
000026.SZ,2002-03-13,17.5,17.69,17.18,17.2,1532.0,2668.17
000026.SZ,2002-03-14,17.18,17.55,17.17,17.47,3847.8,6667.47
000026.SZ,2002-03-15,17.3,17.54,17.2,17.22,812.65,1404.18
000026.SZ,2002-03-18,17.2,17.27,16.86,16.97,1008.8,1716.06
000026.SZ,2002-03-19,17.0,17.46,16.8,17.41,1781.74,3068.52
000026.SZ,2002-03-20,17.28,17.55,17.1,17.53,6233.4,10858.39
000026.SZ,2002-03-21,17.54,17.81,17.3,17.72,17651.0,30929.78
000026.SZ,2002-03-22,17.8,17.8,17.36,17.49,1640.0,2874.21
000026.SZ,2002-03-25,17.49,17.83,17.1,17.78,3557.43,6252.36
000026.SZ,2002-03-26,17.69,17.8,17.45,17.68,2580.0,4551.45
000026.SZ,2002-03-27,17.52,17.95,17.3,17.74,2933.0,5171.13
000026.SZ,2002-03-28,17.58,17.78,17.4,17.52,1677.95,2945.85
000026.SZ,2002-03-29,17.58,17.58,17.06,17.11,1741.83,3001.49
000026.SZ,2002-04-01,16.81,17.36,16.81,17.23,4117.8,7061.47
000026.SZ,2002-04-02,17.11,17.3,16.91,17.09,2055.48,3514.33
000026.SZ,2002-04-03,17.01,17.42,17.01,17.15,2764.0,4776.64
000026.SZ,2002-04-04,17.3,17.42,16.96,17.06,1341.5,2303.06
000026.SZ,2002-04-05,17.4,17.48,17.0,17.1,928.0,1589.55
000026.SZ,2002-04-08,17.07,17.2,16.9,17.13,2312.9,3938.57
000026.SZ,2002-04-09,16.91,17.29,16.91,17.2,666.45,1139.85
000026.SZ,2002-04-10,17.1,17.7,17.08,17.66,4062.94,7062.52
000026.SZ,2002-04-11,17.62,17.71,17.2,17.3,3937.34,6860.1
000026.SZ,2002-04-12,17.2,17.66,17.18,17.46,2639.11,4596.71
000026.SZ,2002-04-15,17.46,17.68,17.18,17.22,2022.4,3504.46
000026.SZ,2002-04-16,17.3,17.6,17.17,17.29,2228.13,3856.83
000026.SZ,2002-04-17,17.15,17.48,17.05,17.29,1795.0,3101.84
000026.SZ,2002-04-18,17.16,17.28,16.95,17.02,660.0,1125.25
000026.SZ,2002-04-19,17.01,17.26,16.9,17.2,844.47,1443.66
000026.SZ,2002-04-22,17.1,17.38,17.0,17.21,2899.0,4989.32
000026.SZ,2002-04-23,17.1,17.38,16.95,17.21,904.0,1548.31
000026.SZ,2002-04-24,17.1,17.38,16.95,17.21,2115.5,3624.16
000026.SZ,2002-04-25,17.08,17.3,16.98,17.24,1384.0,2367.8
000026.SZ,2002-04-26,17.15,17.65,17.12,17.43,3158.0,5535.45
000026.SZ,2002-04-29,17.48,17.59,17.07,17.33,18305.54,31619.29
000026.SZ,2002-04-30,17.3,17.88,17.28,17.88,10214.04,18048.88
000026.SZ,2002-05-08,17.77,17.95,17.7,17.85,4009.0,7147.72
000026.SZ,2002-05-09,17.88,17.88,16.69,16.73,8337.15,14320.11
000026.SZ,2002-05-10,16.75,17.22,16.0,16.06,16598.73,27185.18
000026.SZ,2002-05-13,16.1,16.58,16.01,16.42,5288.34,8587.85
000026.SZ,2002-05-14,16.58,16.58,16.12,16.36,1804.11,2964.74
000026.SZ,2002-05-15,16.47,16.58,16.34,16.35,2348.0,3866.64
000026.SZ,2002-05-16,16.45,16.88,16.1,16.31,2052.27,3338.27
000026.SZ,2002-05-17,16.3,16.63,16.3,16.45,2242.91,3691.63
000026.SZ,2002-05-20,16.31,16.48,16.15,16.48,2395.0,3913.68
000026.SZ,2002-05-21,16.5,17.18,16.45,16.91,7318.63,12289.8
000026.SZ,2002-05-23,16.6,17.15,16.6,16.7,1187.64,1997.98
000026.SZ,2002-05-24,16.68,16.7,16.31,16.51,1287.36,2121.58
000026.SZ,2002-05-27,16.4,16.85,16.2,16.48,709.57,1170.25
000026.SZ,2002-05-28,16.35,16.64,16.32,16.36,1011.0,1669.31
000026.SZ,2002-05-29,16.3,16.46,16.2,16.29,1019.0,1662.12
000026.SZ,2002-05-30,16.3,16.52,16.0,16.18,2479.36,4031.43
000026.SZ,2002-05-31,16.1,16.43,16.02,16.1,360.4,582.14
000026.SZ,2002-06-03,16.16,16.37,15.8,16.0,1072.7,1720.27
000026.SZ,2002-06-04,16.0,16.06,15.8,15.96,1743.0,2786.6
000026.SZ,2002-06-05,15.93,15.93,15.6,15.61,382.06,600.5
000026.SZ,2002-06-06,15.16,16.1,15.0,15.97,1196.4,1887.75
000026.SZ,2002-06-07,15.5,15.97,15.5,15.8,469.0,738.51
000026.SZ,2002-06-10,15.7,16.1,15.65,15.85,2046.36,3249.44
000026.SZ,2002-06-11,15.6,15.86,15.6,15.78,712.0,1123.95
000026.SZ,2002-06-12,15.8,16.6,15.76,15.81,3851.0,6228.33
000026.SZ,2002-06-13,16.08,16.08,15.23,15.43,779.0,1207.18
000026.SZ,2002-06-14,15.45,15.45,15.23,15.31,647.0,993.26
000026.SZ,2002-06-17,15.0,15.49,15.0,15.34,297.25,453.55
000026.SZ,2002-06-18,15.28,15.88,15.28,15.47,1799.0,2809.69
000026.SZ,2002-06-19,15.41,15.48,15.23,15.33,281.0,430.85
000026.SZ,2002-06-20,15.3,15.48,15.2,15.25,371.0,570.73
000026.SZ,2002-06-21,15.25,15.9,15.25,15.73,4425.7,6961.5
000026.SZ,2002-06-24,17.3,17.3,16.24,17.29,10949.03,18586.15
000026.SZ,2002-06-25,17.29,17.33,16.31,16.33,5427.0,9076.7
000026.SZ,2002-06-26,16.31,16.53,15.72,15.98,3408.5,5453.69
000026.SZ,2002-06-27,16.09,16.09,15.0,15.31,11782.08,18065.12
000026.SZ,2002-06-28,15.31,15.45,15.1,15.3,6531.46,9988.81
000026.SZ,2002-07-02,15.38,15.38,15.0,15.36,4508.17,6879.96
000026.SZ,2002-07-03,15.3,15.45,15.3,15.33,2674.0,4108.14
000026.SZ,2002-07-04,15.25,15.4,15.1,15.28,1717.11,2616.01
000026.SZ,2002-07-05,15.26,15.53,15.26,15.53,3127.5,4818.35
000026.SZ,2002-07-08,15.53,15.55,15.3,15.39,1499.04,2308.7
000026.SZ,2002-07-09,15.33,15.5,15.3,15.48,1210.0,1863.15
000026.SZ,2002-07-10,15.5,15.5,15.28,15.3,1076.27,1653.46
000026.SZ,2002-07-11,15.3,15.5,15.29,15.4,1397.0,2150.46
000026.SZ,2002-07-12,15.33,15.53,15.33,15.4,2076.5,3207.17
000026.SZ,2002-07-15,15.35,15.5,15.22,15.42,1689.6,2583.79
000026.SZ,2002-07-16,15.39,15.98,15.39,15.75,3820.5,6011.7
000026.SZ,2002-07-17,15.75,15.9,15.55,15.68,1395.5,2179.76
000026.SZ,2002-07-18,15.72,15.85,15.3,15.49,1401.45,2172.15
000026.SZ,2002-07-19,15.7,15.7,15.32,15.45,676.62,1043.46
000026.SZ,2002-07-22,15.5,15.5,15.25,15.33,1234.6,1898.22
000026.SZ,2002-07-23,15.29,15.5,15.25,15.31,1052.34,1612.1
000026.SZ,2002-07-24,15.48,15.61,15.25,15.3,1141.01,1760.54
000026.SZ,2002-07-25,15.3,15.55,15.27,15.35,1537.43,2368.14
000026.SZ,2002-07-26,15.35,15.7,15.31,15.69,2457.91,3826.79
000026.SZ,2002-07-29,15.68,15.8,15.5,15.67,1263.95,1978.47
000026.SZ,2002-07-30,15.63,15.7,15.48,15.68,920.01,1434.94
000026.SZ,2002-07-31,15.62,16.0,15.56,15.95,4672.87,7381.89
000026.SZ,2002-08-01,15.61,15.9,15.61,15.82,1839.1,2896.4
000026.SZ,2002-08-02,15.78,16.3,15.67,15.84,2186.09,3501.08
000026.SZ,2002-08-05,15.9,15.99,15.5,15.58,1630.6,2544.53
000026.SZ,2002-08-06,15.75,15.9,15.5,15.6,2768.0,4339.06
000026.SZ,2002-08-07,15.68,15.78,15.4,15.52,2209.64,3456.24
000026.SZ,2002-08-08,15.65,15.71,15.42,15.54,1330.05,2067.01
000026.SZ,2002-08-09,15.43,15.62,15.43,15.45,722.13,1121.42
000026.SZ,2002-08-12,15.4,15.66,15.33,15.36,2068.5,3194.9
000026.SZ,2002-08-13,15.35,15.9,15.35,15.82,6443.98,10116.76
000026.SZ,2002-08-14,15.77,15.95,15.7,15.88,5761.61,9119.79
000026.SZ,2002-08-15,15.83,16.03,15.8,15.92,10146.75,16139.29
000026.SZ,2002-08-16,15.88,15.95,15.64,15.88,8486.0,13426.96
000026.SZ,2002-08-19,15.82,16.03,15.66,15.81,4114.0,6510.28
000026.SZ,2002-08-20,15.98,15.98,15.68,15.78,1685.0,2654.88
000026.SZ,2002-08-21,15.77,16.2,15.68,16.17,4890.42,7780.46
000026.SZ,2002-08-22,16.1,16.28,15.95,16.17,3865.18,6226.09
000026.SZ,2002-08-23,16.28,16.28,16.03,16.13,1976.7,3181.94
000026.SZ,2002-08-26,16.12,16.12,15.85,15.85,4080.0,6521.27
000026.SZ,2002-08-27,15.9,16.08,15.8,15.97,2340.5,3734.49
000026.SZ,2002-08-28,16.08,16.08,15.8,15.82,1360.08,2161.85
000026.SZ,2002-08-29,15.84,16.03,15.75,15.83,2419.14,3847.3
000026.SZ,2002-08-30,15.8,16.37,15.75,16.36,4842.7,7795.73
000026.SZ,2002-09-02,16.34,16.36,16.05,16.28,4237.58,6872.36
000026.SZ,2002-09-03,16.27,16.52,16.23,16.26,3233.99,5279.99
000026.SZ,2002-09-04,16.2,16.49,16.18,16.39,4369.39,7129.63
000026.SZ,2002-09-05,16.4,16.46,16.34,16.44,4102.9,6725.67
000026.SZ,2002-09-06,16.4,16.54,16.38,16.49,6837.26,11251.09
000026.SZ,2002-09-09,16.55,16.61,16.36,16.5,3350.0,5520.84
000026.SZ,2002-09-10,16.52,16.58,16.26,16.48,4304.35,7057.97
000026.SZ,2002-09-11,16.5,16.65,16.35,16.59,7510.98,12377.25
000026.SZ,2002-09-12,16.56,16.7,16.46,16.61,4508.25,7469.45
000026.SZ,2002-09-13,16.66,16.95,15.9,16.89,5537.0,9236.86
000026.SZ,2002-09-16,16.76,16.99,16.28,16.54,4809.0,8045.0
000026.SZ,2002-09-17,16.61,16.99,16.5,16.6,3367.0,5623.52
000026.SZ,2002-09-18,16.5,16.75,16.4,16.53,1021.47,1696.08
000026.SZ,2002-09-19,16.5,16.75,16.44,16.6,2981.0,4951.22
000026.SZ,2002-09-20,16.55,16.73,16.45,16.52,1674.0,2781.87
000026.SZ,2002-09-23,16.5,16.66,16.3,16.33,2548.0,4207.03
000026.SZ,2002-09-24,16.35,17.0,15.9,16.78,4716.03,7875.87
000026.SZ,2002-09-25,16.75,16.75,16.2,16.4,5526.94,9109.39
000026.SZ,2002-09-26,16.48,16.51,16.25,16.47,4824.51,7937.35
000026.SZ,2002-09-27,16.42,16.72,16.42,16.56,2344.03,3880.21
000026.SZ,2002-10-08,16.5,16.52,16.1,16.37,3049.4,5010.92
000026.SZ,2002-10-09,16.2,16.3,15.91,16.19,733.43,1186.03
000026.SZ,2002-10-10,16.12,16.49,16.1,16.23,384.4,627.09
000026.SZ,2002-10-11,16.15,16.25,15.92,15.99,282.0,454.23
000026.SZ,2002-10-14,16.0,16.0,15.58,15.99,561.97,884.82
000026.SZ,2002-10-15,15.85,15.99,15.66,15.68,958.0,1514.15
000026.SZ,2002-10-16,15.7,15.8,15.55,15.57,658.0,1029.94
000026.SZ,2002-10-17,15.58,15.7,15.5,15.58,298.0,463.61
000026.SZ,2002-10-18,15.6,15.7,15.56,15.58,338.09,527.32
000026.SZ,2002-10-21,15.6,15.75,15.5,15.58,329.09,513.76
000026.SZ,2002-10-22,15.65,15.66,15.55,15.63,1522.0,2376.0
000026.SZ,2002-10-23,15.68,15.8,15.5,15.68,2179.4,3417.24
000026.SZ,2002-10-24,15.8,15.94,15.59,15.68,2746.0,4313.8
000026.SZ,2002-10-25,15.65,15.8,15.52,15.52,1023.0,1602.38
000026.SZ,2002-10-28,15.6,15.68,15.42,15.55,1467.0,2279.15
000026.SZ,2002-10-30,15.55,15.57,15.48,15.53,644.93,1001.16
000026.SZ,2002-10-31,15.55,15.66,15.5,15.54,394.0,613.46
000026.SZ,2002-11-01,15.5,15.83,15.48,15.68,388.0,607.95
000026.SZ,2002-11-04,15.6,15.92,15.6,15.77,471.0,742.98
000026.SZ,2002-11-05,15.8,15.99,15.6,15.85,10727.0,16810.95
000026.SZ,2002-11-06,15.75,16.0,15.52,15.84,13845.23,21767.57
000026.SZ,2002-11-07,15.8,16.0,15.68,15.78,3923.6,6189.21
000026.SZ,2002-11-08,15.83,15.83,15.45,15.55,3718.0,5820.31
000026.SZ,2002-11-11,15.48,15.6,15.36,15.43,5179.0,8024.33
000026.SZ,2002-11-12,15.3,15.5,15.1,15.38,4227.37,6513.08
000026.SZ,2002-11-13,15.38,15.88,15.2,15.78,6232.9,9623.75
000026.SZ,2002-11-14,15.99,15.99,15.43,15.61,2659.8,4168.48
000026.SZ,2002-11-15,15.55,15.8,15.41,15.75,5804.43,9009.57
000026.SZ,2002-11-18,15.68,15.87,15.46,15.79,2076.85,3247.99
000026.SZ,2002-11-19,15.82,16.08,15.15,16.06,1831.89,2890.81
000026.SZ,2002-11-20,16.0,16.0,15.3,15.77,2624.29,4117.75
000026.SZ,2002-11-21,15.68,16.28,15.5,15.78,5724.98,9127.75
000026.SZ,2002-11-22,15.62,15.95,15.49,15.91,2576.16,4041.75
000026.SZ,2002-11-25,15.88,16.0,15.66,15.88,1029.68,1633.09
000026.SZ,2002-11-26,15.8,15.9,15.6,15.68,1007.0,1584.75
000026.SZ,2002-11-27,15.75,15.84,15.59,15.68,1377.0,2174.72
000026.SZ,2002-11-28,16.4,16.4,15.68,15.88,2455.71,3971.12
000026.SZ,2002-11-29,15.9,16.5,15.79,16.4,4454.3,7177.53
000026.SZ,2002-12-02,16.2,16.33,16.0,16.32,2804.64,4556.19
000026.SZ,2002-12-03,16.2,16.5,16.1,16.46,2428.9,3971.38
000026.SZ,2002-12-04,16.49,16.74,16.34,16.45,975.88,1616.21
000026.SZ,2002-12-05,16.46,16.59,16.18,16.39,1514.0,2477.91
000026.SZ,2002-12-06,16.5,16.5,16.3,16.42,626.0,1026.17
000026.SZ,2002-12-09,16.4,16.5,16.34,16.37,616.88,1011.67
000026.SZ,2002-12-10,16.22,16.7,16.2,16.5,4560.0,7458.35
000026.SZ,2002-12-11,16.45,16.5,16.35,16.46,515.87,846.6
000026.SZ,2002-12-12,16.48,16.8,16.1,16.33,3998.51,6664.97
000026.SZ,2002-12-13,16.3,16.33,15.93,16.0,1359.01,2196.41
000026.SZ,2002-12-17,16.01,16.3,15.93,16.3,7930.0,12809.1
000026.SZ,2002-12-18,16.35,16.35,16.13,16.15,1176.0,1905.73
000026.SZ,2002-12-19,16.25,16.25,16.08,16.11,832.0,1343.87
000026.SZ,2002-12-20,16.12,16.5,16.06,16.46,2934.37,4776.3
000026.SZ,2002-12-23,16.55,16.57,16.37,16.38,476.0,784.07
000026.SZ,2002-12-24,16.4,16.43,16.15,16.28,1055.6,1722.62
000026.SZ,2002-12-25,16.35,16.5,16.2,16.3,5240.31,8565.19
000026.SZ,2002-12-26,16.28,16.48,15.28,16.15,1410.0,2299.22
000026.SZ,2002-12-27,16.0,16.3,16.0,16.07,723.04,1172.6
000026.SZ,2002-12-30,16.05,16.13,15.85,16.1,1120.3,1796.11
000026.SZ,2002-12-31,16.12,16.68,16.05,16.54,4110.0,6812.57
000026.SZ,2003-01-02,16.28,16.35,15.81,15.99,200.0,320.65
000026.SZ,2003-01-03,16.0,16.05,15.8,16.01,952.0,1522.07
000026.SZ,2003-01-06,16.02,16.3,15.99,16.26,468.6,757.53
000026.SZ,2003-01-07,16.28,16.48,16.0,16.26,596.0,964.62
000026.SZ,2003-01-08,16.1,16.38,16.0,16.37,772.5,1251.27
000026.SZ,2003-01-09,16.45,16.45,16.2,16.36,528.0,862.53
000026.SZ,2003-01-10,16.35,16.4,16.25,16.26,1056.81,1726.99
000026.SZ,2003-01-13,16.32,16.4,16.2,16.2,1562.0,2541.37
000026.SZ,2003-01-14,16.21,16.65,16.08,16.64,4517.27,7460.49
000026.SZ,2003-01-15,16.5,16.7,16.0,16.24,3613.0,5949.57
000026.SZ,2003-01-16,16.2,16.35,16.0,16.15,2763.0,4477.18
000026.SZ,2003-01-17,16.13,16.4,16.11,16.32,4695.0,7658.31
000026.SZ,2003-01-20,16.4,16.5,16.2,16.27,2382.95,3890.35
000026.SZ,2003-01-21,16.27,16.55,16.27,16.36,1778.08,2923.45
000026.SZ,2003-01-22,16.4,16.5,16.25,16.48,2445.5,4011.05
000026.SZ,2003-01-23,16.4,16.6,16.3,16.47,2451.5,4028.97
000026.SZ,2003-01-24,16.3,16.5,16.2,16.48,1562.01,2562.63
000026.SZ,2003-01-27,16.43,16.55,16.35,16.5,1572.0,2580.13
000026.SZ,2003-01-28,16.55,16.68,16.4,16.49,864.99,1426.61
000026.SZ,2003-01-29,16.42,16.67,16.4,16.63,1132.0,1871.32
000026.SZ,2003-02-10,16.6,16.68,16.38,16.52,1861.0,3070.81
000026.SZ,2003-02-11,16.58,16.58,16.35,16.44,763.0,1256.73
000026.SZ,2003-02-12,16.42,16.65,16.41,16.58,3434.8,5683.42
000026.SZ,2003-02-13,16.55,16.68,16.45,16.63,2004.11,3321.2
000026.SZ,2003-02-14,16.55,16.6,16.35,16.44,482.0,795.5
000026.SZ,2003-02-17,16.52,16.62,16.3,16.43,774.5,1276.31
000026.SZ,2003-02-18,16.4,16.58,16.37,16.4,556.3,913.21
000026.SZ,2003-02-19,16.4,16.77,16.3,16.4,343.0,563.83
000026.SZ,2003-02-20,16.48,16.48,16.2,16.35,479.5,783.64
000026.SZ,2003-02-21,16.4,16.46,16.0,16.1,731.0,1184.24
000026.SZ,2003-02-24,16.1,16.1,15.9,15.99,321.01,513.33
000026.SZ,2003-02-25,16.0,16.23,15.96,16.14,1392.73,2243.7
000026.SZ,2003-02-26,16.05,16.38,16.05,16.23,587.0,950.47
000026.SZ,2003-02-27,16.2,16.32,16.1,16.18,428.0,693.62
000026.SZ,2003-02-28,16.25,16.25,16.1,16.1,495.0,800.03
000026.SZ,2003-03-03,16.08,16.53,16.03,16.25,5444.49,8858.44
000026.SZ,2003-03-04,16.18,16.25,16.0,16.18,1386.0,2242.72
000026.SZ,2003-03-05,16.2,16.29,16.0,16.18,1458.0,2361.41
000026.SZ,2003-03-06,16.09,16.38,16.0,16.14,1700.0,2752.57
000026.SZ,2003-03-07,16.07,16.25,15.98,16.13,942.43,1517.23
000026.SZ,2003-03-10,16.08,16.24,16.08,16.16,2083.5,3365.3
000026.SZ,2003-03-11,16.12,16.4,16.12,16.4,1389.49,2254.51
000026.SZ,2003-03-12,16.5,16.5,16.2,16.36,2449.0,3989.18
000026.SZ,2003-03-13,16.39,16.4,16.1,16.25,1259.01,2044.62
000026.SZ,2003-03-14,16.2,16.26,16.1,16.17,1431.0,2321.12
000026.SZ,2003-03-17,15.26,15.89,14.88,15.06,10650.0,16222.79
000026.SZ,2003-03-18,14.97,14.97,14.0,14.24,8526.04,12151.96
000026.SZ,2003-03-19,14.22,14.38,14.11,14.23,7034.0,10010.27
000026.SZ,2003-03-20,14.25,14.4,14.08,14.19,4957.0,7024.17
000026.SZ,2003-03-21,14.27,14.27,14.03,14.18,5373.5,7606.2
000026.SZ,2003-03-24,14.1,14.36,14.0,14.25,5135.0,7279.05
000026.SZ,2003-03-25,14.16,14.3,14.08,14.23,4092.9,5805.58
000026.SZ,2003-03-26,14.2,14.34,14.1,14.26,4350.51,6184.75
000026.SZ,2003-03-27,14.22,14.36,14.13,14.2,4878.0,6956.1
000026.SZ,2003-03-28,14.15,14.35,14.01,14.23,4512.44,6404.52
000026.SZ,2003-03-31,14.22,14.32,14.1,14.17,3123.89,4445.21
000026.SZ,2003-04-01,14.18,14.35,14.1,14.11,2014.92,2856.76
000026.SZ,2003-04-02,14.25,14.25,14.06,14.08,2372.87,3349.68
000026.SZ,2003-04-03,14.16,14.21,14.04,14.04,2217.0,3128.17
000026.SZ,2003-04-04,14.05,14.24,14.02,14.19,3659.45,5169.34
000026.SZ,2003-04-07,14.17,14.2,14.01,14.11,2222.25,3137.53
000026.SZ,2003-04-08,14.28,14.28,13.65,13.67,2602.0,3641.35
000026.SZ,2003-04-09,13.7,14.0,12.5,12.71,7187.38,9287.54
000026.SZ,2003-04-10,12.67,12.77,12.01,12.42,5896.78,7267.67
000026.SZ,2003-04-11,12.4,12.59,12.12,12.5,9083.91,11256.72
000026.SZ,2003-04-14,12.5,12.57,12.28,12.38,3821.99,4727.29
000026.SZ,2003-04-15,12.42,12.9,12.3,12.8,9713.79,12272.0
000026.SZ,2003-04-16,12.8,12.9,12.48,12.58,7480.61,9473.82
000026.SZ,2003-04-17,12.6,12.6,12.28,12.37,4828.5,5975.17
000026.SZ,2003-04-18,12.44,12.48,12.12,12.3,4141.5,5082.79
000026.SZ,2003-04-21,12.3,12.47,12.2,12.43,5494.68,6763.56
000026.SZ,2003-04-22,12.55,12.55,12.19,12.35,4355.29,5388.63
000026.SZ,2003-04-23,12.32,12.45,12.18,12.28,2804.3,3454.01
000026.SZ,2003-04-24,12.3,12.33,11.69,11.79,1813.0,2176.08
000026.SZ,2003-04-25,11.8,12.15,11.79,11.83,2429.0,2900.44
000026.SZ,2003-04-28,11.8,11.99,11.7,11.88,1949.0,2305.73
000026.SZ,2003-04-29,11.85,11.89,11.5,11.54,1849.0,2166.52
000026.SZ,2003-04-30,11.55,11.66,11.4,11.55,2364.0,2726.78
000026.SZ,2003-05-12,11.65,11.65,11.45,11.56,1545.0,1781.0
000026.SZ,2003-05-13,11.5,11.5,10.9,11.06,1838.0,2039.35
000026.SZ,2003-05-14,11.0,11.26,10.9,11.1,2238.7,2492.24
000026.SZ,2003-05-15,11.1,11.8,11.1,11.3,2151.0,2445.05
000026.SZ,2003-05-16,11.5,12.0,11.32,11.53,2853.7,3312.24
000026.SZ,2003-05-19,11.51,11.72,11.43,11.48,1955.0,2255.68
000026.SZ,2003-05-20,11.48,11.65,11.3,11.43,3061.5,3516.15
000026.SZ,2003-05-21,11.45,11.5,11.2,11.27,2791.0,3167.27
000026.SZ,2003-05-22,11.21,11.32,11.13,11.18,1744.0,1956.7
000026.SZ,2003-05-26,11.12,11.18,10.85,11.15,2148.5,2361.9
000026.SZ,2003-05-27,11.08,11.4,11.04,11.39,4637.66,5199.78
000026.SZ,2003-05-28,11.41,11.47,11.28,11.3,2048.19,2327.5
000026.SZ,2003-05-29,11.28,11.7,11.26,11.69,4260.42,4898.06
000026.SZ,2003-05-30,11.74,12.0,11.54,11.96,4543.48,5359.65
000026.SZ,2003-06-02,11.98,11.99,11.8,11.85,3157.67,3753.82
000026.SZ,2003-06-03,11.93,12.1,11.77,11.79,3239.0,3857.9
000026.SZ,2003-06-04,11.71,11.9,11.68,11.74,2832.82,3332.74
000026.SZ,2003-06-05,11.73,11.95,11.7,11.78,6430.0,7605.84
000026.SZ,2003-06-06,11.72,11.99,11.6,11.98,8742.12,10332.49
000026.SZ,2003-06-09,11.88,12.65,11.88,12.62,19354.38,23938.61
000026.SZ,2003-06-10,12.62,12.62,12.31,12.49,9866.75,12295.95
000026.SZ,2003-06-11,12.53,12.6,12.22,12.45,8698.78,10804.45
000026.SZ,2003-06-12,12.49,12.55,12.3,12.43,7320.22,9071.68
000026.SZ,2003-06-13,12.38,12.69,12.38,12.67,8026.86,10084.72
000026.SZ,2003-06-16,12.68,12.85,12.34,12.59,7817.0,9818.26
000026.SZ,2003-06-17,12.5,12.55,12.21,12.24,4882.0,6056.69
000026.SZ,2003-06-18,12.2,12.46,12.1,12.39,5233.08,6436.18
000026.SZ,2003-06-19,12.28,12.49,12.08,12.25,4199.0,5163.63
000026.SZ,2003-06-20,12.17,12.24,11.6,11.73,5968.44,7097.42
000026.SZ,2003-06-23,11.68,11.8,11.53,11.72,3521.3,4104.61
000026.SZ,2003-06-24,11.66,11.88,11.6,11.8,3767.01,4426.29
000026.SZ,2003-06-25,11.77,11.97,11.72,11.91,3486.0,4134.13
000026.SZ,2003-06-26,11.98,12.0,11.67,11.8,2322.0,2751.52
000026.SZ,2003-06-27,11.75,11.94,11.55,11.6,3766.0,4426.42
000026.SZ,2003-06-30,11.6,11.85,11.38,11.8,4561.2,5259.7
000026.SZ,2003-07-01,11.6,12.5,11.6,11.6,3430.0,4152.82
000026.SZ,2003-07-02,11.71,11.79,11.48,11.74,3143.0,3672.96
000026.SZ,2003-07-03,11.7,11.85,11.64,11.81,3609.0,4244.04
000026.SZ,2003-07-04,11.75,11.93,11.6,11.63,3397.3,3995.09
000026.SZ,2003-07-07,11.63,11.8,11.51,11.68,3219.0,3764.19
000026.SZ,2003-07-08,11.65,11.8,11.61,11.77,3257.0,3818.81
000026.SZ,2003-07-09,11.88,11.91,11.7,11.78,3923.0,4616.79
000026.SZ,2003-07-10,11.75,11.9,11.7,11.73,2880.0,3397.92
000026.SZ,2003-07-11,11.7,12.05,11.66,12.02,5690.13,6748.93
000026.SZ,2003-07-14,11.98,12.12,11.91,12.0,2998.18,3605.33
000026.SZ,2003-07-15,11.95,12.13,11.93,11.98,2691.0,3230.09
000026.SZ,2003-07-16,12.03,12.35,12.02,12.35,5278.5,6442.43
000026.SZ,2003-07-17,12.4,12.5,12.21,12.34,2541.0,3137.34
000026.SZ,2003-07-18,12.38,12.4,11.85,11.85,1921.0,2345.34
000026.SZ,2003-07-21,11.82,12.02,11.7,11.73,1294.13,1535.24
000026.SZ,2003-07-22,11.76,11.92,11.5,11.51,1334.0,1560.04
000026.SZ,2003-07-23,11.51,12.1,11.5,11.78,2387.5,2793.75
000026.SZ,2003-07-24,11.75,12.07,11.75,11.8,1400.0,1667.13
000026.SZ,2003-07-25,11.8,11.93,11.1,11.42,7513.99,8505.99
000026.SZ,2003-07-28,11.24,11.8,10.93,11.47,8115.63,9104.79
000026.SZ,2003-07-29,11.42,11.55,11.3,11.44,2132.0,2434.07
000026.SZ,2003-07-30,11.46,11.7,11.46,11.55,1963.9,2281.58
000026.SZ,2003-07-31,11.51,11.75,11.48,11.63,1127.49,1308.42
000026.SZ,2003-08-01,11.6,11.7,11.5,11.67,1343.0,1560.58
000026.SZ,2003-08-04,11.65,11.99,11.65,11.98,1803.18,2133.28
000026.SZ,2003-08-05,12.1,12.29,11.81,11.96,1737.8,2082.58
000026.SZ,2003-08-06,11.92,12.05,11.84,11.89,1894.5,2259.44
000026.SZ,2003-08-07,11.85,12.08,11.8,11.89,2794.0,3344.81
000026.SZ,2003-08-08,11.88,12.05,11.61,11.69,1641.0,1945.9
000026.SZ,2003-08-11,11.7,11.8,11.51,11.78,2587.91,3028.27
000026.SZ,2003-08-12,11.77,12.0,11.7,11.7,2297.0,2727.67
000026.SZ,2003-08-13,11.7,11.85,11.67,11.77,1985.0,2333.16
000026.SZ,2003-08-14,11.7,11.82,11.7,11.77,2282.0,2681.69
000026.SZ,2003-08-15,11.75,11.8,11.63,11.68,1859.0,2179.21
000026.SZ,2003-08-18,11.66,11.8,11.6,11.74,991.0,1161.47
000026.SZ,2003-08-19,11.71,11.88,11.71,11.78,1597.0,1879.67
000026.SZ,2003-08-20,11.72,11.88,11.65,11.72,1322.0,1557.37
000026.SZ,2003-08-21,11.7,11.87,11.58,11.6,1525.0,1792.06
000026.SZ,2003-08-22,11.62,11.8,11.56,11.63,1837.0,2145.22
000026.SZ,2003-08-25,11.61,11.75,11.4,11.6,2352.0,2731.47
000026.SZ,2003-08-26,11.6,11.88,11.6,11.82,5401.08,6354.95
000026.SZ,2003-08-27,12.0,12.0,11.68,11.68,1495.0,1765.3
000026.SZ,2003-08-28,11.68,11.8,11.55,11.68,617.0,723.18
000026.SZ,2003-08-29,11.65,11.75,11.5,11.64,742.0,864.72
000026.SZ,2003-09-01,11.68,11.78,11.62,11.69,703.0,824.33
000026.SZ,2003-09-02,11.64,12.0,11.61,11.8,1586.0,1872.39
000026.SZ,2003-09-03,11.7,11.98,11.66,11.88,1674.0,1987.79
000026.SZ,2003-09-04,11.8,11.98,11.7,11.83,1300.2,1539.68
000026.SZ,2003-09-05,11.83,12.2,11.74,11.81,1348.0,1610.26
000026.SZ,2003-09-08,11.97,11.97,11.6,11.65,947.0,1106.1
000026.SZ,2003-09-09,11.65,11.83,11.4,11.53,508.0,590.23
000026.SZ,2003-09-10,11.55,11.69,11.0,11.52,1053.0,1201.79
000026.SZ,2003-09-11,11.5,11.61,11.4,11.47,982.47,1128.72
000026.SZ,2003-09-12,11.5,11.62,11.45,11.45,538.0,622.31
000026.SZ,2003-09-15,11.45,11.69,11.41,11.46,695.0,796.72
000026.SZ,2003-09-16,11.43,11.55,11.4,11.45,687.3,787.51
000026.SZ,2003-09-17,11.43,11.65,11.41,11.43,451.0,519.94
000026.SZ,2003-09-18,11.42,11.6,11.36,11.38,364.0,415.73
000026.SZ,2003-09-19,11.4,11.49,11.32,11.34,318.0,363.28
000026.SZ,2003-09-22,11.32,11.58,11.24,11.5,1361.5,1547.52
000026.SZ,2003-09-23,11.48,11.52,11.37,11.5,667.0,764.5
000026.SZ,2003-09-24,11.6,11.68,11.43,11.68,797.0,923.35
000026.SZ,2003-09-25,11.6,11.69,11.51,11.58,868.0,1008.55
000026.SZ,2003-09-26,11.65,11.65,11.45,11.47,357.0,411.04
000026.SZ,2003-09-29,11.45,11.58,11.33,11.33,264.0,302.13
000026.SZ,2003-09-30,11.3,11.48,11.3,11.42,377.0,430.59
000026.SZ,2003-10-08,12.01,12.01,11.27,11.44,624.0,720.43
000026.SZ,2003-10-09,11.44,11.46,11.28,11.35,413.0,470.45
000026.SZ,2003-10-10,11.33,11.59,11.28,11.55,518.0,592.23
000026.SZ,2003-10-13,11.48,11.57,11.43,11.49,306.01,351.77
000026.SZ,2003-10-14,11.52,11.52,11.36,11.42,384.92,440.89
000026.SZ,2003-10-15,11.4,11.58,11.3,11.5,953.0,1093.37
000026.SZ,2003-10-16,11.43,11.43,11.3,11.39,265.9,302.72
000026.SZ,2003-10-17,11.38,11.45,11.2,11.3,258.0,293.8
000026.SZ,2003-10-20,11.28,11.88,11.28,11.43,356.0,408.1
000026.SZ,2003-10-21,11.4,11.49,11.31,11.4,280.0,319.61
000026.SZ,2003-10-22,11.56,11.7,11.33,11.6,889.0,1027.21
000026.SZ,2003-10-23,11.6,11.68,11.48,11.55,216.0,250.6
000026.SZ,2003-10-24,11.5,11.55,11.46,11.52,276.0,317.29
000026.SZ,2003-10-27,11.55,11.56,11.3,11.39,2492.0,2842.92
000026.SZ,2003-10-28,11.38,11.5,11.17,11.26,2207.0,2512.04
000026.SZ,2003-10-29,11.3,11.42,11.08,11.12,1184.0,1338.79
000026.SZ,2003-10-30,11.18,11.38,10.6,10.88,544.0,597.51
000026.SZ,2003-10-31,10.82,11.4,10.5,11.23,1257.0,1390.8
000026.SZ,2003-11-03,10.93,10.95,10.76,10.89,1891.0,2055.26
000026.SZ,2003-11-04,10.85,11.0,10.75,10.88,219.0,238.03
000026.SZ,2003-11-05,10.76,10.88,10.5,10.65,183.0,195.8
000026.SZ,2003-11-06,10.66,10.66,9.94,9.95,709.0,718.68
000026.SZ,2003-11-07,10.0,10.1,9.6,9.77,136.61,134.01
000026.SZ,2003-11-10,10.0,10.0,9.39,9.58,255.0,246.41
000026.SZ,2003-11-11,9.58,9.65,9.0,9.35,382.0,361.14
000026.SZ,2003-11-12,9.35,9.37,9.15,9.18,2047.0,1898.45
000026.SZ,2003-11-13,9.18,9.48,9.16,9.29,398.86,370.17
000026.SZ,2003-11-14,9.26,9.45,9.25,9.3,265.0,247.51
000026.SZ,2003-11-17,9.28,9.32,9.2,9.22,177.0,163.92
000026.SZ,2003-11-18,9.25,9.25,9.0,9.18,200.3,183.94
000026.SZ,2003-11-19,9.18,9.5,9.18,9.28,275.0,256.02
000026.SZ,2003-11-20,9.28,9.8,9.25,9.8,1765.5,1682.18
000026.SZ,2003-11-21,9.73,10.11,9.49,9.68,802.0,791.23
000026.SZ,2003-11-24,9.68,10.08,9.66,10.06,1776.0,1764.81
000026.SZ,2003-11-25,10.06,10.95,10.0,10.35,1066.0,1102.1
000026.SZ,2003-11-26,10.48,10.48,10.0,10.27,2524.0,2602.32
000026.SZ,2003-11-27,10.23,10.5,10.1,10.24,2707.0,2794.35
000026.SZ,2003-11-28,10.22,10.29,10.16,10.21,1605.0,1643.36
000026.SZ,2003-12-01,10.2,10.7,10.16,10.36,551.0,570.61
000026.SZ,2003-12-02,10.42,10.42,10.1,10.16,533.08,545.49
000026.SZ,2003-12-03,10.18,10.31,10.0,10.28,558.5,567.7
000026.SZ,2003-12-04,10.25,10.25,9.98,10.13,5670.0,5726.62
000026.SZ,2003-12-05,10.1,10.13,9.9,10.1,301.0,303.15
000026.SZ,2003-12-08,10.11,10.16,9.92,10.05,146.0,146.74
000026.SZ,2003-12-09,10.06,10.06,10.0,10.05,282.0,282.96
000026.SZ,2003-12-10,10.08,10.08,9.94,10.04,1498.0,1504.03
000026.SZ,2003-12-11,10.06,10.06,9.8,9.91,2291.4,2281.35
000026.SZ,2003-12-12,9.89,9.89,9.5,9.85,1792.0,1751.33
000026.SZ,2003-12-15,9.88,10.05,9.82,9.97,3531.0,3511.13
000026.SZ,2003-12-16,9.93,10.18,9.88,10.08,5540.0,5550.51
000026.SZ,2003-12-17,10.06,10.15,9.92,10.06,5225.0,5252.27
000026.SZ,2003-12-18,10.01,10.09,9.97,10.05,6035.0,6065.74
000026.SZ,2003-12-19,10.02,10.15,9.5,9.85,5859.0,5813.94
000026.SZ,2003-12-22,9.88,9.9,9.6,9.75,4271.0,4176.0
000026.SZ,2003-12-23,9.75,10.17,9.75,9.88,5684.0,5647.2
000026.SZ,2003-12-24,9.88,10.03,9.73,9.83,640.0,635.4
000026.SZ,2003-12-25,9.82,10.3,9.82,10.16,15092.7,15111.59
000026.SZ,2003-12-26,10.02,10.51,9.9,10.3,37349.0,38106.31
000026.SZ,2003-12-29,10.25,10.71,10.03,10.45,52326.5,54207.87
000026.SZ,2003-12-30,10.2,10.39,9.85,10.12,59560.88,60273.09
000026.SZ,2003-12-31,10.0,10.0,9.68,9.79,6665.99,6514.54
000026.SZ,2004-01-02,9.9,9.9,9.29,9.45,1632.0,1560.98
000026.SZ,2004-01-05,9.45,9.49,9.1,9.18,1427.0,1325.96
000026.SZ,2004-01-06,9.2,9.44,9.1,9.28,1076.63,993.05
000026.SZ,2004-01-07,9.26,9.32,9.11,9.18,889.0,819.79
000026.SZ,2004-01-08,9.18,9.5,9.18,9.36,1526.49,1426.74
000026.SZ,2004-01-09,9.3,9.8,9.3,9.56,3056.59,2910.07
000026.SZ,2004-01-12,9.62,9.78,9.3,9.4,823.0,779.3
000026.SZ,2004-01-13,9.38,9.65,9.35,9.45,758.35,714.65
000026.SZ,2004-01-14,9.45,9.55,9.32,9.47,1338.67,1264.41
000026.SZ,2004-01-15,9.46,9.5,9.25,9.41,667.0,628.69
000026.SZ,2004-01-16,9.38,9.47,9.26,9.35,1271.0,1195.77
000026.SZ,2004-01-29,9.38,9.48,9.27,9.42,1294.0,1217.87
000026.SZ,2004-01-30,9.4,9.73,9.38,9.67,3739.92,3586.18
000026.SZ,2004-02-02,9.73,9.98,9.68,9.96,4355.64,4288.43
000026.SZ,2004-02-03,10.16,10.16,9.75,10.0,4082.11,4049.64
000026.SZ,2004-02-04,9.9,10.4,9.9,10.34,10383.68,10598.05
000026.SZ,2004-02-05,10.29,10.39,10.15,10.34,5028.06,5164.25
000026.SZ,2004-02-06,10.37,10.59,10.13,10.48,8348.11,8686.52
000026.SZ,2004-02-09,10.5,10.89,10.42,10.69,7537.49,8031.44
000026.SZ,2004-02-10,10.73,11.0,10.38,10.88,20075.24,21698.17
000026.SZ,2004-02-11,10.88,10.9,10.48,10.73,10458.9,11140.16
000026.SZ,2004-02-12,10.73,10.74,10.36,10.5,5300.07,5553.97
000026.SZ,2004-02-13,10.5,10.63,10.3,10.34,3217.77,3345.76
000026.SZ,2004-02-16,10.3,10.5,10.22,10.46,3910.95,4044.83
000026.SZ,2004-02-17,10.38,10.58,10.33,10.41,4912.57,5139.8
000026.SZ,2004-02-18,10.4,10.67,10.32,10.63,7465.58,7826.79
000026.SZ,2004-02-19,10.6,10.74,10.5,10.69,6460.4,6834.47
000026.SZ,2004-02-20,10.69,10.72,10.52,10.69,6734.41,7158.29
000026.SZ,2004-02-23,10.71,11.38,10.7,11.1,21483.68,23667.33
000026.SZ,2004-02-24,11.05,11.08,10.68,10.88,8314.14,9054.3
000026.SZ,2004-02-25,10.81,11.0,10.47,10.58,5107.0,5495.97
000026.SZ,2004-02-26,10.52,10.65,10.15,10.21,4609.0,4757.21
000026.SZ,2004-02-27,10.19,10.29,10.1,10.26,5518.0,5621.6
000026.SZ,2004-03-01,10.24,10.6,10.2,10.42,3515.7,3652.42
000026.SZ,2004-03-02,10.4,10.6,10.17,10.28,2394.0,2469.56
000026.SZ,2004-03-03,10.33,10.36,10.11,10.18,3132.0,3211.01
000026.SZ,2004-03-04,10.16,10.57,10.05,10.18,3103.21,3173.33
000026.SZ,2004-03-05,10.18,10.28,9.98,10.11,3801.0,3845.3
000026.SZ,2004-03-08,10.11,10.15,9.75,9.84,2813.57,2794.17
000026.SZ,2004-03-09,9.84,10.0,9.74,9.93,3177.0,3115.17
000026.SZ,2004-03-10,10.05,10.7,9.98,10.23,2851.88,2920.18
000026.SZ,2004-03-11,10.18,10.39,10.0,10.11,2619.88,2652.73
000026.SZ,2004-03-12,10.11,10.19,10.01,10.09,1582.0,1597.48
000026.SZ,2004-03-15,10.08,10.14,9.99,10.09,2405.76,2414.06
000026.SZ,2004-03-16,10.07,10.14,10.01,10.06,2081.21,2093.74
000026.SZ,2004-03-17,10.1,10.27,10.07,10.26,4793.85,4873.58
000026.SZ,2004-03-18,10.25,10.26,10.0,10.1,1714.0,1738.55
000026.SZ,2004-03-19,10.1,10.2,10.01,10.16,2149.0,2165.15
000026.SZ,2004-03-22,10.15,10.18,10.02,10.09,2047.0,2058.39
000026.SZ,2004-03-23,10.1,10.14,10.01,10.07,2270.91,2286.46
000026.SZ,2004-03-24,10.07,10.11,9.98,10.09,3060.0,3071.78
000026.SZ,2004-03-25,10.14,10.14,10.02,10.1,1742.81,1755.0
000026.SZ,2004-03-26,10.11,10.11,9.95,10.04,1836.52,1838.33
000026.SZ,2004-03-29,10.1,10.11,9.97,9.97,2495.55,2500.61
000026.SZ,2004-03-30,9.97,10.04,9.76,9.9,1360.16,1339.8
000026.SZ,2004-03-31,10.08,10.12,9.88,10.03,2525.15,2528.79
000026.SZ,2004-04-01,10.05,10.1,9.96,10.05,1660.09,1663.9
000026.SZ,2004-04-02,10.08,10.1,9.98,10.04,5064.49,5091.46
000026.SZ,2004-04-05,10.13,10.18,10.0,10.16,9085.37,9168.01
000026.SZ,2004-04-06,10.2,10.59,10.2,10.49,7655.28,8019.68
000026.SZ,2004-04-07,10.49,10.49,10.25,10.39,4338.62,4480.38
000026.SZ,2004-04-08,10.2,10.2,10.02,10.13,3212.01,3243.04
000026.SZ,2004-04-09,10.01,10.5,10.01,10.37,11343.27,11654.15
000026.SZ,2004-04-12,10.46,10.89,10.31,10.88,19095.77,20269.71
000026.SZ,2004-04-13,11.18,11.89,11.0,11.04,51964.78,58668.96
000026.SZ,2004-04-14,11.0,11.0,10.03,10.32,8776.26,9164.74
000026.SZ,2004-04-15,10.3,10.45,10.05,10.1,3357.0,3432.38
000026.SZ,2004-04-16,10.0,10.23,9.65,9.83,10850.54,10729.5
000026.SZ,2004-04-19,9.7,9.85,9.36,9.74,8286.35,7935.19
000026.SZ,2004-04-20,9.74,9.74,9.3,9.35,3167.32,2990.56
000026.SZ,2004-04-21,9.36,9.45,9.25,9.33,2410.0,2252.99
000026.SZ,2004-04-22,9.33,9.54,9.27,9.46,1892.63,1765.11
000026.SZ,2004-04-23,9.41,9.41,9.13,9.19,3603.0,3319.66
000026.SZ,2004-04-26,9.19,9.27,8.98,9.04,2551.85,2307.78
000026.SZ,2004-04-27,9.1,9.26,8.98,9.07,7131.9,6469.14
000026.SZ,2004-04-28,9.08,9.08,8.7,9.03,2722.3,2417.07
000026.SZ,2004-04-29,9.02,9.13,8.85,9.04,1765.79,1592.94
000026.SZ,2004-04-30,9.38,9.38,8.95,9.09,1116.0,1009.88
000026.SZ,2004-05-10,9.22,9.22,8.85,9.02,1006.0,898.4
000026.SZ,2004-05-11,9.02,9.05,8.95,8.99,593.0,532.56
000026.SZ,2004-05-12,9.02,9.14,9.0,9.12,2459.01,2231.25
000026.SZ,2004-05-13,9.15,9.18,8.9,9.11,4734.0,4317.55
000026.SZ,2004-05-14,9.11,9.11,8.95,9.05,1288.16,1161.35
000026.SZ,2004-05-17,9.05,9.05,8.88,8.9,1199.3,1074.69
000026.SZ,2004-05-18,8.91,9.0,8.8,8.93,924.1,822.03
000026.SZ,2004-05-19,8.95,9.04,8.81,8.98,1390.95,1241.24
000026.SZ,2004-05-20,9.0,9.0,8.76,8.84,2783.95,2454.91
000026.SZ,2004-05-21,8.84,8.88,8.7,8.85,1825.61,1601.52
000026.SZ,2004-05-24,8.86,9.38,8.83,8.91,3172.94,2888.29
000026.SZ,2004-05-25,8.93,8.95,8.8,8.91,643.0,568.69
000026.SZ,2004-05-26,8.95,8.95,8.74,8.88,463.0,409.61
000026.SZ,2004-05-27,8.88,9.0,8.75,8.96,1959.78,1741.61
000026.SZ,2004-05-28,8.96,8.99,8.8,8.84,1109.54,985.35
000026.SZ,2004-05-31,8.88,9.04,8.86,8.97,7123.1,6374.21
000026.SZ,2004-06-01,8.97,9.18,8.97,9.12,7904.0,7176.41
000026.SZ,2004-06-02,9.13,9.2,9.02,9.09,2129.0,1938.18
000026.SZ,2004-06-03,9.08,9.12,8.75,8.93,1879.0,1669.18
000026.SZ,2004-06-04,8.92,8.94,8.8,8.93,1360.54,1206.2
000026.SZ,2004-06-07,8.88,8.92,8.8,8.88,817.0,721.17
000026.SZ,2004-06-08,8.87,8.87,8.7,8.71,1315.0,1149.5
000026.SZ,2004-06-09,8.7,8.9,8.4,8.52,3300.5,2867.3
000026.SZ,2004-06-10,8.58,8.6,8.34,8.45,1624.86,1370.85
000026.SZ,2004-06-11,8.5,8.85,8.49,8.64,3509.64,3035.1
000026.SZ,2004-06-14,8.61,8.77,8.4,8.54,5515.0,4770.23
000026.SZ,2004-06-15,8.55,8.63,8.31,8.46,731.52,613.9
000026.SZ,2004-06-16,8.48,8.48,8.32,8.4,449.76,376.72
000026.SZ,2004-06-17,8.42,8.48,8.22,8.23,633.0,526.1
000026.SZ,2004-06-18,8.3,8.3,7.8,7.93,965.0,777.73
000026.SZ,2004-06-21,7.92,7.92,7.3,7.46,1764.17,1318.43
000026.SZ,2004-06-22,7.43,7.69,7.06,7.64,2626.16,1929.3
000026.SZ,2004-06-23,7.6,7.6,7.3,7.46,1324.58,978.87
000026.SZ,2004-06-24,7.45,7.52,7.25,7.3,871.85,639.27
000026.SZ,2004-06-25,7.35,7.36,7.18,7.2,1156.0,841.66
000026.SZ,2004-06-28,7.2,7.2,6.6,6.83,2903.0,1985.31
000026.SZ,2004-06-29,6.88,6.98,6.45,6.97,14595.31,9710.36
000026.SZ,2004-06-30,6.9,7.2,6.65,7.04,14069.0,9593.48
000026.SZ,2004-07-01,6.92,7.3,6.85,7.19,5947.0,4240.72
000026.SZ,2004-07-02,7.15,7.28,6.85,7.11,1552.0,1084.15
000026.SZ,2004-07-05,7.0,7.05,6.72,6.94,873.5,600.32
000026.SZ,2004-07-06,6.94,7.15,6.9,7.09,1513.64,1066.66
000026.SZ,2004-07-07,7.07,7.07,6.8,6.91,930.95,648.29
000026.SZ,2004-07-08,6.89,7.0,6.77,6.8,764.5,522.88
000026.SZ,2004-07-09,6.82,6.82,6.61,6.68,1200.1,808.62
000026.SZ,2004-07-12,6.45,6.46,6.01,6.1,3841.01,2339.47
000026.SZ,2004-07-13,6.08,6.08,5.86,5.96,2197.0,1303.13
000026.SZ,2004-07-14,5.9,6.02,5.8,5.87,1294.2,760.52
000026.SZ,2004-07-15,5.88,6.06,5.82,5.93,1568.99,928.09
000026.SZ,2004-07-16,5.95,6.27,5.91,6.19,3302.9,2014.27
000026.SZ,2004-07-19,6.18,6.23,6.04,6.13,1991.9,1218.32
000026.SZ,2004-07-20,6.1,6.2,6.05,6.11,1972.03,1203.21
000026.SZ,2004-07-21,6.1,6.25,6.01,6.08,1659.2,1018.66
000026.SZ,2004-07-22,6.05,6.1,5.79,5.94,1816.0,1076.01
000026.SZ,2004-07-23,5.93,5.95,5.8,5.88,597.0,349.73
000026.SZ,2004-07-26,5.88,5.92,5.78,5.84,848.1,495.39
000026.SZ,2004-07-27,5.85,5.96,5.72,5.81,582.0,340.49
000026.SZ,2004-07-28,5.83,6.3,5.81,6.15,17308.16,10390.51
000026.SZ,2004-07-29,6.15,6.44,6.1,6.29,17435.4,10909.8
000026.SZ,2004-07-30,6.3,6.32,6.05,6.06,2758.89,1693.48
000026.SZ,2004-08-02,6.06,6.06,5.8,5.83,2011.65,1179.94
000026.SZ,2004-08-03,5.84,6.25,5.81,6.04,8805.0,5286.19
000026.SZ,2004-08-04,6.02,6.3,6.0,6.1,11348.65,6996.47
000026.SZ,2004-08-05,6.08,6.28,6.07,6.19,8659.93,5364.83
000026.SZ,2004-08-06,6.15,6.29,6.05,6.09,2906.11,1786.44
000026.SZ,2004-08-09,6.0,6.17,5.91,6.02,1898.89,1148.93
000026.SZ,2004-08-10,6.0,6.0,5.7,5.88,4021.51,2345.77
000026.SZ,2004-08-11,5.88,5.9,5.79,5.88,1490.0,870.32
000026.SZ,2004-08-12,5.85,5.88,5.72,5.78,1439.81,832.25
000026.SZ,2004-08-13,5.8,5.82,5.71,5.78,742.0,427.88
000026.SZ,2004-08-16,5.8,5.8,5.2,5.38,4658.31,2490.03
000026.SZ,2004-08-17,5.35,5.42,5.27,5.33,1970.31,1050.96
000026.SZ,2004-08-18,5.4,5.42,5.2,5.31,1560.0,831.14
000026.SZ,2004-08-19,5.31,5.32,5.09,5.17,1349.0,707.07
000026.SZ,2004-08-20,5.17,5.22,5.07,5.14,737.0,379.2
000026.SZ,2004-08-23,5.12,5.28,5.09,5.19,640.1,329.49
000026.SZ,2004-08-24,5.16,5.38,5.08,5.35,1635.0,861.87
000026.SZ,2004-08-25,5.33,5.45,5.3,5.43,1263.5,679.06
000026.SZ,2004-08-26,5.4,5.5,5.21,5.3,578.76,311.02
000026.SZ,2004-08-27,5.28,5.57,5.2,5.37,4789.65,2588.24
000026.SZ,2004-08-30,5.29,5.43,5.28,5.36,245.0,131.76
000026.SZ,2004-08-31,5.5,5.68,5.37,5.47,1321.25,722.49
000026.SZ,2004-09-01,5.41,5.42,5.31,5.37,395.81,212.05
000026.SZ,2004-09-02,5.33,5.45,5.2,5.45,1054.0,561.94
000026.SZ,2004-09-03,5.45,5.53,5.32,5.52,3229.65,1754.34
000026.SZ,2004-09-06,5.48,5.5,5.38,5.42,719.88,389.99
000026.SZ,2004-09-07,5.4,5.48,5.28,5.42,863.0,460.8
000026.SZ,2004-09-08,5.38,5.45,5.3,5.4,583.5,314.4
000026.SZ,2004-09-09,5.38,5.38,5.18,5.3,750.0,396.91
000026.SZ,2004-09-10,5.28,5.29,5.13,5.23,339.0,177.05
000026.SZ,2004-09-13,5.25,5.25,4.92,5.02,1029.0,524.62
000026.SZ,2004-09-14,5.08,5.27,5.08,5.14,1377.32,708.34
000026.SZ,2004-09-15,5.15,5.65,5.11,5.65,7823.41,4311.13
000026.SZ,2004-09-16,5.88,5.95,5.48,5.72,6957.56,3930.13
000026.SZ,2004-09-17,5.71,6.22,5.58,6.07,11547.55,6842.85
000026.SZ,2004-09-20,6.07,6.38,5.96,6.32,9255.62,5712.69
000026.SZ,2004-09-21,6.32,6.63,6.18,6.4,8053.24,5151.24
000026.SZ,2004-09-22,6.42,6.42,6.09,6.11,4052.0,2509.58
000026.SZ,2004-09-23,6.12,6.16,5.91,6.15,3251.79,1972.34
000026.SZ,2004-09-24,6.15,6.18,5.9,5.96,6419.76,3901.98
000026.SZ,2004-09-27,5.96,6.05,5.65,5.69,3411.45,1971.53
000026.SZ,2004-09-28,5.69,5.81,5.62,5.67,990.0,563.51
000026.SZ,2004-09-29,5.68,5.69,5.55,5.62,1109.0,620.71
000026.SZ,2004-09-30,5.62,5.75,5.06,5.15,4313.0,2257.13
000026.SZ,2004-10-08,5.15,5.27,5.1,5.26,1903.9,984.36
000026.SZ,2004-10-11,5.28,5.3,5.1,5.22,3831.54,2000.07
000026.SZ,2004-10-12,5.18,5.19,5.06,5.12,1325.0,677.27
000026.SZ,2004-10-13,5.16,5.16,5.03,5.14,1974.14,1004.6
000026.SZ,2004-10-14,5.2,5.2,4.83,4.85,2640.01,1326.58
000026.SZ,2004-10-15,4.95,4.95,4.8,4.89,2381.98,1160.75
000026.SZ,2004-10-18,5.29,5.38,5.21,5.38,2772.17,1485.15
000026.SZ,2004-10-19,5.6,5.92,5.55,5.92,17886.7,10407.46
000026.SZ,2004-10-20,5.9,6.51,5.5,6.24,30205.14,18021.25
000026.SZ,2004-10-21,5.98,6.25,5.85,6.01,17693.98,10719.35
000026.SZ,2004-10-22,5.85,6.02,5.65,5.81,12993.85,7567.0
000026.SZ,2004-10-25,5.79,6.0,5.66,5.79,10163.9,5909.31
000026.SZ,2004-10-26,5.68,5.8,5.21,5.21,10480.4,5598.83
000026.SZ,2004-10-27,5.05,5.51,5.01,5.36,24773.66,13010.88
000026.SZ,2004-10-28,5.46,5.9,5.45,5.9,8075.46,4690.15
000026.SZ,2004-10-29,5.99,6.2,5.6,6.1,27840.02,16754.73
000026.SZ,2004-11-01,5.98,6.08,5.65,5.87,8829.73,5141.92
000026.SZ,2004-11-02,5.72,6.1,5.68,6.1,9931.24,5841.72
000026.SZ,2004-11-03,6.05,6.4,5.91,6.23,14808.6,9145.53
000026.SZ,2004-11-04,6.25,6.37,5.91,6.0,8539.77,5193.72
000026.SZ,2004-11-05,5.96,6.02,5.84,5.88,5643.83,3333.93
000026.SZ,2004-11-08,5.87,6.07,5.73,6.02,6217.54,3690.65
000026.SZ,2004-11-09,6.02,6.06,5.87,6.04,7397.89,4429.48
000026.SZ,2004-11-10,6.0,6.45,5.89,6.34,18111.7,11280.73
000026.SZ,2004-11-11,6.38,6.84,6.22,6.38,24828.58,16134.32
000026.SZ,2004-11-12,6.38,7.02,6.37,7.02,61408.1,41590.85
000026.SZ,2004-11-15,7.0,7.0,6.7,6.92,19298.98,13222.63
000026.SZ,2004-11-16,6.88,7.6,6.78,7.21,33036.91,23977.8
000026.SZ,2004-11-17,7.2,7.48,7.07,7.3,29826.84,21689.83
000026.SZ,2004-11-18,7.3,7.4,7.13,7.32,27241.86,19805.95
000026.SZ,2004-11-19,7.38,7.5,7.18,7.29,17844.33,12999.98
000026.SZ,2004-11-22,7.36,7.4,7.2,7.38,21886.13,15884.92
000026.SZ,2004-11-23,7.38,7.44,7.24,7.35,13304.03,9740.42
000026.SZ,2004-11-24,7.35,7.37,6.81,7.03,21298.42,15170.86
000026.SZ,2004-11-25,7.05,7.14,6.35,6.68,16951.48,11480.76
000026.SZ,2004-11-26,6.68,6.9,6.66,6.83,8165.54,5537.72
000026.SZ,2004-11-29,6.7,6.89,6.61,6.74,6359.74,4303.31
000026.SZ,2004-11-30,6.76,6.87,6.66,6.79,6685.1,4514.42
000026.SZ,2004-12-01,6.78,6.83,6.65,6.68,6721.53,4513.26
000026.SZ,2004-12-02,6.67,6.7,6.35,6.47,9694.29,6259.65
000026.SZ,2004-12-03,6.47,6.72,6.36,6.7,9525.24,6242.31
000026.SZ,2004-12-06,6.67,6.7,6.42,6.53,4798.35,3138.7
000026.SZ,2004-12-07,6.55,7.14,6.5,6.99,17956.79,12377.38
000026.SZ,2004-12-08,6.91,7.0,6.74,6.9,7108.05,4886.3
000026.SZ,2004-12-09,6.86,6.89,6.35,6.55,7575.26,4969.09
000026.SZ,2004-12-10,6.64,6.64,6.02,6.18,7911.99,4961.54
000026.SZ,2004-12-13,6.12,6.12,5.66,5.91,5712.83,3334.11
000026.SZ,2004-12-14,5.85,5.96,5.7,5.9,2767.99,1623.25
000026.SZ,2004-12-15,5.9,5.92,5.51,5.7,5779.48,3279.99
000026.SZ,2004-12-16,5.63,5.72,5.57,5.57,1552.98,878.15
000026.SZ,2004-12-17,5.52,5.56,5.38,5.47,2828.65,1541.25
000026.SZ,2004-12-20,5.32,5.61,5.28,5.47,1505.92,820.81
000026.SZ,2004-12-21,5.5,5.8,5.5,5.66,2787.99,1578.74
000026.SZ,2004-12-22,5.68,5.89,5.62,5.87,3929.1,2272.0
000026.SZ,2004-12-23,5.9,5.9,5.66,5.66,2016.0,1155.1
000026.SZ,2004-12-24,5.66,5.76,5.61,5.63,1229.61,696.26
000026.SZ,2004-12-27,5.63,5.64,5.5,5.55,1068.99,592.87
000026.SZ,2004-12-28,5.55,5.58,5.35,5.43,1861.08,1009.88
000026.SZ,2004-12-29,5.43,5.5,5.42,5.49,1344.2,734.1
000026.SZ,2004-12-30,5.47,5.56,5.31,5.52,3379.0,1831.18
000026.SZ,2004-12-31,5.5,5.59,5.07,5.4,6431.11,3443.09
000026.SZ,2005-01-04,5.1,5.43,5.1,5.35,5099.11,2737.43
000026.SZ,2005-01-05,5.35,5.59,5.35,5.58,3947.52,2167.56
000026.SZ,2005-01-06,5.6,5.61,5.4,5.44,1325.38,723.58
000026.SZ,2005-01-07,5.4,5.55,5.38,5.4,1449.2,789.3
000026.SZ,2005-01-10,5.47,5.84,5.47,5.66,4383.79,2481.5
000026.SZ,2005-01-11,5.67,5.69,5.51,5.59,2150.95,1198.09
000026.SZ,2005-01-12,5.6,5.65,5.5,5.64,2713.3,1508.6
000026.SZ,2005-01-13,5.88,6.2,5.75,6.16,14656.45,8735.35
000026.SZ,2005-01-14,6.08,6.08,5.85,5.89,8309.82,4941.39
000026.SZ,2005-01-17,5.7,5.98,5.5,5.7,2881.0,1657.91
000026.SZ,2005-01-18,5.7,5.88,5.61,5.87,3545.88,2056.85
000026.SZ,2005-01-19,5.84,5.84,5.7,5.71,2699.0,1552.62
000026.SZ,2005-01-20,5.65,5.77,5.52,5.53,3469.0,1957.34
000026.SZ,2005-01-21,5.49,5.61,5.1,5.61,4624.79,2521.55
000026.SZ,2005-01-24,5.81,5.85,5.63,5.78,2672.33,1525.19
000026.SZ,2005-01-25,5.75,5.76,5.5,5.65,1896.95,1068.46
000026.SZ,2005-01-26,5.65,5.65,5.47,5.48,2668.53,1475.17
000026.SZ,2005-01-27,5.45,5.46,5.34,5.34,1903.2,1024.53
000026.SZ,2005-01-28,5.31,5.4,5.25,5.27,1725.19,912.79
000026.SZ,2005-01-31,5.23,5.23,5.1,5.11,2696.93,1379.4
000026.SZ,2005-02-01,5.0,5.2,4.85,4.92,1552.8,782.51
000026.SZ,2005-02-02,4.82,5.41,4.82,5.38,3371.7,1732.26
000026.SZ,2005-02-03,5.34,5.34,5.1,5.12,2509.35,1307.7
000026.SZ,2005-02-04,5.15,5.22,5.1,5.15,1146.39,593.16
000026.SZ,2005-02-16,5.25,5.31,5.2,5.22,1108.8,581.52
000026.SZ,2005-02-17,5.16,5.31,5.15,5.3,917.4,480.18
000026.SZ,2005-02-18,5.21,5.3,5.12,5.14,993.0,516.23
000026.SZ,2005-02-21,5.12,5.26,5.06,5.21,1304.0,677.29
000026.SZ,2005-02-22,5.17,5.6,5.17,5.47,5135.16,2781.85
000026.SZ,2005-02-23,5.45,5.81,5.36,5.64,9447.29,5311.85
000026.SZ,2005-02-24,5.64,5.68,5.5,5.64,3373.72,1884.85
000026.SZ,2005-02-25,5.62,5.66,5.55,5.59,3549.15,1983.62
000026.SZ,2005-02-28,5.51,5.59,5.45,5.51,1799.06,988.93
000026.SZ,2005-03-01,5.56,5.56,5.38,5.42,2153.37,1175.4
000026.SZ,2005-03-02,5.42,5.5,5.26,5.27,1927.7,1030.11
000026.SZ,2005-03-03,5.32,5.46,5.2,5.41,2050.81,1100.72
000026.SZ,2005-03-04,5.4,5.43,5.31,5.35,702.0,376.51
000026.SZ,2005-03-07,5.31,5.51,5.31,5.4,886.04,479.56
000026.SZ,2005-03-08,5.42,5.51,5.41,5.5,2420.72,1321.18
000026.SZ,2005-03-09,5.58,5.58,5.43,5.44,1676.0,918.47
000026.SZ,2005-03-10,5.42,5.46,5.22,5.22,2577.96,1374.47
000026.SZ,2005-03-11,5.18,5.3,5.18,5.25,1872.61,982.25
000026.SZ,2005-03-14,5.23,5.29,5.2,5.21,1633.22,851.25
000026.SZ,2005-03-15,5.19,5.19,5.0,5.05,1698.0,863.8
000026.SZ,2005-03-16,4.95,5.09,4.95,5.06,641.41,323.26
000026.SZ,2005-03-17,5.06,5.11,5.02,5.11,1235.04,623.05
000026.SZ,2005-03-18,5.45,5.5,5.0,5.0,1810.99,942.59
000026.SZ,2005-03-21,4.9,5.06,4.75,4.91,917.35,449.19
000026.SZ,2005-03-22,4.84,4.85,4.5,4.51,1956.99,914.1
000026.SZ,2005-03-23,4.51,4.56,4.32,4.43,1900.01,838.49
000026.SZ,2005-03-24,4.4,4.55,4.3,4.54,1286.27,568.77
000026.SZ,2005-03-25,4.52,4.52,4.4,4.41,772.0,344.44
000026.SZ,2005-03-28,4.31,4.4,4.24,4.36,1481.8,635.49
000026.SZ,2005-03-29,4.43,4.53,4.39,4.47,1435.61,640.24
000026.SZ,2005-03-30,4.3,4.65,4.3,4.45,2339.74,1042.02
000026.SZ,2005-03-31,4.45,4.77,4.12,4.61,3102.69,1415.8
000026.SZ,2005-04-01,4.51,4.77,4.43,4.7,3227.97,1489.42
000026.SZ,2005-04-04,4.53,4.69,4.51,4.51,1231.0,565.35
000026.SZ,2005-04-05,4.51,4.75,4.46,4.48,1911.04,877.64
000026.SZ,2005-04-06,4.46,4.5,4.32,4.49,1586.02,700.18
000026.SZ,2005-04-07,4.54,4.75,4.46,4.65,4031.95,1877.09
000026.SZ,2005-04-08,4.7,4.9,4.69,4.8,3887.47,1869.37
000026.SZ,2005-04-11,4.85,4.85,4.7,4.73,2961.46,1411.8
000026.SZ,2005-04-12,4.75,4.97,4.64,4.89,5623.57,2728.86
000026.SZ,2005-04-13,4.96,5.35,4.81,5.1,8774.02,4445.01
000026.SZ,2005-04-14,5.08,5.08,4.74,4.79,4651.89,2268.61
000026.SZ,2005-04-15,4.78,4.78,4.4,4.59,2247.8,1029.61
000026.SZ,2005-04-18,4.52,4.7,4.52,4.66,1507.2,692.55
000026.SZ,2005-04-19,4.66,4.72,4.57,4.67,1011.61,468.48
000026.SZ,2005-04-20,4.65,4.65,4.3,4.45,857.0,383.07
000026.SZ,2005-04-21,4.41,4.44,4.25,4.28,1654.4,716.76
000026.SZ,2005-04-22,4.26,4.29,4.16,4.26,593.52,251.77
000026.SZ,2005-04-25,4.15,4.25,4.1,4.13,870.89,361.48
000026.SZ,2005-04-26,4.12,4.3,4.12,4.24,1463.51,612.3
000026.SZ,2005-04-27,4.21,4.21,3.85,3.87,2163.0,871.66
000026.SZ,2005-04-28,3.81,4.04,3.6,3.98,2725.35,1040.33
000026.SZ,2005-04-29,3.9,3.93,3.78,3.81,1161.18,446.61
000026.SZ,2005-05-09,3.81,3.82,3.7,3.7,803.0,303.16
000026.SZ,2005-05-10,3.62,3.85,3.5,3.81,1639.76,606.6
000026.SZ,2005-05-11,3.76,3.88,3.74,3.84,1521.01,580.07
000026.SZ,2005-05-12,3.82,3.92,3.72,3.87,1462.9,562.66
000026.SZ,2005-05-13,3.83,3.96,3.82,3.87,1045.58,406.33
000026.SZ,2005-05-16,3.8,3.85,3.75,3.81,469.08,178.21
000026.SZ,2005-05-17,3.81,3.98,3.78,3.96,2375.0,924.92
000026.SZ,2005-05-18,3.95,3.96,3.86,3.96,1271.22,496.15
000026.SZ,2005-05-19,3.96,3.96,3.8,3.89,1422.46,552.4
000026.SZ,2005-05-20,3.91,3.91,3.83,3.88,822.0,319.13
000026.SZ,2005-05-23,3.7,3.79,3.7,3.72,682.53,254.31
000026.SZ,2005-05-24,3.73,3.82,3.73,3.8,873.3,331.45
000026.SZ,2005-05-26,3.61,4.16,3.61,4.07,5412.11,2171.19
000026.SZ,2005-05-27,3.98,4.06,3.9,3.91,2650.1,1050.3
000026.SZ,2005-05-30,3.82,3.98,3.81,3.95,1399.98,544.13
000026.SZ,2005-05-31,3.97,4.04,3.92,3.96,1448.0,575.1
000026.SZ,2005-06-01,3.91,3.91,3.81,3.85,891.0,342.79
000026.SZ,2005-06-02,3.82,3.93,3.77,3.78,881.0,335.75
000026.SZ,2005-06-03,3.78,3.82,3.75,3.81,669.0,253.87
000026.SZ,2005-06-06,3.81,3.85,3.75,3.85,495.58,188.13
000026.SZ,2005-06-07,3.96,4.05,3.86,3.87,2406.24,946.46
000026.SZ,2005-06-08,3.87,4.2,3.87,4.19,4776.47,1945.85
000026.SZ,2005-06-09,4.19,4.35,4.05,4.27,4976.11,2087.59
000026.SZ,2005-06-10,4.2,4.7,4.18,4.7,15590.94,6966.0
000026.SZ,2005-06-13,4.5,4.59,4.39,4.48,13661.39,6119.74
000026.SZ,2005-06-14,4.5,4.59,4.2,4.26,4171.77,1848.19
000026.SZ,2005-06-15,4.22,4.28,4.01,4.06,3212.89,1314.81
000026.SZ,2005-06-16,4.08,4.28,3.96,4.18,3000.87,1235.45
000026.SZ,2005-06-17,4.18,4.19,4.0,4.1,1694.3,694.58
000026.SZ,2005-06-20,4.1,4.34,4.05,4.32,2524.28,1058.72
000026.SZ,2005-06-21,4.33,4.33,4.18,4.2,1593.84,670.94
000026.SZ,2005-06-22,4.2,4.25,4.11,4.18,1528.0,635.72
000026.SZ,2005-06-23,4.16,4.31,4.11,4.14,1827.98,768.76
000026.SZ,2005-06-24,4.14,4.22,4.08,4.2,1482.81,618.09
000026.SZ,2005-06-27,4.26,4.35,4.25,4.3,2641.99,1137.86
000026.SZ,2005-06-28,4.25,4.25,4.15,4.15,1601.06,669.62
000026.SZ,2005-06-29,4.08,4.18,4.08,4.11,938.21,386.0
000026.SZ,2005-06-30,4.14,4.14,3.85,3.88,1999.0,792.6
000026.SZ,2005-07-01,3.85,3.85,3.53,3.56,1539.83,567.11
000026.SZ,2005-07-04,3.56,3.56,3.35,3.49,1138.98,389.13
000026.SZ,2005-07-05,3.49,3.5,3.42,3.47,643.9,223.54
000026.SZ,2005-07-06,3.51,3.58,3.43,3.48,485.49,169.05
000026.SZ,2005-07-07,3.5,3.69,3.5,3.64,2057.08,746.23
000026.SZ,2005-07-08,3.62,3.62,3.42,3.5,865.9,303.81
000026.SZ,2005-07-11,3.6,3.75,3.55,3.61,2197.83,804.03
000026.SZ,2005-07-12,3.6,3.75,3.51,3.7,1772.9,646.5
000026.SZ,2005-07-13,3.72,3.73,3.61,3.67,862.03,316.31
000026.SZ,2005-07-14,3.7,3.7,3.57,3.6,525.0,190.65
000026.SZ,2005-07-15,3.57,3.67,3.4,3.5,601.0,214.66
000026.SZ,2005-07-18,3.48,3.5,3.38,3.38,870.0,296.75
000026.SZ,2005-07-19,3.27,3.41,3.2,3.4,1728.9,571.04
000026.SZ,2005-07-20,3.29,3.45,3.29,3.33,741.0,248.79
000026.SZ,2005-07-21,3.22,3.32,3.2,3.24,896.0,290.57
000026.SZ,2005-07-22,3.12,3.4,3.12,3.37,1539.9,512.14
000026.SZ,2005-07-25,3.4,3.4,3.29,3.34,1840.74,610.53
000026.SZ,2005-07-26,3.33,3.53,3.33,3.5,2525.62,864.95
000026.SZ,2005-07-27,3.66,3.85,3.66,3.8,11170.43,4248.33
000026.SZ,2005-07-28,3.7,3.76,3.62,3.64,5192.0,1921.57
000026.SZ,2005-07-29,3.66,3.66,3.56,3.59,2065.9,743.28
000026.SZ,2005-08-01,3.55,3.62,3.54,3.6,1658.93,595.37
000026.SZ,2005-08-02,3.6,3.69,3.55,3.69,1854.85,672.23
000026.SZ,2005-08-03,3.7,3.8,3.7,3.73,5532.0,2081.03
000026.SZ,2005-08-04,3.69,3.77,3.56,3.58,2751.9,999.83
000026.SZ,2005-08-05,3.55,3.77,3.55,3.75,4829.19,1772.17
000026.SZ,2005-08-08,3.76,3.9,3.73,3.89,7513.45,2878.15
000026.SZ,2005-08-09,3.9,4.1,3.8,4.03,6608.36,2605.68
000026.SZ,2005-08-10,4.05,4.18,3.96,4.05,7495.48,3051.13
000026.SZ,2005-08-11,4.05,4.2,3.95,4.18,8626.19,3511.51
000026.SZ,2005-08-12,4.17,4.56,4.13,4.26,19749.03,8585.58
000026.SZ,2005-08-15,4.36,4.55,4.33,4.5,14972.96,6669.65
000026.SZ,2005-08-16,4.5,4.73,4.37,4.63,16182.27,7318.81
000026.SZ,2005-08-17,4.61,5.02,4.46,4.96,20924.53,10116.96
000026.SZ,2005-08-18,4.9,5.35,4.46,4.8,22965.82,11757.09
000026.SZ,2005-08-19,4.78,4.78,4.32,4.47,13477.51,6066.19
000026.SZ,2005-08-22,4.48,4.48,4.33,4.41,5579.95,2454.62
000026.SZ,2005-08-23,4.34,4.49,4.26,4.32,4990.8,2165.85
000026.SZ,2005-08-24,4.36,4.5,4.3,4.46,9042.89,4003.68
000026.SZ,2005-08-25,4.4,4.62,4.35,4.59,11017.92,4979.58
000026.SZ,2005-08-26,4.55,4.61,4.43,4.49,7861.71,3534.55
000026.SZ,2005-08-29,4.47,4.57,4.41,4.48,5830.94,2619.64
000026.SZ,2005-08-30,4.5,4.5,4.31,4.33,5411.0,2370.15
000026.SZ,2005-08-31,4.05,4.42,4.05,4.39,4202.58,1821.74
000026.SZ,2005-09-01,4.65,4.83,4.5,4.83,23370.11,11074.38
000026.SZ,2005-09-02,4.8,4.95,4.68,4.75,16061.27,7742.95
000026.SZ,2005-09-05,4.67,4.86,4.67,4.81,5302.3,2527.94
000026.SZ,2005-09-06,4.81,4.88,4.6,4.65,7234.77,3463.28
000026.SZ,2005-09-07,4.65,4.77,4.61,4.75,4327.58,2031.0
000026.SZ,2005-09-08,4.75,4.79,4.61,4.7,3785.07,1779.73
000026.SZ,2005-09-09,4.7,5.17,4.6,5.03,13724.87,6784.52
000026.SZ,2005-09-12,4.9,4.99,4.85,4.9,7226.5,3557.87
000026.SZ,2005-09-13,4.95,4.98,4.85,4.98,6399.68,3151.07
000026.SZ,2005-09-14,4.95,5.17,4.95,5.05,8936.2,4546.14
000026.SZ,2005-09-15,5.1,5.55,4.99,5.36,20609.37,10962.64
000026.SZ,2005-09-16,5.3,5.34,5.24,5.29,5933.7,3137.7
000026.SZ,2005-09-19,5.22,5.4,5.22,5.39,3952.21,2111.69
000026.SZ,2005-09-20,5.4,5.47,5.32,5.41,5283.76,2844.97
000026.SZ,2005-09-21,5.4,5.4,5.06,5.07,7382.38,3821.06
000026.SZ,2005-09-22,5.0,5.0,4.71,4.72,6928.31,3354.8
000026.SZ,2005-09-23,4.73,4.89,4.73,4.77,3274.47,1571.43
000026.SZ,2005-09-26,4.7,4.79,4.64,4.78,2084.98,982.09
000026.SZ,2005-09-27,4.7,4.83,4.34,4.51,3501.76,1636.76
000026.SZ,2005-09-28,4.61,4.65,4.45,4.56,2788.45,1267.91
000026.SZ,2005-09-29,4.6,4.84,4.57,4.74,6351.81,3011.06
000026.SZ,2005-09-30,4.78,4.86,4.68,4.74,3643.9,1735.76
000026.SZ,2005-10-10,4.76,4.76,4.5,4.5,2612.0,1196.94
000026.SZ,2005-10-11,4.5,4.68,4.45,4.66,2048.0,936.6
000026.SZ,2005-10-12,4.85,4.98,4.77,4.85,13096.3,6409.66
000026.SZ,2005-10-13,4.88,4.88,4.7,4.74,3264.9,1558.8
000026.SZ,2005-10-14,4.75,4.8,4.73,4.79,3193.1,1520.58
000026.SZ,2005-10-17,5.27,5.27,4.9,5.27,43801.52,22880.36
000026.SZ,2005-10-18,5.32,5.47,5.21,5.31,32853.32,17548.92
000026.SZ,2005-10-19,5.27,5.27,5.06,5.09,13341.44,6841.1
000026.SZ,2005-10-20,5.07,5.07,4.62,4.83,12339.01,5986.38
000026.SZ,2005-10-21,4.83,5.18,4.73,5.08,11115.79,5566.05
000026.SZ,2005-10-24,5.09,5.09,4.99,5.01,5286.84,2652.36
000026.SZ,2005-10-25,4.95,5.0,4.76,4.8,3519.47,1717.88
000026.SZ,2005-10-26,4.8,4.85,4.72,4.75,4460.23,2134.95
000026.SZ,2005-10-27,4.8,4.95,4.74,4.94,5821.74,2815.54
000026.SZ,2005-10-28,4.87,4.88,4.48,4.56,4673.57,2168.21
000026.SZ,2005-10-31,4.5,4.76,4.5,4.64,3515.75,1638.17
000026.SZ,2005-11-01,4.56,4.62,4.35,4.4,5709.1,2521.62
000026.SZ,2005-11-02,4.38,4.7,4.38,4.63,7440.43,3382.46
000026.SZ,2005-11-03,4.6,4.61,4.42,4.47,4067.32,1838.81
000026.SZ,2005-11-04,4.43,4.58,4.43,4.52,2864.15,1286.14
000026.SZ,2005-11-07,4.51,4.56,4.45,4.54,2354.8,1060.77
000026.SZ,2005-11-08,4.51,4.75,4.51,4.67,5107.06,2376.27
000026.SZ,2005-11-09,4.6,4.72,4.53,4.6,4848.38,2240.64
000026.SZ,2005-11-10,4.56,4.56,4.38,4.41,3563.9,1589.92
000026.SZ,2005-11-11,4.38,4.46,4.33,4.4,2348.9,1031.58
000026.SZ,2005-11-14,4.36,4.39,4.3,4.38,2608.7,1129.23
000026.SZ,2005-11-15,4.38,4.5,4.37,4.45,3801.88,1686.85
000026.SZ,2005-11-16,4.42,4.42,4.3,4.4,2959.74,1286.42
000026.SZ,2005-11-17,4.43,4.46,4.32,4.4,2629.96,1156.52
000026.SZ,2005-11-18,4.4,4.55,4.33,4.5,6901.05,3095.66
000026.SZ,2005-11-21,4.51,4.56,4.48,4.53,4445.93,2009.75
000026.SZ,2005-11-22,4.51,4.51,4.35,4.36,3503.0,1544.04
000026.SZ,2005-11-23,4.36,4.41,4.3,4.39,4402.91,1919.07
000026.SZ,2005-11-24,4.39,4.47,4.32,4.36,6258.84,2723.13
000026.SZ,2005-11-25,4.34,4.36,4.28,4.36,4630.83,1992.38
000026.SZ,2005-11-28,4.36,4.36,4.3,4.35,2315.33,1000.54
000026.SZ,2005-11-29,4.38,4.38,4.25,4.26,4241.0,1816.89
000026.SZ,2005-11-30,4.26,4.26,4.08,4.18,5171.28,2135.32
000026.SZ,2005-12-01,4.15,4.26,4.1,4.18,1941.0,813.94
000026.SZ,2005-12-02,4.1,4.23,4.08,4.16,2586.0,1074.15
000026.SZ,2005-12-05,4.11,4.12,3.88,3.88,4965.0,1969.75
000026.SZ,2005-12-06,3.88,3.99,3.81,3.95,2258.2,890.54
000026.SZ,2005-12-07,3.94,3.99,3.92,3.98,1467.56,580.13
000026.SZ,2005-12-08,3.98,4.03,3.91,3.96,1031.2,408.56
000026.SZ,2005-12-09,3.96,4.12,3.92,4.1,4447.52,1794.12
000026.SZ,2005-12-12,4.08,4.13,4.03,4.1,2206.75,903.56
000026.SZ,2005-12-13,4.09,4.1,3.96,4.07,2606.1,1048.52
000026.SZ,2005-12-14,4.18,4.44,4.15,4.2,20517.27,8784.7
000026.SZ,2005-12-15,4.18,4.25,4.13,4.16,6775.34,2846.51
000026.SZ,2005-12-16,4.11,4.32,4.1,4.25,7060.72,2970.04
000026.SZ,2005-12-19,4.31,4.38,4.24,4.32,10993.97,4743.72
000026.SZ,2005-12-20,4.32,4.6,4.26,4.5,23313.3,10382.98
000026.SZ,2005-12-21,4.5,4.6,4.29,4.43,21303.45,9414.66
000026.SZ,2005-12-22,4.36,4.55,4.36,4.51,24696.86,10999.63
000026.SZ,2005-12-23,4.58,4.58,4.48,4.52,17754.69,8040.35
000026.SZ,2005-12-26,4.5,4.5,4.33,4.38,16838.59,7383.63
000026.SZ,2005-12-27,4.38,4.42,4.35,4.41,11449.79,5032.44
000026.SZ,2005-12-28,4.37,4.49,4.3,4.48,22531.96,9966.16
000026.SZ,2005-12-29,4.5,4.58,4.24,4.25,47800.32,20940.75
000026.SZ,2005-12-30,4.33,4.33,3.95,4.01,47582.35,19628.47
000026.SZ,2006-01-04,4.03,4.14,4.01,4.12,18292.41,7494.42
000026.SZ,2006-01-05,4.1,4.2,4.1,4.17,15357.89,6397.82
000026.SZ,2006-01-06,4.18,4.25,4.13,4.21,15895.23,6666.59
000026.SZ,2006-01-09,4.18,4.25,4.18,4.24,11338.34,4780.91
000026.SZ,2006-01-10,4.37,4.58,4.35,4.44,48982.1,21978.05
000026.SZ,2006-01-11,4.42,4.5,4.36,4.47,26571.3,11769.79
000026.SZ,2006-01-12,4.47,4.56,4.41,4.55,27002.63,12192.72
000026.SZ,2006-01-13,4.55,4.89,4.51,4.77,54116.36,25427.52
000026.SZ,2006-02-06,4.9,4.94,4.67,4.74,25640.21,12195.09
000026.SZ,2006-02-07,4.75,4.78,4.61,4.66,18986.75,8855.18
000026.SZ,2006-02-08,4.68,4.8,4.6,4.8,15412.05,7251.77
000026.SZ,2006-02-09,4.79,4.8,4.63,4.64,11829.1,5564.22
000026.SZ,2006-02-10,4.65,4.72,4.59,4.66,11441.59,5323.62
000026.SZ,2006-02-13,4.7,4.71,4.52,4.58,10897.8,4998.17
000026.SZ,2006-02-14,4.57,4.66,4.56,4.65,10622.01,4910.14
000026.SZ,2006-02-15,4.68,4.68,4.58,4.63,9483.16,4386.11
000026.SZ,2006-02-16,4.63,4.7,4.58,4.59,42454.0,19798.26
000026.SZ,2006-02-17,4.56,4.73,4.5,4.64,26119.24,12186.24
000026.SZ,2006-02-20,4.62,4.84,4.6,4.77,26248.96,12499.31
000026.SZ,2006-02-21,4.75,4.86,4.71,4.83,21439.75,10290.75
000026.SZ,2006-02-22,4.84,4.85,4.67,4.69,18311.05,8697.47
000026.SZ,2006-02-23,4.69,4.74,4.6,4.7,9213.68,4295.58
000026.SZ,2006-02-24,4.7,4.74,4.6,4.67,13310.48,6225.61
000026.SZ,2006-02-27,4.67,4.67,4.57,4.59,9896.74,4562.03
000026.SZ,2006-02-28,4.6,4.63,4.52,4.57,7503.5,3418.06
000026.SZ,2006-03-01,4.57,4.65,4.57,4.64,4892.0,2263.75
000026.SZ,2006-03-02,4.65,4.65,4.3,4.46,7355.15,3366.18
000026.SZ,2006-03-03,4.45,4.59,4.45,4.53,6539.9,2968.94
000026.SZ,2006-03-06,4.51,4.62,4.47,4.5,3388.0,1539.9
000026.SZ,2006-03-07,4.45,4.5,4.34,4.36,5651.87,2473.88
000026.SZ,2006-03-08,4.36,4.4,4.28,4.36,3298.5,1430.08
000026.SZ,2006-03-09,4.36,4.38,4.35,4.35,3203.0,1397.13
000026.SZ,2006-03-10,4.33,4.43,4.28,4.3,4414.0,1900.58
000026.SZ,2006-03-13,4.28,4.37,4.1,4.34,2740.0,1185.0
000026.SZ,2006-03-14,4.25,4.37,4.25,4.32,2554.0,1103.27
000026.SZ,2006-03-15,4.33,4.46,4.33,4.41,7564.51,3329.6
000026.SZ,2006-03-16,4.42,4.44,4.36,4.38,2250.0,988.42
000026.SZ,2006-03-17,4.38,4.39,4.28,4.28,3278.4,1414.55
000026.SZ,2006-03-20,4.25,4.39,4.24,4.38,5119.8,2231.23
000026.SZ,2006-03-21,4.42,4.45,4.35,4.39,8752.0,3861.89
000026.SZ,2006-03-22,4.37,4.42,4.35,4.41,4595.8,2014.43
000026.SZ,2006-03-23,4.36,4.54,4.36,4.51,13429.78,5998.39
000026.SZ,2006-03-24,4.5,4.54,4.41,4.46,12112.8,5423.83
000026.SZ,2006-03-27,4.43,4.67,4.43,4.62,25042.13,11530.5
000026.SZ,2006-03-28,4.51,4.74,4.51,4.7,23927.1,11172.04
000026.SZ,2006-03-29,4.63,4.77,4.62,4.64,22832.1,10732.33
000026.SZ,2006-03-30,4.64,4.7,4.56,4.57,5320.0,2456.49
000026.SZ,2006-03-31,4.56,4.58,4.45,4.55,8282.71,3731.83
000026.SZ,2006-04-03,4.55,4.6,4.48,4.5,14496.08,6574.47
000026.SZ,2006-04-14,4.55,4.65,4.31,4.6,16003.24,7127.2
000026.SZ,2006-04-17,4.58,4.6,4.46,4.48,13406.99,6043.68
000026.SZ,2006-04-18,4.49,4.63,4.43,4.54,10082.88,4562.06
000026.SZ,2006-04-19,4.58,4.58,4.4,4.46,8557.86,3831.94
000026.SZ,2006-04-20,4.45,4.55,4.38,4.4,7532.11,3353.11
000026.SZ,2006-04-21,4.4,4.42,4.21,4.35,11321.07,4885.9
000026.SZ,2006-04-24,4.35,4.35,4.05,4.12,10258.0,4296.79
000026.SZ,2006-04-25,4.09,4.21,4.03,4.21,6874.19,2852.0
000026.SZ,2006-04-26,4.37,4.37,4.23,4.36,8302.93,3583.86
000026.SZ,2006-04-27,4.39,4.55,4.27,4.47,12216.74,5404.87
000026.SZ,2006-04-28,4.46,4.46,4.28,4.35,10115.76,4420.53
000026.SZ,2006-05-08,4.4,4.57,4.35,4.56,11643.99,5217.92
000026.SZ,2006-05-09,4.73,4.76,4.51,4.69,21389.06,9953.03
000026.SZ,2006-05-10,4.85,5.16,4.81,5.1,41904.72,21132.8
000026.SZ,2006-05-11,5.1,5.3,4.88,4.9,30830.43,15618.14
000026.SZ,2006-05-12,4.99,5.39,4.93,5.39,38143.73,20477.73
000026.SZ,2006-05-15,5.64,5.85,5.4,5.68,45328.76,25477.84
000026.SZ,2006-05-16,5.69,5.69,5.11,5.18,31313.97,16758.17
000026.SZ,2006-05-17,5.12,5.43,5.12,5.38,23126.94,12258.85
000026.SZ,2006-05-18,5.3,5.48,5.27,5.39,14676.46,7893.64
000026.SZ,2006-05-19,5.43,5.74,5.4,5.65,27822.87,15683.23
000026.SZ,2006-05-22,5.68,6.05,5.6,5.94,29287.16,17242.02
000026.SZ,2006-05-23,5.87,5.87,5.5,5.5,18558.5,10547.14
000026.SZ,2006-05-24,5.53,5.7,5.16,5.35,15940.47,8668.97
000026.SZ,2006-05-25,5.35,5.59,5.28,5.53,11254.48,6127.14
000026.SZ,2006-05-26,5.6,5.77,5.5,5.71,18184.35,10270.16
000026.SZ,2006-05-29,5.7,6.08,5.65,5.9,22867.71,13508.78
000026.SZ,2006-05-31,5.91,6.2,5.78,5.98,23734.6,14247.55
000026.SZ,2006-06-01,6.0,6.42,5.95,6.39,25706.96,16171.73
000026.SZ,2006-06-02,6.49,6.7,6.35,6.38,43444.72,28429.43
000026.SZ,2006-06-05,6.38,6.67,6.37,6.66,16595.13,10833.34
000026.SZ,2006-06-06,6.6,6.7,6.3,6.37,17968.23,11674.26
000026.SZ,2006-06-07,6.35,6.4,5.74,5.76,20949.87,12570.21
000026.SZ,2006-06-08,5.7,5.75,5.33,5.74,17001.14,9429.16
000026.SZ,2006-06-09,5.7,5.75,5.53,5.63,19747.46,11115.09
000026.SZ,2006-06-12,5.6,5.68,5.5,5.62,6655.84,3733.15
000026.SZ,2006-06-13,5.6,5.83,5.58,5.71,5717.0,3260.89
000026.SZ,2006-06-14,5.79,5.93,5.65,5.83,5532.03,3182.89
000026.SZ,2006-06-15,5.83,5.88,5.68,5.74,10302.75,5940.35
000026.SZ,2006-06-16,5.79,5.89,5.71,5.86,20541.96,11940.78
000026.SZ,2006-06-19,5.76,5.96,5.76,5.89,7312.61,4298.45
000026.SZ,2006-06-20,5.9,6.14,5.81,6.08,10636.2,6345.9
000026.SZ,2006-06-21,5.91,6.69,5.91,6.51,52701.9,33465.4
000026.SZ,2006-06-22,6.44,6.49,6.3,6.31,13335.94,8503.23
000026.SZ,2006-06-23,6.3,6.58,6.29,6.34,10277.32,6580.7
000026.SZ,2006-06-26,6.34,6.55,6.34,6.45,7235.74,4657.96
000026.SZ,2006-06-27,6.43,6.44,6.23,6.36,17106.04,10806.58
000026.SZ,2006-06-28,6.36,6.36,6.21,6.23,7682.77,4809.32
000026.SZ,2006-06-29,6.2,6.46,6.2,6.3,7762.5,4914.19
000026.SZ,2006-06-30,6.28,6.39,6.26,6.37,10245.61,6467.07
000026.SZ,2006-07-03,6.38,6.66,6.35,6.55,24418.13,15878.29
000026.SZ,2006-07-04,6.55,6.55,6.3,6.36,11142.08,7147.83
000026.SZ,2006-07-05,6.39,6.44,6.26,6.42,8113.24,5143.84
000026.SZ,2006-07-06,6.42,6.73,6.42,6.57,21332.74,14164.6
000026.SZ,2006-07-07,6.57,7.01,6.42,6.93,42331.49,28283.56
000026.SZ,2006-07-10,6.88,7.17,6.61,7.02,24081.84,16807.56
000026.SZ,2006-07-11,7.01,7.01,6.78,6.98,19117.3,13179.17
000026.SZ,2006-07-12,6.9,7.1,6.78,6.8,11514.0,7925.27
000026.SZ,2006-07-13,6.8,6.88,6.28,6.54,21279.78,14040.53
000026.SZ,2006-07-14,6.49,6.67,6.31,6.49,11118.9,7286.19
000026.SZ,2006-07-17,6.5,6.94,6.5,6.81,33576.96,22461.72
000026.SZ,2006-07-18,6.8,6.81,6.5,6.81,7464.69,5001.92
000026.SZ,2006-07-19,6.68,6.75,6.42,6.55,11522.72,7507.07
000026.SZ,2006-07-20,6.5,6.66,6.41,6.59,22981.87,15127.62
000026.SZ,2006-07-21,6.53,6.64,6.5,6.6,6687.5,4403.79
000026.SZ,2006-07-24,6.41,6.66,6.35,6.54,11788.32,7688.55
000026.SZ,2006-07-25,6.44,6.64,6.44,6.55,3850.3,2526.25
000026.SZ,2006-07-26,6.56,6.75,6.5,6.7,10524.6,7010.56
000026.SZ,2006-07-27,6.85,6.85,6.45,6.55,6596.72,4333.36
000026.SZ,2006-07-28,6.57,6.57,6.42,6.46,6132.5,3975.62
000026.SZ,2006-07-31,6.31,6.4,5.96,5.98,8347.0,5114.2
000026.SZ,2006-08-01,5.9,6.1,5.89,5.91,3663.8,2183.86
000026.SZ,2006-08-02,5.9,5.95,5.68,5.75,5182.25,2998.09
000026.SZ,2006-08-03,5.81,5.83,5.69,5.75,2068.78,1191.33
000026.SZ,2006-08-04,5.75,5.81,5.53,5.54,3545.0,2015.69
000026.SZ,2006-08-07,5.51,5.58,5.16,5.21,8069.97,4299.58
000026.SZ,2006-08-08,5.28,5.48,5.26,5.44,7770.2,4155.11
000026.SZ,2006-08-09,5.44,5.69,5.33,5.6,9742.66,5362.98
000026.SZ,2006-08-10,5.58,5.82,5.58,5.81,8862.37,5055.06
000026.SZ,2006-08-11,5.92,6.15,5.75,5.91,10608.41,6322.59
000026.SZ,2006-08-14,5.87,5.9,5.51,5.58,5751.12,3283.1
000026.SZ,2006-08-15,5.55,5.8,5.55,5.76,4390.78,2502.59
000026.SZ,2006-08-16,5.8,5.85,5.61,5.79,4341.02,2513.46
000026.SZ,2006-08-17,5.76,5.82,5.68,5.79,3165.51,1818.45
000026.SZ,2006-08-18,5.79,5.86,5.66,5.68,2372.5,1363.59
000026.SZ,2006-08-21,5.49,5.68,5.4,5.67,3076.0,1715.5
000026.SZ,2006-08-22,5.66,5.85,5.62,5.8,8670.66,4954.87
000026.SZ,2006-08-23,5.71,5.78,5.65,5.68,6793.07,3864.31
000026.SZ,2006-08-24,5.68,5.7,5.45,5.68,6672.0,3737.59
000026.SZ,2006-08-25,5.68,5.72,5.62,5.69,3821.6,2170.06
000026.SZ,2006-08-28,5.72,5.85,5.66,5.84,8374.25,4850.13
000026.SZ,2006-08-29,5.8,5.92,5.8,5.81,8844.96,5180.98
000026.SZ,2006-08-30,5.8,5.93,5.75,5.91,5523.42,3231.85
000026.SZ,2006-08-31,5.92,6.11,5.86,6.1,12202.39,7343.19
000026.SZ,2006-09-04,5.95,6.1,5.85,6.03,6375.83,3835.28
000026.SZ,2006-09-05,6.05,6.06,5.9,5.96,5896.0,3522.74
000026.SZ,2006-09-06,5.96,6.0,5.9,5.95,4590.91,2728.0
000026.SZ,2006-09-07,5.96,5.98,5.84,5.9,4714.0,2788.76
000026.SZ,2006-09-08,5.95,6.15,5.92,6.01,7911.56,4792.55
000026.SZ,2006-09-11,6.05,6.1,5.92,6.0,5160.4,3083.94
000026.SZ,2006-09-12,6.01,6.03,5.92,5.98,6170.41,3681.33
000026.SZ,2006-09-13,6.04,6.19,5.95,5.95,6149.0,3720.55
000026.SZ,2006-09-14,5.91,5.96,5.85,5.93,3646.65,2155.4
000026.SZ,2006-09-15,5.93,6.13,5.88,6.02,6166.85,3725.45
000026.SZ,2006-09-18,6.05,6.18,6.0,6.17,9287.48,5662.86
000026.SZ,2006-09-19,6.25,6.36,6.18,6.25,15900.79,10004.59
000026.SZ,2006-09-20,6.27,6.51,6.25,6.43,18728.35,12019.38
000026.SZ,2006-09-21,6.5,6.57,6.29,6.38,8543.46,5468.47
000026.SZ,2006-09-22,6.42,6.49,6.28,6.38,7763.66,4937.66
000026.SZ,2006-09-25,6.4,6.59,6.36,6.56,10190.08,6623.95
000026.SZ,2006-09-26,6.55,6.68,6.53,6.58,14223.63,9407.67
000026.SZ,2006-09-27,6.53,6.59,6.46,6.51,7054.7,4589.28
000026.SZ,2006-09-28,6.5,6.64,6.5,6.59,7364.62,4822.38
000026.SZ,2006-09-29,6.53,6.57,6.3,6.36,19094.75,12222.01
000026.SZ,2006-10-09,6.39,6.48,6.3,6.4,9819.73,6263.41
000026.SZ,2006-10-10,6.46,6.46,6.33,6.38,6750.7,4309.73
000026.SZ,2006-10-11,6.42,6.84,6.38,6.79,23122.12,15419.42
000026.SZ,2006-10-12,6.79,6.79,6.59,6.6,7573.4,5055.54
000026.SZ,2006-10-13,6.6,6.77,6.53,6.74,8830.79,5917.46
000026.SZ,2006-10-16,6.78,6.84,6.69,6.77,6131.8,4146.11
000026.SZ,2006-10-17,6.77,6.77,6.57,6.62,7649.46,5097.12
000026.SZ,2006-10-18,6.61,6.73,6.6,6.7,5285.83,3534.14
000026.SZ,2006-10-19,6.69,6.78,6.66,6.75,7253.22,4870.26
000026.SZ,2006-10-20,6.79,6.81,6.66,6.68,4965.57,3328.35
000026.SZ,2006-10-23,6.68,6.74,6.18,6.33,9533.0,6148.53
000026.SZ,2006-10-24,6.3,6.57,6.3,6.52,6365.8,4091.5
000026.SZ,2006-10-25,6.54,6.54,6.25,6.51,18105.67,11558.58
000026.SZ,2006-10-26,6.2,6.51,6.2,6.44,19953.0,12820.2
000026.SZ,2006-10-27,6.44,7.08,6.4,6.7,43002.18,28906.57
000026.SZ,2006-10-30,6.5,6.95,6.38,6.87,54839.42,36724.74
000026.SZ,2006-10-31,6.81,7.09,6.63,6.73,37208.79,25492.88
000026.SZ,2006-11-01,6.73,6.81,6.64,6.68,13675.44,9156.46
000026.SZ,2006-11-02,6.73,6.8,6.55,6.76,14498.23,9662.98
000026.SZ,2006-11-03,6.78,6.85,6.68,6.74,11560.0,7830.67
000026.SZ,2006-11-06,6.69,6.69,6.48,6.57,15541.57,10223.24
000026.SZ,2006-11-07,6.5,6.57,6.35,6.43,13147.7,8439.91
000026.SZ,2006-11-08,6.42,6.54,6.37,6.48,4136.07,2669.26
000026.SZ,2006-11-09,6.48,6.55,6.43,6.51,4901.65,3186.71
000026.SZ,2006-11-10,6.46,6.55,6.27,6.32,6561.72,4194.7
000026.SZ,2006-11-13,6.33,6.42,5.89,5.94,8458.0,5127.85
000026.SZ,2006-11-14,5.9,6.19,5.78,6.15,5101.87,3038.66
000026.SZ,2006-11-15,6.15,6.21,6.03,6.13,4051.23,2474.6
000026.SZ,2006-11-16,6.19,6.19,6.03,6.05,5362.69,3261.27
000026.SZ,2006-11-17,6.05,6.09,5.98,6.04,4200.85,2528.76
000026.SZ,2006-11-20,6.02,6.18,6.0,6.1,5215.8,3163.89
000026.SZ,2006-11-21,6.03,6.11,6.01,6.07,4700.22,2842.56
000026.SZ,2006-11-22,6.08,6.31,6.08,6.23,7157.83,4448.36
000026.SZ,2006-11-23,6.25,6.36,6.2,6.3,6305.97,3961.7
000026.SZ,2006-11-24,6.31,6.4,6.2,6.26,7462.78,4714.67
000026.SZ,2006-12-07,6.6,6.65,6.4,6.43,26396.06,17212.14
000026.SZ,2006-12-08,6.38,6.5,6.24,6.35,18491.56,11816.44
000026.SZ,2006-12-11,6.28,6.56,6.28,6.56,12245.48,7886.76
000026.SZ,2006-12-12,6.59,6.72,6.3,6.59,12661.69,8311.88
000026.SZ,2006-12-13,6.5,6.64,6.42,6.62,11143.54,7326.87
000026.SZ,2006-12-14,6.64,6.79,6.53,6.7,20740.1,13904.88
000026.SZ,2006-12-15,6.7,7.0,6.6,6.83,38465.45,26402.73
000026.SZ,2006-12-18,6.85,6.88,6.67,6.68,12430.78,8376.78
000026.SZ,2006-12-19,6.7,6.97,6.68,6.8,63566.84,43265.23
000026.SZ,2006-12-20,6.79,7.08,6.68,7.07,82367.3,57112.72
000026.SZ,2006-12-21,7.07,7.5,7.07,7.13,50812.14,37217.88
000026.SZ,2006-12-22,7.1,7.15,6.82,6.94,12504.88,8720.23
000026.SZ,2006-12-25,6.95,7.09,6.82,6.83,10844.0,7506.67
000026.SZ,2006-12-26,6.85,6.91,6.61,6.69,8849.69,5968.41
000026.SZ,2006-12-27,6.7,6.78,6.6,6.7,6929.06,4637.14
000026.SZ,2006-12-28,6.7,6.77,6.4,6.56,10778.6,7051.27
000026.SZ,2006-12-29,6.51,6.69,6.5,6.65,10783.34,7125.69
000026.SZ,2007-01-04,6.61,6.72,6.4,6.44,14679.89,9477.07
000026.SZ,2007-01-05,6.38,6.45,6.21,6.44,7912.97,5016.1
000026.SZ,2007-01-08,6.49,6.69,6.43,6.68,12789.87,8407.76
000026.SZ,2007-01-09,6.7,6.86,6.69,6.77,14461.23,9799.66
000026.SZ,2007-01-10,6.78,6.9,6.75,6.88,15549.32,10606.67
000026.SZ,2007-01-11,6.91,7.13,6.89,6.91,19832.34,13917.02
000026.SZ,2007-01-12,6.9,7.08,6.59,6.59,17087.0,11675.69
000026.SZ,2007-01-15,6.54,6.92,6.52,6.92,15656.01,10662.9
000026.SZ,2007-01-16,7.08,7.08,6.88,6.94,17720.91,12298.44
000026.SZ,2007-01-17,7.01,7.15,6.9,7.13,31225.9,21987.99
000026.SZ,2007-01-18,7.3,7.3,7.1,7.25,24831.02,17893.48
000026.SZ,2007-01-19,7.2,7.61,7.13,7.61,29449.85,21905.39
000026.SZ,2007-01-22,7.81,7.99,7.7,7.9,29312.59,23117.46
000026.SZ,2007-01-23,7.9,7.95,7.52,7.77,23611.55,18209.59
000026.SZ,2007-01-24,7.74,7.94,7.63,7.75,16661.34,12965.22
000026.SZ,2007-01-25,7.76,8.14,7.61,8.0,38608.95,30948.08
000026.SZ,2007-01-26,7.95,7.95,7.6,7.81,26086.3,20129.71
000026.SZ,2007-01-29,7.81,8.19,7.75,8.11,23763.9,18923.89
000026.SZ,2007-01-30,8.15,8.22,7.86,8.05,21867.59,17584.72
000026.SZ,2007-01-31,7.99,8.21,7.69,7.69,26288.42,21119.23
000026.SZ,2007-02-01,7.65,7.83,7.4,7.68,16066.24,12248.35
000026.SZ,2007-02-02,7.75,7.79,7.55,7.61,11708.88,8987.56
000026.SZ,2007-02-05,7.68,7.7,7.56,7.65,8311.43,6330.9
000026.SZ,2007-02-06,7.68,7.99,7.68,7.91,11530.63,9061.32
000026.SZ,2007-02-07,8.29,8.31,8.26,8.31,28208.59,23432.64
000026.SZ,2007-02-08,8.73,8.73,8.48,8.73,56645.44,49286.5
000026.SZ,2007-02-09,9.17,9.17,9.03,9.17,69026.0,63262.19
000026.SZ,2007-02-12,9.18,9.3,8.84,9.1,35826.97,32385.69
000026.SZ,2007-02-13,9.09,9.56,9.03,9.56,29112.05,27676.08
000026.SZ,2007-02-14,10.0,10.0,9.61,9.86,20026.87,19756.99
000026.SZ,2007-02-15,9.86,10.22,9.68,10.22,16789.36,16615.19
000026.SZ,2007-02-16,10.24,10.73,10.0,10.65,17225.1,17904.17
000026.SZ,2007-02-26,10.64,10.87,10.21,10.46,22400.17,23729.09
000026.SZ,2007-02-27,10.47,10.56,9.94,9.94,20659.0,20874.47
000026.SZ,2007-02-28,9.44,9.87,9.44,9.7,39537.93,37622.11
000026.SZ,2007-03-01,9.64,9.65,9.22,9.22,27826.99,25715.24
000026.SZ,2007-03-02,9.0,9.4,9.0,9.37,16730.48,15510.54
000026.SZ,2007-03-05,9.3,9.8,9.15,9.6,17674.59,16752.32
000026.SZ,2007-03-06,9.72,9.72,9.38,9.52,10215.5,9730.69
000026.SZ,2007-03-07,9.55,9.65,9.5,9.65,12995.09,12459.1
000026.SZ,2007-03-08,9.77,10.13,9.56,10.13,15227.31,15111.5
000026.SZ,2007-03-09,10.39,10.64,10.39,10.64,21689.83,22986.5
000026.SZ,2007-03-12,11.05,11.17,10.8,10.85,42709.38,47253.59
000026.SZ,2007-03-13,10.8,11.39,10.55,11.39,31240.4,34009.63
000026.SZ,2007-03-14,11.25,11.3,10.82,11.05,21620.79,23974.68
000026.SZ,2007-03-15,10.9,11.18,10.87,11.03,18897.5,20830.33
000026.SZ,2007-03-16,11.09,11.5,10.87,11.08,21550.26,23988.6
000026.SZ,2007-03-19,10.74,11.63,10.58,11.63,35400.59,40618.44
000026.SZ,2007-03-20,11.7,12.21,11.65,12.21,23998.7,28860.77
000026.SZ,2007-03-21,12.26,12.82,12.26,12.82,18334.89,23255.58
000026.SZ,2007-03-22,13.31,13.46,12.96,13.46,22584.04,30306.95
000026.SZ,2007-03-23,13.86,13.86,12.79,12.79,39074.67,50838.31
000026.SZ,2007-03-26,12.4,12.68,12.15,12.15,40617.44,49556.48
000026.SZ,2007-03-27,12.05,12.6,12.05,12.3,20388.7,25112.04
000026.SZ,2007-03-28,12.28,12.45,11.69,12.05,21078.48,25315.03
000026.SZ,2007-03-29,12.07,12.65,11.71,12.65,29264.74,35303.53
000026.SZ,2007-03-30,13.28,13.28,13.28,13.28,7019.46,9321.84
000026.SZ,2007-04-02,13.94,13.94,13.94,13.94,4062.39,5662.97
000026.SZ,2007-04-03,14.64,14.64,14.64,14.64,1874.28,2743.95
000026.SZ,2007-04-04,15.37,15.37,15.37,15.37,3149.65,4841.01
000026.SZ,2007-04-05,15.98,16.14,14.68,16.14,63209.88,99674.07
000026.SZ,2007-04-06,16.09,16.95,15.82,16.95,29412.92,49349.19
000026.SZ,2007-04-18,17.68,17.68,16.1,16.1,50651.75,82706.53
000026.SZ,2007-04-19,15.6,16.08,15.3,15.3,30139.33,46715.09
000026.SZ,2007-04-20,15.05,16.07,15.03,15.77,29360.41,46050.46
000026.SZ,2007-04-23,15.73,16.08,15.35,15.8,26622.41,41573.34
000026.SZ,2007-04-24,16.05,16.05,15.6,15.76,18794.34,29758.14
000026.SZ,2007-04-25,15.76,16.55,15.6,16.55,29394.8,48419.01
000026.SZ,2007-04-26,17.36,17.38,17.17,17.38,5737.95,9966.64
000026.SZ,2007-04-27,18.24,18.24,16.71,17.47,34589.44,60805.92
000026.SZ,2007-04-30,17.3,17.3,16.68,16.82,21947.03,37144.01
000026.SZ,2007-05-08,17.0,17.5,16.52,17.07,21944.76,37309.34
000026.SZ,2007-05-09,16.95,17.92,16.75,17.6,27783.74,48321.63
000026.SZ,2007-05-10,17.54,17.9,17.29,17.48,20299.18,35523.54
000026.SZ,2007-05-11,17.59,17.69,17.0,17.3,19698.47,34060.74
000026.SZ,2007-05-14,17.3,17.75,16.9,17.0,18412.87,31961.14
000026.SZ,2007-05-15,16.98,17.16,16.5,16.5,24958.07,41876.96
000026.SZ,2007-05-16,16.3,17.19,16.02,17.03,16641.51,27595.87
000026.SZ,2007-05-17,17.29,17.29,16.91,17.08,20905.71,35725.94
000026.SZ,2007-05-18,17.09,17.93,17.08,17.93,34014.37,60278.18
000026.SZ,2007-05-21,17.3,18.83,17.2,18.83,23602.79,43002.73
000026.SZ,2007-05-22,19.48,19.77,18.61,18.66,36484.67,70138.48
000026.SZ,2007-05-23,18.66,19.59,18.66,19.59,23084.92,44626.95
000026.SZ,2007-05-24,20.2,20.54,18.7,19.16,35351.54,68614.25
000026.SZ,2007-05-25,18.99,19.28,18.51,18.79,17486.94,32997.41
000026.SZ,2007-05-28,18.97,19.28,18.6,18.95,19673.65,37155.34
000026.SZ,2007-05-29,19.0,19.06,18.68,18.95,22365.13,42083.54
000026.SZ,2007-05-30,18.0,18.55,18.0,18.0,17948.07,32442.34
000026.SZ,2007-06-01,17.1,17.1,17.1,17.1,6158.0,10530.18
000026.SZ,2007-06-04,16.25,16.25,16.25,16.25,1716.0,2788.5
000026.SZ,2007-06-05,15.44,15.44,15.44,15.44,786.0,1213.58
000026.SZ,2007-06-06,14.67,15.4,14.67,15.08,32034.91,47929.51
000026.SZ,2007-06-07,15.0,15.83,14.83,15.83,20164.61,30799.93
000026.SZ,2007-06-08,16.1,16.55,15.6,16.25,16875.96,27408.26
000026.SZ,2007-06-11,16.45,16.48,15.84,15.93,17376.92,27788.5
000026.SZ,2007-06-12,15.95,16.19,15.13,15.6,20519.26,31625.76
000026.SZ,2007-06-13,15.65,16.38,15.65,16.38,14365.17,23386.82
000026.SZ,2007-06-14,16.8,17.0,15.92,16.45,20198.45,33557.83
000026.SZ,2007-06-15,16.4,16.79,16.2,16.5,12150.57,20055.82
000026.SZ,2007-06-18,16.66,16.92,16.6,16.75,15805.57,26425.03
000026.SZ,2007-06-19,16.75,17.59,16.59,17.58,17021.39,29215.49
000026.SZ,2007-06-20,17.59,18.46,17.11,17.4,18445.57,32902.91
000026.SZ,2007-06-21,17.21,17.65,17.21,17.54,10676.55,18582.45
000026.SZ,2007-06-22,17.26,17.65,16.66,16.66,16097.57,27435.9
000026.SZ,2007-06-25,16.66,16.86,15.83,15.83,11396.0,18147.0
000026.SZ,2007-06-26,15.1,15.5,15.04,15.17,16427.2,24807.11
000026.SZ,2007-06-27,15.32,15.93,15.05,15.78,9147.51,14269.68
000026.SZ,2007-06-28,15.78,16.25,15.3,15.32,12377.46,19697.93
000026.SZ,2007-06-29,15.03,16.09,15.0,16.04,15388.0,24377.81
000026.SZ,2007-07-02,15.8,16.25,15.52,16.06,5811.1,9281.1
000026.SZ,2007-07-03,16.2,16.37,16.0,16.19,6655.48,10749.07
000026.SZ,2007-07-04,16.3,16.9,16.01,16.57,5957.39,9740.64
000026.SZ,2007-07-05,16.57,16.57,15.74,15.74,8503.39,13571.09
000026.SZ,2007-07-06,15.4,15.69,14.95,15.62,14948.65,22647.11
000026.SZ,2007-07-23,16.4,16.4,16.4,16.4,1587.0,2602.68
000026.SZ,2007-07-24,17.22,17.22,17.22,17.22,558.14,961.12
000026.SZ,2007-07-25,18.08,18.08,18.08,18.08,278.01,502.64
000026.SZ,2007-07-26,18.98,18.98,18.98,18.98,6839.08,12980.57
000026.SZ,2007-07-27,19.92,19.93,19.5,19.93,42042.06,83630.47
000026.SZ,2007-07-30,19.93,20.59,19.0,20.0,33970.74,67252.56
000026.SZ,2007-07-31,19.81,20.2,19.61,19.91,14343.94,28577.63
000026.SZ,2007-08-01,20.7,20.91,20.1,20.56,42150.29,87236.95
000026.SZ,2007-08-02,20.2,21.3,19.53,20.78,21883.22,44787.1
000026.SZ,2007-08-03,20.78,20.78,19.8,20.2,16017.27,32360.15
000026.SZ,2007-08-06,20.2,20.77,19.91,20.26,14612.83,29535.36
000026.SZ,2007-08-07,20.43,21.27,20.19,21.27,18236.8,38014.6
000026.SZ,2007-08-08,21.99,22.33,21.3,22.33,19018.9,42254.55
000026.SZ,2007-08-09,23.3,23.45,23.0,23.45,34788.31,81467.97
000026.SZ,2007-08-10,24.1,24.19,22.28,22.28,50171.0,113696.4
000026.SZ,2007-08-23,21.17,21.17,21.17,21.17,838.0,1774.05
000026.SZ,2007-08-24,20.11,20.11,20.11,20.11,2086.0,4194.95
000026.SZ,2007-08-27,19.35,20.6,19.1,19.15,62767.51,122240.41
000026.SZ,2007-08-28,18.8,19.65,18.76,19.63,31226.38,60435.77
000026.SZ,2007-08-29,19.4,19.5,18.65,18.65,31230.1,58920.87
000026.SZ,2007-08-30,18.71,19.58,18.65,19.58,18524.05,35804.79
000026.SZ,2007-08-31,20.2,20.56,19.68,19.85,34181.13,68779.19
000026.SZ,2007-09-03,19.85,20.45,19.81,19.94,24729.59,49576.88
000026.SZ,2007-09-04,19.91,20.05,19.3,19.73,20591.9,40545.58
000026.SZ,2007-09-05,19.6,20.17,19.6,20.1,17420.77,34739.54
000026.SZ,2007-09-06,20.1,20.21,19.8,19.81,15465.69,30910.73
000026.SZ,2007-09-07,19.7,19.9,18.9,19.0,18281.03,35176.93
000026.SZ,2007-09-10,18.81,19.16,18.2,18.91,13486.1,25177.35
000026.SZ,2007-09-11,18.99,19.85,18.57,18.57,15536.29,30391.92
000026.SZ,2007-09-12,18.5,19.2,18.32,19.07,9787.01,18359.96
000026.SZ,2007-09-13,19.26,19.28,18.8,19.21,7066.71,13497.2
000026.SZ,2007-09-14,19.21,20.17,18.92,20.0,24235.39,48291.15
000026.SZ,2007-09-17,19.94,20.01,19.5,19.83,13238.23,26203.29
000026.SZ,2007-09-18,19.83,20.0,19.3,19.34,9906.69,19405.08
000026.SZ,2007-09-19,19.29,19.78,19.0,19.45,8369.96,16173.22
000026.SZ,2007-09-20,19.45,19.93,19.38,19.72,9745.48,19208.05
000026.SZ,2007-09-21,19.7,20.4,19.51,20.35,27243.19,54847.12
000026.SZ,2007-09-24,20.75,20.88,19.83,20.2,14954.93,30082.54
000026.SZ,2007-09-25,20.0,20.37,19.19,20.25,32773.52,65417.09
000026.SZ,2007-09-26,20.35,21.26,20.0,21.26,82515.18,172088.31
000026.SZ,2007-09-27,21.0,22.32,20.8,22.32,79044.11,173732.94
000026.SZ,2007-10-15,23.44,23.44,22.88,23.44,97006.08,227299.06
000026.SZ,2007-10-16,23.38,23.38,22.27,22.27,37429.28,83931.78
000026.SZ,2007-10-17,21.81,23.38,21.16,23.14,53538.19,120184.69
000026.SZ,2007-10-18,23.29,23.7,22.32,22.71,47813.96,110525.26
000026.SZ,2007-10-19,22.89,23.0,21.57,21.57,53101.24,116681.44
000026.SZ,2007-11-09,12.98,15.51,12.51,13.48,101417.09,140814.78
000026.SZ,2007-11-12,12.54,13.18,12.13,12.13,36287.53,44575.49
000026.SZ,2007-11-13,11.7,12.34,11.19,11.76,57085.91,66484.29
000026.SZ,2007-11-14,11.8,12.19,11.61,12.02,38559.71,45876.26
000026.SZ,2007-11-15,11.9,12.03,11.38,11.84,34981.35,40835.77
000026.SZ,2007-11-19,11.85,13.02,11.69,13.02,44115.05,55297.84
000026.SZ,2007-11-20,12.88,13.38,12.7,12.78,38778.98,50244.67
000026.SZ,2007-11-21,12.8,13.05,12.52,12.65,21613.22,27507.08
000026.SZ,2007-11-22,12.4,12.5,11.55,11.7,24322.66,29427.91
000026.SZ,2007-11-23,11.7,11.9,11.26,11.9,13938.47,16129.52
000026.SZ,2007-11-26,12.14,12.45,11.92,12.19,26245.65,32124.4
000026.SZ,2007-11-27,12.18,12.35,11.81,12.17,12366.25,14936.36
000026.SZ,2007-11-28,12.06,12.3,11.9,12.06,11350.95,13776.96
000026.SZ,2007-11-29,12.1,12.38,11.93,12.23,13877.04,16910.1
000026.SZ,2007-11-30,12.25,12.7,12.01,12.4,20196.82,25097.53
000026.SZ,2007-12-03,12.6,13.3,12.48,12.98,34276.68,44425.4
000026.SZ,2007-12-04,13.0,13.09,12.38,12.53,21760.5,27420.95
000026.SZ,2007-12-05,12.53,12.53,12.21,12.45,21026.75,25927.61
000026.SZ,2007-12-06,12.48,12.48,12.22,12.3,15005.28,18504.03
000026.SZ,2007-12-07,12.45,12.7,12.12,12.58,22301.24,27583.09
000026.SZ,2007-12-10,12.27,13.08,12.27,12.84,33693.34,43027.61
000026.SZ,2007-12-11,12.88,13.55,12.85,13.4,50700.6,66900.44
000026.SZ,2007-12-12,13.4,13.54,13.13,13.5,35397.45,47179.62
000026.SZ,2007-12-13,13.45,13.6,12.65,12.72,29531.7,39119.73
000026.SZ,2007-12-14,12.71,12.93,12.5,12.89,15421.88,19606.83
000026.SZ,2007-12-17,12.89,13.05,12.6,12.6,20797.56,26728.09
000026.SZ,2007-12-18,12.51,12.77,12.15,12.32,22593.83,27909.86
000026.SZ,2007-12-19,12.4,12.87,12.4,12.71,13987.36,17771.04
000026.SZ,2007-12-20,12.75,12.96,12.65,12.76,16317.43,20904.97
000026.SZ,2007-12-21,12.8,13.88,12.8,13.72,52977.82,71251.23
000026.SZ,2007-12-24,13.99,14.08,13.63,13.89,56746.23,78412.14
000026.SZ,2007-12-25,13.9,15.04,13.73,14.92,61132.0,89082.8
000026.SZ,2007-12-26,15.0,16.16,15.0,16.16,96795.83,151994.48
000026.SZ,2007-12-27,16.3,16.48,15.61,16.4,66005.82,106316.89
000026.SZ,2007-12-28,16.4,16.45,15.95,16.01,35344.57,57179.98
000026.SZ,2008-01-02,16.02,17.26,15.51,16.95,46664.96,77328.03
000026.SZ,2008-01-03,16.9,17.29,16.56,16.97,25598.94,43386.34
000026.SZ,2008-01-04,16.88,16.97,16.0,16.53,26929.72,44515.86
000026.SZ,2008-01-07,16.2,17.0,16.0,16.85,38239.99,62719.46
000026.SZ,2008-01-08,16.71,17.5,16.18,16.47,36428.66,61272.8
000026.SZ,2008-01-09,16.48,16.96,15.9,16.62,25516.67,42057.34
000026.SZ,2008-01-10,16.68,17.67,16.68,17.43,57896.28,100433.86
000026.SZ,2008-01-11,17.48,17.6,17.0,17.49,23084.15,39733.4
000026.SZ,2008-01-14,17.48,18.99,17.17,18.5,53365.09,96301.89
000026.SZ,2008-01-15,18.4,18.99,18.0,18.0,44236.71,81351.23
000026.SZ,2008-01-16,17.68,18.05,16.9,17.01,34869.36,60379.59
000026.SZ,2008-01-17,16.89,17.5,15.9,16.49,36736.6,61309.25
000026.SZ,2008-01-18,16.5,17.05,16.25,17.01,25517.29,42459.49
000026.SZ,2008-01-21,17.05,17.72,16.6,16.73,35673.33,61084.51
000026.SZ,2008-01-22,16.31,16.35,15.06,15.06,38382.78,59151.72
000026.SZ,2008-01-23,14.85,16.35,14.85,16.0,27167.14,42610.8
000026.SZ,2008-01-24,16.3,16.66,16.04,16.5,21466.85,35052.55
000026.SZ,2008-01-25,16.35,16.6,15.8,16.33,17455.04,28160.81
000026.SZ,2008-01-28,16.1,16.48,14.7,14.7,22554.47,34158.96
000026.SZ,2008-01-29,14.89,15.2,14.05,14.4,16267.12,23429.61
000026.SZ,2008-01-30,14.4,14.85,13.6,14.26,14882.66,21287.21
000026.SZ,2008-01-31,14.27,14.64,13.9,14.34,7087.24,10184.29
000026.SZ,2008-02-01,14.5,14.57,13.02,13.51,8450.96,11599.59
000026.SZ,2008-02-04,13.68,14.76,13.68,14.67,7735.7,11054.28
000026.SZ,2008-02-05,14.68,15.1,14.12,14.89,8599.39,12777.87
000026.SZ,2008-02-13,14.68,15.18,14.05,14.88,6040.44,8974.69
000026.SZ,2008-02-14,14.81,15.2,14.81,14.98,3796.06,5710.81
000026.SZ,2008-02-15,15.0,15.35,14.8,15.32,9768.36,14693.76
000026.SZ,2008-02-18,15.36,16.26,15.36,16.0,13040.32,20883.9
000026.SZ,2008-02-19,16.0,16.58,16.0,16.45,11995.69,19568.03
000026.SZ,2008-02-21,16.01,16.42,15.6,16.15,7836.55,12528.83
000026.SZ,2008-02-22,16.11,16.56,15.65,15.95,12505.66,20198.54
000026.SZ,2008-02-25,15.95,16.3,15.2,15.21,9330.41,14600.04
000026.SZ,2008-02-26,15.59,15.88,14.91,15.38,13796.82,21191.04
000026.SZ,2008-02-27,15.7,15.7,15.02,15.41,16744.16,25754.92
000026.SZ,2008-02-28,15.4,16.0,15.38,15.95,13346.07,20913.57
000026.SZ,2008-02-29,16.04,16.39,15.9,16.3,30199.95,48780.3
000026.SZ,2008-03-03,16.25,16.65,15.8,16.28,20991.73,34508.19
000026.SZ,2008-03-04,16.28,16.58,16.05,16.28,21941.61,35827.21
000026.SZ,2008-03-05,16.11,16.35,15.8,16.13,14058.99,22592.93
000026.SZ,2008-03-06,16.13,17.08,16.11,16.86,37966.48,63440.8
000026.SZ,2008-03-07,17.3,17.69,16.98,17.07,52749.42,91404.28
000026.SZ,2008-03-10,17.07,17.18,16.08,16.6,28388.43,47067.7
000026.SZ,2008-03-11,16.57,16.57,15.96,16.48,13631.16,22179.44
000026.SZ,2008-03-12,16.52,16.95,16.0,16.53,15537.6,25690.82
000026.SZ,2008-03-13,16.0,16.4,15.2,15.95,13449.92,21263.44
000026.SZ,2008-03-14,15.95,16.0,15.23,15.58,5747.48,8927.29
000026.SZ,2008-03-17,15.23,15.6,14.15,14.68,11849.36,17475.88
000026.SZ,2008-03-18,14.58,14.58,13.21,13.3,10620.3,14523.34
000026.SZ,2008-03-19,13.35,14.51,13.35,14.19,13867.8,19382.03
000026.SZ,2008-03-20,14.0,15.04,13.7,14.9,9373.21,13545.95
000026.SZ,2008-03-21,15.0,15.43,14.83,14.89,8993.25,13528.24
000026.SZ,2008-03-24,14.65,15.0,14.5,14.7,6320.18,9293.39
000026.SZ,2008-03-25,14.8,15.15,14.16,15.1,11520.27,16775.81
000026.SZ,2008-03-26,14.86,15.85,14.86,15.82,14612.91,22795.56
000026.SZ,2008-03-27,15.8,15.8,14.71,15.4,12724.22,19374.8
000026.SZ,2008-03-28,14.5,15.7,14.5,15.6,10971.93,16810.14
000026.SZ,2008-03-31,14.81,15.5,14.42,15.2,6694.81,10055.2
000026.SZ,2008-04-01,15.2,15.4,13.68,13.8,6351.19,8968.97
000026.SZ,2008-04-02,14.1,14.19,12.45,12.8,11092.1,14600.69
000026.SZ,2008-04-03,12.68,13.3,11.7,13.3,5062.6,6322.83
000026.SZ,2008-04-07,12.9,13.9,12.88,13.8,3985.74,5444.47
000026.SZ,2008-04-08,13.8,14.09,13.65,13.84,5219.71,7206.81
000026.SZ,2008-04-09,13.82,13.91,12.93,13.49,11174.89,15003.19
000026.SZ,2008-04-10,13.02,13.6,12.65,13.45,8012.15,10495.65
000026.SZ,2008-04-11,13.48,13.8,13.15,13.64,3812.76,5159.63
000026.SZ,2008-04-14,13.03,13.49,12.28,12.28,4649.18,5917.95
000026.SZ,2008-04-15,12.55,12.55,11.54,11.98,7483.29,8884.76
000026.SZ,2008-04-16,12.1,12.25,11.91,12.0,5520.34,6677.8
000026.SZ,2008-04-17,12.0,12.5,11.0,11.48,9326.54,10736.64
000026.SZ,2008-04-18,11.3,11.65,10.33,10.7,7646.9,8506.51
000026.SZ,2008-04-21,11.5,11.5,9.93,10.1,22008.0,23581.0
000026.SZ,2008-04-22,10.01,10.1,9.2,10.1,10399.14,10101.04
000026.SZ,2008-04-23,9.95,10.55,9.85,10.48,12212.76,12468.13
000026.SZ,2008-04-24,11.25,11.53,11.0,11.53,29419.29,33372.09
000026.SZ,2008-04-25,11.8,12.24,11.33,11.8,33551.48,40136.48
000026.SZ,2008-04-28,11.83,12.04,11.3,11.45,26877.45,31329.12
000026.SZ,2008-04-29,11.44,11.47,11.09,11.22,12682.82,14276.03
000026.SZ,2008-04-30,11.39,11.95,11.2,11.63,19298.57,22301.25
000026.SZ,2008-05-05,11.75,12.36,11.63,12.23,18673.78,22313.25
000026.SZ,2008-05-06,12.14,12.14,11.7,11.89,13061.55,15544.36
000026.SZ,2008-05-07,11.9,12.06,11.41,11.48,15244.83,17842.97
000026.SZ,2008-05-08,11.6,11.95,11.3,11.93,11442.63,13319.78
000026.SZ,2008-05-09,12.03,12.23,11.65,12.22,18113.33,21730.17
000026.SZ,2008-05-12,11.92,12.8,11.66,12.5,20038.27,24993.63
000026.SZ,2008-05-13,12.0,12.85,11.95,12.5,17315.65,21471.47
000026.SZ,2008-05-14,12.51,12.8,12.35,12.57,9983.51,12594.45
000026.SZ,2008-05-16,12.56,12.56,11.98,12.12,10594.6,12919.32
000026.SZ,2008-05-19,12.01,12.42,12.0,12.1,4436.99,5383.7
000026.SZ,2008-05-20,12.18,12.38,11.45,11.59,8364.22,9957.77
000026.SZ,2008-05-21,11.38,11.59,10.88,11.49,8472.82,9481.68
000026.SZ,2008-05-22,11.4,11.68,11.21,11.27,6165.73,7064.92
000026.SZ,2008-05-23,11.28,11.47,10.78,11.26,5256.75,5834.8
000026.SZ,2008-05-26,11.15,11.15,10.5,10.67,13127.12,14036.39
000026.SZ,2008-05-27,10.67,10.7,10.41,10.56,4112.7,4342.86
000026.SZ,2008-05-28,10.65,11.34,10.6,11.25,11443.77,12633.04
000026.SZ,2008-05-29,11.1,11.39,11.05,11.11,5055.39,5683.6
000026.SZ,2008-05-30,11.11,11.47,11.01,11.17,5182.93,5798.35
000026.SZ,2008-06-02,11.2,11.35,11.1,11.29,5037.03,5654.48
000026.SZ,2008-06-03,11.49,11.69,11.25,11.35,6960.49,7973.29
000026.SZ,2008-06-04,11.35,11.35,10.85,10.91,5129.23,5625.65
000026.SZ,2008-06-05,10.9,11.33,10.88,10.91,5962.42,6577.61
000026.SZ,2008-06-06,10.91,10.95,10.01,10.72,5367.81,5706.49
000026.SZ,2008-06-10,10.24,10.3,9.65,9.78,6350.49,6234.6
000026.SZ,2008-06-11,9.3,9.75,9.28,9.45,7431.91,7061.92
000026.SZ,2008-06-12,9.46,9.65,8.88,9.25,15043.7,13853.54
000026.SZ,2008-06-13,9.25,9.3,8.5,9.0,9027.18,8092.69
000026.SZ,2008-06-16,8.92,9.64,8.3,9.55,18056.78,16542.97
000026.SZ,2008-06-17,9.48,10.0,8.98,9.15,18106.46,17573.1
000026.SZ,2008-06-18,8.86,9.5,8.35,9.44,22849.0,20252.17
000026.SZ,2008-06-19,9.18,9.18,8.5,8.5,14126.39,12259.33
000026.SZ,2008-06-20,8.4,8.93,7.88,8.4,15470.35,13079.37
000026.SZ,2008-06-23,8.06,8.21,7.68,7.99,11694.56,9309.03
000026.SZ,2008-06-24,7.81,8.1,7.8,8.06,12388.81,9913.46
000026.SZ,2008-06-25,8.06,8.5,8.0,8.49,14991.44,12412.12
000026.SZ,2008-06-26,8.3,8.67,8.02,8.54,11467.98,9767.02
000026.SZ,2008-06-27,8.29,8.58,8.05,8.3,12238.52,10117.64
000026.SZ,2008-06-30,8.3,8.52,8.25,8.5,12584.8,10563.41
000026.SZ,2008-07-01,8.59,8.62,8.3,8.36,2775.38,2328.05
000026.SZ,2008-07-02,8.05,8.45,8.05,8.28,3458.25,2879.38
000026.SZ,2008-07-03,8.26,8.67,8.1,8.47,9416.68,7964.39
000026.SZ,2008-07-04,8.55,8.62,8.3,8.5,4021.5,3398.06
000026.SZ,2008-07-07,8.57,8.9,8.36,8.8,10171.11,8865.97
000026.SZ,2008-07-08,8.94,8.94,8.58,8.8,12136.62,10618.08
000026.SZ,2008-07-09,8.9,9.12,8.61,9.06,13875.95,12520.02
000026.SZ,2008-07-10,8.97,9.12,8.8,8.8,11220.75,10040.12
000026.SZ,2008-07-11,8.78,8.96,8.49,8.67,6051.07,5181.74
000026.SZ,2008-07-14,8.58,8.77,8.5,8.67,4941.2,4250.22
000026.SZ,2008-07-15,8.74,8.8,8.3,8.5,7134.07,6082.79
000026.SZ,2008-07-16,8.6,8.6,7.9,8.07,5550.68,4525.42
000026.SZ,2008-07-17,8.1,8.25,7.86,7.91,4613.88,3707.04
000026.SZ,2008-07-18,7.93,8.29,7.7,8.18,8956.61,7159.84
000026.SZ,2008-07-21,8.06,8.47,8.06,8.4,8423.0,7024.63
000026.SZ,2008-07-22,8.6,8.79,8.54,8.66,10054.08,8694.63
000026.SZ,2008-07-23,8.74,9.05,8.6,8.82,14952.9,13276.41
000026.SZ,2008-07-24,8.97,8.98,8.7,8.86,18279.51,16101.83
000026.SZ,2008-07-28,8.86,9.18,8.86,9.18,18970.96,17222.54
000026.SZ,2008-07-29,9.08,9.15,8.98,9.09,9539.94,8653.26
000026.SZ,2008-07-30,9.1,9.23,9.04,9.1,10041.54,9159.87
000026.SZ,2008-07-31,9.18,9.18,8.64,8.86,7884.8,6996.7
000026.SZ,2008-08-01,8.78,8.97,8.5,8.86,8950.19,7748.48
000026.SZ,2008-08-04,8.71,8.84,8.59,8.59,2476.93,2151.07
000026.SZ,2008-08-05,8.57,8.73,8.42,8.45,2800.18,2392.88
000026.SZ,2008-08-06,8.61,8.62,8.31,8.48,2149.48,1814.05
000026.SZ,2008-08-07,8.5,8.85,8.38,8.72,6044.35,5172.41
000026.SZ,2008-08-08,8.69,8.72,8.1,8.27,8267.1,6951.29
000026.SZ,2008-08-11,8.25,8.5,7.44,7.52,4968.15,3915.99
000026.SZ,2008-08-12,7.52,7.58,7.22,7.42,2509.03,1856.7
000026.SZ,2008-08-13,7.38,7.55,7.02,7.39,3354.38,2447.36
000026.SZ,2008-08-14,7.25,7.5,7.25,7.5,2412.59,1782.86
000026.SZ,2008-08-15,7.49,7.64,7.31,7.46,1957.36,1467.18
000026.SZ,2008-08-18,7.3,7.51,6.73,6.98,3838.78,2709.5
000026.SZ,2008-08-19,6.87,7.03,6.75,6.94,2954.39,2027.61
000026.SZ,2008-08-20,6.9,7.63,6.7,7.48,5412.43,3992.02
000026.SZ,2008-08-21,7.41,7.49,7.11,7.2,3698.92,2687.11
000026.SZ,2008-08-22,7.08,7.26,6.91,6.99,2205.24,1549.06
000026.SZ,2008-08-25,6.99,7.15,6.9,7.04,1829.46,1291.69
000026.SZ,2008-08-26,6.92,7.04,6.51,6.61,2389.99,1609.02
000026.SZ,2008-08-27,6.61,6.8,6.5,6.72,2637.29,1759.78
000026.SZ,2008-08-28,6.79,6.95,6.66,6.92,2990.77,2047.56
000026.SZ,2008-08-29,7.15,7.35,7.04,7.11,12129.58,8699.27
000026.SZ,2008-09-01,7.0,7.12,6.76,6.79,3816.4,2632.72
000026.SZ,2008-09-02,6.61,6.9,6.55,6.82,1788.26,1207.29
000026.SZ,2008-09-03,6.74,6.85,6.63,6.75,2405.11,1616.83
000026.SZ,2008-09-04,6.75,6.9,6.68,6.86,1864.83,1269.6
000026.SZ,2008-09-05,6.7,6.7,6.5,6.57,3629.19,2384.96
000026.SZ,2008-09-08,6.6,6.6,6.05,6.2,6469.65,4053.75
000026.SZ,2008-09-09,6.2,6.36,6.16,6.31,3603.96,2271.47
000026.SZ,2008-09-10,6.2,6.41,6.2,6.32,2934.54,1851.73
000026.SZ,2008-09-11,6.32,6.36,6.1,6.18,2411.04,1501.62
000026.SZ,2008-09-12,6.17,6.25,6.15,6.18,2978.97,1843.96
000026.SZ,2008-09-16,6.0,6.23,6.0,6.08,3424.22,2076.23
000026.SZ,2008-09-17,6.01,6.14,5.98,6.02,2292.66,1391.37
000026.SZ,2008-09-18,5.95,6.01,5.48,5.87,6158.81,3596.48
000026.SZ,2008-09-19,6.35,6.46,6.15,6.46,47159.07,30346.91
000026.SZ,2008-09-22,6.6,6.98,6.26,6.83,65532.21,43759.94
000026.SZ,2008-09-23,6.57,6.57,6.15,6.15,32709.93,20403.7
000026.SZ,2008-09-24,5.88,6.08,5.6,6.07,20872.28,12106.94
000026.SZ,2008-09-25,6.05,6.25,5.94,6.07,21486.38,13155.72
000026.SZ,2008-09-26,6.11,6.19,5.6,5.71,56640.62,32670.6
000026.SZ,2008-10-06,5.59,5.59,5.19,5.2,32929.88,17521.06
000026.SZ,2008-10-07,5.03,5.26,4.95,5.26,18542.61,9464.36
000026.SZ,2008-10-08,5.02,5.19,5.01,5.05,12374.11,6289.01
000026.SZ,2008-10-09,5.1,5.2,5.01,5.09,12416.37,6334.9
000026.SZ,2008-10-10,4.9,5.0,4.58,4.58,18232.75,8684.33
000026.SZ,2008-10-13,4.5,4.6,4.25,4.57,17909.56,7871.21
000026.SZ,2008-10-14,4.75,4.79,4.44,4.44,14908.09,6886.65
000026.SZ,2008-10-15,4.27,4.49,4.27,4.41,8128.76,3565.8
000026.SZ,2008-10-16,4.29,4.29,3.97,3.97,14021.78,5727.77
000026.SZ,2008-10-17,4.09,4.1,3.99,4.03,6445.6,2605.98
000026.SZ,2008-10-20,4.04,4.21,3.95,4.19,10979.03,4502.13
000026.SZ,2008-10-21,4.25,4.33,4.11,4.16,11418.91,4801.95
000026.SZ,2008-10-22,4.15,4.33,4.12,4.17,11267.7,4761.22
000026.SZ,2008-10-23,4.15,4.2,4.01,4.2,6983.59,2856.23
000026.SZ,2008-10-24,4.15,4.31,4.11,4.17,7626.45,3209.66
000026.SZ,2008-10-27,4.08,4.14,3.75,3.76,10735.84,4199.46
000026.SZ,2008-10-28,3.7,3.95,3.68,3.89,29025.64,11151.6
000026.SZ,2008-10-29,3.94,4.2,3.85,4.1,84464.22,33916.47
000026.SZ,2008-10-30,4.04,4.51,3.97,4.47,94660.27,40315.56
000026.SZ,2008-10-31,4.32,4.44,4.1,4.1,55004.46,23388.11
000026.SZ,2008-11-03,4.02,4.08,3.85,3.86,35289.07,13887.34
000026.SZ,2008-11-04,3.85,4.03,3.8,3.99,25749.24,10153.69
000026.SZ,2008-11-05,4.01,4.3,3.94,4.27,61720.19,25375.47
000026.SZ,2008-11-06,4.11,4.26,4.09,4.11,42385.22,17625.95
000026.SZ,2008-11-07,4.04,4.26,3.98,4.19,32516.35,13603.32
000026.SZ,2008-11-10,4.27,4.55,4.27,4.48,50752.95,22369.66
000026.SZ,2008-11-11,4.43,4.65,4.39,4.45,45791.76,20790.3
000026.SZ,2008-11-12,4.4,4.74,4.36,4.71,39046.25,18019.36
000026.SZ,2008-11-13,4.62,4.99,4.6,4.87,65935.54,31585.0
000026.SZ,2008-11-14,4.88,5.03,4.7,5.0,66155.16,32240.96
000026.SZ,2008-11-17,4.95,5.3,4.85,5.2,58078.59,29326.5
000026.SZ,2008-11-18,5.1,5.19,4.68,4.68,50277.38,24576.07
000026.SZ,2008-11-19,4.58,4.99,4.46,4.91,47765.9,22697.56
000026.SZ,2008-11-20,4.79,5.05,4.71,4.97,50059.48,24348.78
000026.SZ,2008-11-21,4.84,5.04,4.62,4.87,40576.43,19606.86
000026.SZ,2008-11-24,4.85,4.98,4.6,4.62,21260.97,10184.57
000026.SZ,2008-11-25,4.66,4.75,4.37,4.51,22192.26,10116.87
000026.SZ,2008-11-26,4.47,4.64,4.4,4.58,19483.33,8846.27
000026.SZ,2008-11-27,4.89,4.95,4.58,4.6,33857.16,16134.14
000026.SZ,2008-11-28,4.6,4.91,4.43,4.91,51445.14,24355.42
000026.SZ,2008-12-01,4.88,5.4,4.87,5.3,95462.31,49445.04
000026.SZ,2008-12-02,5.12,5.37,5.05,5.23,54241.11,28148.55
000026.SZ,2008-12-03,5.3,5.41,5.25,5.4,52512.14,28016.79
000026.SZ,2008-12-04,5.45,5.59,5.22,5.25,60075.71,32583.15
000026.SZ,2008-12-05,5.16,5.36,5.15,5.35,36468.34,19183.56
000026.SZ,2008-12-08,5.43,5.65,5.4,5.65,49777.2,27596.85
000026.SZ,2008-12-09,5.68,6.09,5.6,6.0,81229.91,47425.38
000026.SZ,2008-12-10,6.0,6.15,5.8,6.08,96683.03,58103.11
000026.SZ,2008-12-11,6.08,6.44,5.94,5.95,75284.52,46653.93
000026.SZ,2008-12-12,5.92,5.93,5.36,5.43,57291.87,31840.64
000026.SZ,2008-12-15,5.5,5.69,5.37,5.68,41237.57,22751.68
000026.SZ,2008-12-16,5.6,5.75,5.32,5.73,38365.71,21199.02
000026.SZ,2008-12-17,5.71,5.85,5.62,5.67,39772.55,22878.9
000026.SZ,2008-12-18,5.6,5.78,5.58,5.78,27877.45,15886.31
000026.SZ,2008-12-19,5.79,5.93,5.7,5.73,31400.81,18344.77
000026.SZ,2008-12-22,5.7,5.8,5.53,5.71,27189.61,15341.65
000026.SZ,2008-12-23,5.69,5.69,5.28,5.29,27291.22,14997.08
000026.SZ,2008-12-24,5.25,5.25,5.0,5.1,21251.82,10875.31
000026.SZ,2008-12-25,5.1,5.22,4.95,5.12,21636.03,11025.12
000026.SZ,2008-12-26,5.12,5.18,5.0,5.01,18657.66,9536.23
000026.SZ,2008-12-29,4.95,4.99,4.71,4.88,18881.33,9171.62
000026.SZ,2008-12-30,4.9,4.98,4.81,4.83,17367.54,8473.84
000026.SZ,2008-12-31,4.84,4.94,4.81,4.85,12194.98,5949.24
000026.SZ,2009-01-05,4.95,5.13,4.9,5.1,17046.78,8553.62
000026.SZ,2009-01-06,5.1,5.33,5.02,5.3,34054.9,17719.93
000026.SZ,2009-01-07,5.25,5.52,5.22,5.51,36414.24,19558.91
000026.SZ,2009-01-08,5.54,5.63,5.29,5.37,52596.76,28945.92
000026.SZ,2009-01-09,5.28,5.65,5.28,5.56,40013.82,21986.1
000026.SZ,2009-01-12,5.67,5.74,5.51,5.68,49847.39,28102.68
000026.SZ,2009-01-13,5.69,5.82,5.5,5.67,53616.42,30521.45
000026.SZ,2009-01-14,5.67,5.95,5.6,5.88,55455.24,32259.09
000026.SZ,2009-01-15,5.88,5.99,5.69,5.88,55924.85,32970.18
000026.SZ,2009-01-16,6.02,6.47,5.88,6.02,84101.47,52067.77
000026.SZ,2009-01-19,6.0,6.2,5.86,5.93,56693.69,33938.01
000026.SZ,2009-01-20,6.25,6.25,5.84,5.98,45950.59,27422.36
000026.SZ,2009-01-21,5.8,5.96,5.79,5.81,31402.36,18411.0
000026.SZ,2009-01-22,5.8,5.95,5.75,5.86,25731.93,15022.78
000026.SZ,2009-01-23,5.87,5.92,5.69,5.69,27137.12,15652.4
000026.SZ,2009-02-02,5.69,5.96,5.69,5.94,35448.72,20862.77
000026.SZ,2009-02-03,5.9,6.17,5.88,6.17,49116.94,29898.72
000026.SZ,2009-02-04,6.18,6.42,6.12,6.37,63426.7,39569.66
000026.SZ,2009-02-05,6.35,6.4,6.06,6.13,46038.91,28757.59
000026.SZ,2009-02-06,6.09,6.46,6.09,6.38,53147.91,33580.71
000026.SZ,2009-02-09,6.52,6.78,6.32,6.77,91142.63,59561.97
000026.SZ,2009-02-10,6.65,6.99,6.59,6.88,62691.62,43023.15
000026.SZ,2009-02-11,6.7,6.98,6.57,6.72,66800.61,45429.13
000026.SZ,2009-02-12,6.73,7.2,6.67,7.17,70964.48,48916.29
000026.SZ,2009-02-13,7.1,7.57,7.06,7.48,81573.64,59494.03
000026.SZ,2009-02-16,7.56,8.23,7.2,8.23,107285.44,82414.61
000026.SZ,2009-02-17,7.91,8.46,7.66,7.87,92322.06,73940.11
000026.SZ,2009-02-18,7.66,8.03,7.46,7.52,55625.11,43053.22
000026.SZ,2009-02-19,7.64,7.77,7.28,7.5,35901.44,26982.48
000026.SZ,2009-02-20,7.53,7.72,7.3,7.7,37152.55,28137.78
000026.SZ,2009-02-23,7.66,7.94,7.55,7.88,38785.42,30169.22
000026.SZ,2009-02-24,7.78,7.88,7.2,7.2,54760.97,41084.41
000026.SZ,2009-02-25,7.24,7.34,6.95,7.16,41680.49,29869.52
000026.SZ,2009-02-26,7.18,7.39,6.46,6.65,41881.99,29666.75
000026.SZ,2009-02-27,6.65,6.8,6.26,6.38,39645.77,25855.33
000026.SZ,2009-03-02,6.35,6.8,6.31,6.8,35833.15,23715.3
000026.SZ,2009-03-03,6.78,7.48,6.71,7.48,128446.52,93202.7
000026.SZ,2009-03-04,7.42,7.92,7.3,7.69,105281.15,81310.81
000026.SZ,2009-03-05,7.71,8.08,7.52,7.96,90392.86,70685.13
000026.SZ,2009-03-06,7.81,7.95,7.63,7.79,45595.23,35468.77
000026.SZ,2009-03-09,7.82,8.0,7.39,7.43,51803.5,39914.44
000026.SZ,2009-03-10,7.15,7.57,7.15,7.5,35009.49,25852.7
000026.SZ,2009-03-11,7.63,7.7,7.3,7.31,33155.04,24696.13
000026.SZ,2009-03-12,7.31,7.32,6.89,7.2,30070.95,21361.28
000026.SZ,2009-03-13,7.26,7.39,7.12,7.13,26853.84,19476.51
000026.SZ,2009-03-16,7.18,7.33,6.98,7.3,25023.57,17967.22
000026.SZ,2009-03-17,7.39,7.65,7.18,7.52,47254.34,35016.93
000026.SZ,2009-03-18,7.51,7.78,7.51,7.55,39740.38,30357.0
000026.SZ,2009-03-19,7.58,7.88,7.46,7.81,53366.25,41104.32
000026.SZ,2009-03-20,7.81,7.81,7.53,7.59,44372.15,33869.14
000026.SZ,2009-03-23,7.61,7.88,7.48,7.85,54658.63,42271.19
000026.SZ,2009-03-24,7.98,8.15,7.85,7.96,66073.35,53178.92
000026.SZ,2009-03-25,7.93,8.08,7.6,7.63,44565.98,35288.95
000026.SZ,2009-03-26,7.6,7.82,7.48,7.79,46519.48,35521.89
000026.SZ,2009-03-27,7.79,7.97,7.58,7.83,49049.09,38531.97
000026.SZ,2009-03-30,7.88,8.22,7.81,8.13,50448.68,40594.31
000026.SZ,2009-03-31,7.95,8.06,7.7,8.03,40185.79,31816.94
000026.SZ,2009-04-01,8.07,8.18,7.95,8.1,53378.52,43085.19
000026.SZ,2009-04-02,8.1,8.42,8.01,8.02,59491.38,48816.43
000026.SZ,2009-04-03,8.02,8.2,7.72,7.81,42885.27,33837.8
000026.SZ,2009-04-07,7.82,7.98,7.73,7.95,25920.19,20362.23
000026.SZ,2009-04-08,7.92,7.95,7.53,7.53,39990.68,30816.99
000026.SZ,2009-04-09,7.52,7.65,7.4,7.61,30086.1,22577.97
000026.SZ,2009-04-10,7.62,7.95,7.6,7.95,46872.96,36537.36
000026.SZ,2009-04-13,7.94,8.08,7.9,8.03,43052.22,34380.55
000026.SZ,2009-04-14,8.05,8.15,7.92,8.04,35798.76,28648.57
000026.SZ,2009-04-15,7.95,8.25,7.88,8.25,60996.06,49264.36
000026.SZ,2009-04-16,8.27,8.57,8.25,8.37,76749.72,64506.55
000026.SZ,2009-04-17,8.26,8.36,7.95,8.01,46465.1,37646.2
000026.SZ,2009-04-20,8.08,8.42,7.97,8.42,47406.85,39004.7
000026.SZ,2009-04-21,8.33,8.79,8.3,8.62,81917.64,70470.06
000026.SZ,2009-04-22,8.7,8.73,7.76,7.84,66234.33,54665.63
000026.SZ,2009-04-23,7.8,7.96,7.58,7.85,36371.42,28144.18
000026.SZ,2009-04-24,7.95,7.99,7.67,7.67,29503.26,22943.25
000026.SZ,2009-04-27,7.71,7.71,7.3,7.33,29913.72,22252.3
000026.SZ,2009-04-28,7.32,7.48,7.31,7.4,19943.28,14716.85
000026.SZ,2009-04-29,7.42,7.65,7.4,7.6,22005.37,16584.09
000026.SZ,2009-04-30,7.63,7.81,7.63,7.74,25492.42,19666.37
000026.SZ,2009-05-04,7.69,8.05,7.69,8.0,32918.21,25926.19
000026.SZ,2009-05-05,8.05,8.13,7.91,8.08,37573.31,30102.02
000026.SZ,2009-05-06,8.07,8.27,7.96,8.2,41841.65,33910.33
000026.SZ,2009-05-07,8.21,8.26,7.86,7.98,39803.92,31914.62
000026.SZ,2009-05-08,7.94,8.2,7.87,8.12,50474.17,40580.29
000026.SZ,2009-05-11,8.13,8.27,7.7,7.72,37255.13,29831.0
000026.SZ,2009-05-12,7.55,7.83,7.52,7.83,19044.37,14744.67
000026.SZ,2009-05-13,7.82,7.99,7.81,7.96,26127.26,20686.95
000026.SZ,2009-05-14,7.84,8.25,7.83,8.22,57151.0,46362.82
000026.SZ,2009-05-15,8.24,8.73,8.16,8.25,72037.62,59960.95
000026.SZ,2009-05-18,8.25,8.53,8.13,8.5,87194.01,72926.21
000026.SZ,2009-05-19,8.5,8.57,8.28,8.37,55035.45,46153.68
000026.SZ,2009-05-20,8.42,8.42,8.1,8.11,43200.72,35520.05
000026.SZ,2009-05-22,7.92,8.0,7.82,7.91,29336.5,23194.62
000026.SZ,2009-05-25,7.79,7.91,7.58,7.9,24726.62,19089.91
000026.SZ,2009-05-26,7.85,8.11,7.8,7.97,28575.03,22885.51
000026.SZ,2009-05-27,8.1,8.27,8.1,8.14,42613.11,34882.49
000026.SZ,2009-06-01,8.14,8.25,8.05,8.2,33150.77,27027.88
000026.SZ,2009-06-02,8.21,8.35,8.12,8.25,36502.17,30080.99
000026.SZ,2009-06-03,8.26,8.5,8.18,8.37,60789.02,50837.43
000026.SZ,2009-06-04,8.3,8.48,8.19,8.35,39117.97,32555.53
000026.SZ,2009-06-05,8.34,8.64,8.2,8.45,78763.89,66674.2
000026.SZ,2009-06-08,8.5,9.2,8.43,8.91,124674.13,109471.08
000026.SZ,2009-06-09,8.8,8.91,8.5,8.82,69774.19,60696.29
000026.SZ,2009-06-10,8.89,9.17,8.72,8.76,77223.62,69005.0
000026.SZ,2009-06-11,8.73,8.77,8.51,8.53,47604.94,41026.93
000026.SZ,2009-06-12,8.49,8.6,8.11,8.28,38149.66,31956.07
000026.SZ,2009-06-15,8.35,8.5,8.26,8.48,32819.95,27576.52
000026.SZ,2009-06-16,8.45,8.48,8.29,8.31,23519.77,19673.15
000026.SZ,2009-06-17,8.32,8.66,8.3,8.61,32234.12,27447.27
000026.SZ,2009-06-18,8.62,8.9,8.49,8.72,43669.56,37918.99
000026.SZ,2009-06-19,8.74,9.04,8.64,8.82,59088.69,52340.94
000026.SZ,2009-06-22,8.95,8.95,8.75,8.88,39685.21,35008.85
000026.SZ,2009-06-23,8.77,9.04,8.71,8.9,37300.75,33172.19
000026.SZ,2009-06-24,8.9,8.92,8.67,8.7,42549.31,37347.24
000026.SZ,2009-06-25,8.7,8.8,8.58,8.72,23924.46,20727.45
000026.SZ,2009-06-26,8.7,8.76,8.6,8.73,19929.45,17268.3
000026.SZ,2009-06-29,8.7,8.88,8.65,8.76,32808.11,28890.08
000026.SZ,2009-06-30,8.76,8.84,8.46,8.48,27640.42,23821.62
000026.SZ,2009-07-01,8.45,8.73,8.42,8.57,23325.54,20041.5
000026.SZ,2009-07-02,8.58,8.87,8.48,8.87,43610.85,37808.63
000026.SZ,2009-07-03,8.98,9.7,8.98,9.2,119223.33,111675.83
000026.SZ,2009-07-06,9.05,9.14,8.84,8.9,53117.79,47675.83
000026.SZ,2009-07-07,8.88,9.08,8.78,8.97,29771.12,26703.91
000026.SZ,2009-07-08,9.0,9.05,8.8,8.97,23099.86,20635.18
000026.SZ,2009-07-09,8.97,9.48,8.91,9.37,51527.44,47677.02
000026.SZ,2009-07-10,9.37,9.59,9.18,9.41,44202.7,41390.7
000026.SZ,2009-07-13,9.43,9.75,9.31,9.56,48469.61,46284.21
000026.SZ,2009-07-14,9.57,9.65,9.46,9.62,39139.02,37455.02
000026.SZ,2009-07-15,9.6,9.6,9.34,9.5,54794.09,51586.14
000026.SZ,2009-07-16,9.4,9.58,9.3,9.49,37645.36,35411.93
000026.SZ,2009-07-17,9.4,9.61,9.36,9.53,34093.69,32368.15
000026.SZ,2009-07-20,9.6,9.78,9.52,9.72,52047.56,50246.44
000026.SZ,2009-07-21,9.71,10.25,9.51,9.9,93076.33,92033.86
000026.SZ,2009-07-22,9.82,10.37,9.82,10.34,72130.02,73067.8
000026.SZ,2009-07-23,10.36,10.49,10.07,10.35,42365.14,43414.07
000026.SZ,2009-07-24,10.38,10.45,9.77,10.3,59161.54,59579.94
000026.SZ,2009-07-27,10.1,10.3,10.0,10.14,35926.41,36429.06
000026.SZ,2009-07-28,10.1,10.2,9.79,10.16,52274.49,51944.05
000026.SZ,2009-07-29,10.09,10.28,9.2,9.72,45721.62,44911.73
000026.SZ,2009-07-30,9.7,9.8,8.98,9.17,84121.84,77982.89
000026.SZ,2009-07-31,9.25,9.49,9.17,9.45,49176.13,45848.92
000026.SZ,2009-08-03,9.39,9.63,9.3,9.57,44781.25,42277.62
000026.SZ,2009-08-04,9.55,9.55,9.2,9.44,52128.93,48848.5
000026.SZ,2009-08-05,9.44,9.67,9.33,9.62,51658.06,49389.24
000026.SZ,2009-08-06,9.5,9.6,9.21,9.38,33178.24,31255.61
000026.SZ,2009-08-07,9.36,9.51,9.06,9.08,34473.27,31924.93
000026.SZ,2009-08-10,9.12,9.25,9.0,9.12,45751.91,41656.45
000026.SZ,2009-08-11,9.13,9.33,9.09,9.28,28971.22,26655.51
000026.SZ,2009-08-12,9.28,9.3,8.81,8.9,25657.34,23112.64
000026.SZ,2009-08-13,8.9,8.98,8.68,8.86,20285.27,17883.94
000026.SZ,2009-08-14,8.88,8.89,8.2,8.26,24085.7,20559.06
000026.SZ,2009-08-17,8.0,8.23,7.61,7.61,21977.75,17453.09
000026.SZ,2009-08-18,7.56,7.92,7.56,7.86,16940.9,13130.56
000026.SZ,2009-08-19,7.87,7.89,7.48,7.68,23950.22,18356.47
000026.SZ,2009-08-20,7.65,8.45,7.61,8.25,34422.56,27609.31
000026.SZ,2009-08-21,8.15,8.34,8.02,8.32,30559.16,25095.91
000026.SZ,2009-08-24,8.32,8.62,8.11,8.47,34247.43,28797.73
000026.SZ,2009-08-25,8.43,8.66,7.91,8.53,45926.39,38012.69
000026.SZ,2009-08-26,8.45,8.97,8.3,8.88,75433.48,66213.12
000026.SZ,2009-08-27,8.89,9.22,8.75,8.86,67186.19,60474.25
000026.SZ,2009-08-28,8.86,8.87,8.38,8.38,28073.37,24131.37
000026.SZ,2009-08-31,8.36,9.22,8.2,8.37,95655.56,83494.35
000026.SZ,2009-09-01,7.9,8.15,7.58,7.72,55338.2,43375.29
000026.SZ,2009-09-02,7.67,7.9,7.53,7.78,21931.79,16934.89
000026.SZ,2009-09-03,7.71,8.14,7.71,8.08,29514.01,23614.41
000026.SZ,2009-09-04,8.06,8.32,7.98,8.22,36067.12,29353.63
000026.SZ,2009-09-07,8.26,8.34,8.1,8.16,35848.24,29516.84
000026.SZ,2009-09-08,8.17,8.38,8.1,8.32,33338.71,27600.93
000026.SZ,2009-09-09,8.33,8.38,8.23,8.35,33820.44,28117.83
000026.SZ,2009-09-10,8.31,8.34,8.09,8.13,28897.12,23693.57
000026.SZ,2009-09-11,8.14,8.39,8.14,8.28,25788.84,21381.67
000026.SZ,2009-09-14,8.28,8.6,8.25,8.53,40965.79,34520.17
000026.SZ,2009-09-15,8.54,8.84,8.45,8.68,48581.57,41940.49
000026.SZ,2009-09-16,8.6,8.7,8.41,8.55,34830.52,29712.1
000026.SZ,2009-09-17,8.53,8.86,8.5,8.81,48285.82,42343.92
000026.SZ,2009-09-18,8.85,8.95,8.45,8.6,44761.62,39093.22
000026.SZ,2009-09-21,8.56,8.68,8.35,8.67,22104.13,18833.5
000026.SZ,2009-09-22,8.67,8.97,8.58,8.68,59973.88,52921.4
000026.SZ,2009-09-23,8.7,8.83,8.5,8.61,43811.99,38013.07
000026.SZ,2009-09-24,8.5,8.6,8.0,8.31,29004.49,24201.73
000026.SZ,2009-09-25,8.32,8.38,8.01,8.19,19330.62,15778.4
000026.SZ,2009-09-28,8.18,8.3,7.87,7.96,12779.56,10386.65
000026.SZ,2009-09-29,7.85,8.03,7.6,7.73,11329.29,8812.09
000026.SZ,2009-09-30,7.82,8.23,7.77,8.01,23854.13,19114.37
000026.SZ,2009-10-09,8.07,8.53,8.07,8.34,26873.13,22318.17
000026.SZ,2009-10-12,8.41,8.52,8.2,8.44,32802.12,27558.0
000026.SZ,2009-10-13,8.39,8.63,8.32,8.6,27590.58,23515.57
000026.SZ,2009-10-14,8.62,9.46,8.52,9.25,136030.79,122942.89
000026.SZ,2009-10-15,9.25,9.25,9.01,9.1,57444.02,52328.92
000026.SZ,2009-10-16,9.2,9.33,9.01,9.11,73501.15,67481.19
000026.SZ,2009-10-19,9.2,9.41,9.14,9.14,100889.67,93048.49
000026.SZ,2009-10-20,9.38,10.01,9.2,9.43,146415.66,140553.79
000026.SZ,2009-10-21,9.21,9.87,9.21,9.69,108725.94,104894.42
000026.SZ,2009-10-22,9.62,9.96,9.45,9.51,70655.28,68395.9
000026.SZ,2009-10-23,9.53,9.74,9.23,9.34,71738.01,67980.75
000026.SZ,2009-10-26,9.41,9.58,9.25,9.56,42628.6,40220.54
000026.SZ,2009-10-27,9.48,9.48,9.0,9.02,43129.37,39710.63
000026.SZ,2009-10-28,9.07,9.15,8.8,9.08,36960.13,33104.5
000026.SZ,2009-10-29,8.91,9.05,8.85,8.93,24686.62,22073.57
000026.SZ,2009-10-30,9.05,9.17,8.88,9.11,36508.02,33092.89
000026.SZ,2009-11-02,8.89,9.32,8.83,9.28,44186.04,40312.65
000026.SZ,2009-11-03,9.24,9.57,9.22,9.53,55623.33,52231.01
000026.SZ,2009-11-04,9.5,9.58,9.33,9.47,31080.61,29321.9
000026.SZ,2009-11-05,9.45,9.54,9.37,9.5,32557.58,30774.55
000026.SZ,2009-11-06,9.5,9.76,9.46,9.48,46053.01,44178.18
000026.SZ,2009-11-09,9.52,9.66,9.4,9.63,43394.51,41499.8
000026.SZ,2009-11-10,9.63,9.68,9.46,9.55,41797.99,39933.39
000026.SZ,2009-11-11,9.55,9.65,9.42,9.6,33580.47,32152.37
000026.SZ,2009-11-12,9.62,9.95,9.55,9.79,72046.61,70114.43
000026.SZ,2009-11-13,9.73,9.89,9.48,9.71,46223.6,44742.04
000026.SZ,2009-11-16,9.74,10.1,9.74,9.91,62876.17,62464.06
000026.SZ,2009-11-17,9.92,10.24,9.85,10.22,65161.41,65698.0
000026.SZ,2009-11-18,10.2,10.26,9.98,10.07,39387.23,39725.07
000026.SZ,2009-11-19,10.1,10.2,9.88,10.11,53589.69,53615.12
000026.SZ,2009-11-20,10.1,10.37,9.97,10.18,51376.85,52228.01
000026.SZ,2009-11-23,10.17,10.58,10.1,10.58,64912.51,67324.01
000026.SZ,2009-11-24,10.61,10.85,9.8,9.99,93182.31,97277.38
000026.SZ,2009-11-25,9.97,10.99,9.93,10.99,106051.69,112545.54
000026.SZ,2009-11-26,11.25,11.98,10.85,11.06,167352.28,191427.67
000026.SZ,2009-11-27,10.75,11.47,10.2,10.31,110758.8,121042.55
000026.SZ,2009-11-30,10.49,11.34,10.49,11.34,91762.23,101269.81
000026.SZ,2009-12-01,11.61,12.25,11.37,11.91,110613.21,131017.26
000026.SZ,2009-12-02,11.88,12.2,11.68,12.06,82429.28,98381.9
000026.SZ,2009-12-03,11.9,12.45,11.7,11.93,72215.49,86971.04
000026.SZ,2009-12-04,11.9,12.02,11.0,11.19,83339.15,95569.02
000026.SZ,2009-12-07,11.31,11.38,11.0,11.28,44218.55,49425.42
000026.SZ,2009-12-08,11.3,11.82,11.03,11.7,63587.79,72456.9
000026.SZ,2009-12-09,11.58,11.63,11.11,11.21,28010.07,31766.4
000026.SZ,2009-12-10,11.21,11.68,11.21,11.52,48321.24,55494.04
000026.SZ,2009-12-11,11.51,12.03,11.48,11.71,44954.64,53022.08
000026.SZ,2009-12-14,11.67,12.38,11.3,12.32,57920.52,69092.01
000026.SZ,2009-12-15,12.3,12.85,12.01,12.2,53986.78,67084.24
000026.SZ,2009-12-16,12.05,12.52,12.01,12.2,29614.63,36469.51
000026.SZ,2009-12-17,12.2,12.29,11.61,11.65,27703.69,32919.62
000026.SZ,2009-12-18,11.65,11.65,11.09,11.48,25539.54,29056.15
000026.SZ,2009-12-21,11.46,11.9,11.27,11.88,28946.89,33663.82
000026.SZ,2009-12-22,11.85,12.36,11.68,12.24,62750.05,75956.76
000026.SZ,2009-12-23,12.15,12.45,11.85,12.29,44806.02,54857.47
000026.SZ,2009-12-24,12.32,12.79,12.17,12.59,70104.6,88236.08
000026.SZ,2009-12-25,12.46,13.08,12.46,12.82,69601.76,88977.91
000026.SZ,2009-12-28,12.8,13.16,12.59,12.83,48841.2,62662.27
000026.SZ,2009-12-29,12.83,12.88,12.5,12.85,37478.09,47553.72
000026.SZ,2009-12-30,12.8,13.12,12.5,12.85,50137.5,64418.87
000026.SZ,2009-12-31,12.73,13.09,12.55,13.07,41382.99,53246.62
000026.SZ,2010-01-04,13.14,13.29,12.73,12.75,31857.44,41098.22
000026.SZ,2010-01-05,12.73,12.83,12.42,12.68,31615.78,39798.97
000026.SZ,2010-01-06,12.56,13.3,12.5,13.3,50922.71,66009.37
000026.SZ,2010-01-07,13.2,13.35,12.66,12.68,43146.5,55838.05
000026.SZ,2010-01-08,12.57,12.84,12.38,12.79,19367.29,24565.06
000026.SZ,2010-01-11,12.79,12.98,12.3,12.57,43428.29,54240.52
000026.SZ,2010-01-12,12.53,12.72,12.42,12.6,32176.67,40513.43
000026.SZ,2010-01-13,12.23,13.04,12.11,12.81,53785.69,68721.07
000026.SZ,2010-01-14,12.79,13.45,12.7,13.39,51128.12,67333.14
000026.SZ,2010-01-15,13.36,13.72,13.06,13.63,48555.98,65160.69
000026.SZ,2010-01-18,13.5,14.2,13.5,13.9,40321.66,56199.68
000026.SZ,2010-01-19,13.9,14.49,13.65,13.73,61679.67,86562.75
000026.SZ,2010-01-20,13.76,13.97,13.27,13.39,31515.61,42992.25
000026.SZ,2010-01-21,13.39,13.58,13.09,13.51,14673.51,19664.59
000026.SZ,2010-01-22,13.38,13.42,12.8,13.06,21352.53,27904.98
000026.SZ,2010-01-25,13.01,13.35,12.9,13.24,12093.61,15909.13
000026.SZ,2010-01-26,13.23,13.33,12.3,12.44,27131.99,34147.61
000026.SZ,2010-01-27,12.36,12.5,12.0,12.09,17004.81,20926.05
000026.SZ,2010-01-28,12.09,12.41,12.03,12.18,20554.19,25117.86
000026.SZ,2010-01-29,12.15,12.55,12.13,12.29,15192.54,18741.5
000026.SZ,2010-02-01,12.28,12.28,11.8,11.94,18040.28,21537.21
000026.SZ,2010-02-02,11.98,12.2,11.46,11.58,15318.48,18337.77
000026.SZ,2010-02-03,11.5,11.83,11.03,11.78,19092.5,21961.77
000026.SZ,2010-02-04,11.7,12.08,11.53,11.92,14353.81,17064.59
000026.SZ,2010-02-05,11.6,11.88,11.48,11.63,10962.69,12764.04
000026.SZ,2010-02-08,11.92,12.39,11.92,12.06,23300.31,28348.9
000026.SZ,2010-02-09,11.88,12.36,11.7,12.13,12272.74,14779.68
000026.SZ,2010-02-10,12.3,12.35,12.07,12.18,6822.66,8288.19
000026.SZ,2010-02-11,12.06,12.22,12.06,12.11,5205.5,6313.13
000026.SZ,2010-02-12,12.22,12.75,12.07,12.66,20887.67,25954.48
000026.SZ,2010-02-22,12.61,12.73,12.4,12.52,12106.24,15219.55
000026.SZ,2010-02-23,12.47,12.5,12.11,12.39,11424.78,14046.11
000026.SZ,2010-02-24,12.35,12.75,12.26,12.72,20900.05,26170.88
000026.SZ,2010-02-25,12.8,12.97,12.65,12.81,22412.32,28809.09
000026.SZ,2010-02-26,12.71,13.2,12.71,12.93,20885.37,27205.16
000026.SZ,2010-03-01,13.14,13.14,12.9,13.01,14716.47,19117.53
000026.SZ,2010-03-02,13.05,13.38,13.0,13.32,28295.5,37500.73
000026.SZ,2010-03-03,13.35,13.4,13.16,13.36,17641.99,23468.89
000026.SZ,2010-03-04,13.4,13.63,12.5,12.64,23305.31,30531.89
000026.SZ,2010-03-05,12.64,12.99,12.62,12.83,13961.68,17870.21
000026.SZ,2010-03-08,12.89,13.46,12.88,13.33,21186.04,28006.32
000026.SZ,2010-03-09,13.33,13.43,13.12,13.25,13433.89,17808.44
000026.SZ,2010-03-10,13.2,13.31,12.81,13.13,19385.25,25397.05
000026.SZ,2010-03-11,13.08,13.24,12.83,12.91,9132.13,11836.48
000026.SZ,2010-03-12,12.83,12.95,12.46,12.54,15771.3,19987.16
000026.SZ,2010-03-15,12.42,12.54,12.06,12.29,12897.39,15775.48
000026.SZ,2010-03-16,12.29,12.47,12.25,12.43,10898.61,13456.34
000026.SZ,2010-03-17,12.48,13.15,12.45,13.05,17877.75,23014.54
000026.SZ,2010-03-18,13.05,13.36,12.93,13.14,19399.78,25545.93
000026.SZ,2010-03-19,13.14,13.36,13.1,13.27,20996.95,27820.4
000026.SZ,2010-03-22,13.27,13.79,13.15,13.73,36218.87,49200.68
000026.SZ,2010-03-23,13.7,13.78,13.51,13.61,24261.86,33101.01
000026.SZ,2010-03-24,13.58,13.94,13.58,13.79,24749.55,34136.51
000026.SZ,2010-03-25,13.8,13.84,13.45,13.51,22286.86,30244.61
000026.SZ,2010-03-26,13.48,13.88,13.35,13.59,17743.3,24335.99
000026.SZ,2010-03-29,13.58,13.73,13.36,13.56,18247.32,24635.91
000026.SZ,2010-03-30,13.56,13.84,13.48,13.49,13605.21,18519.19
000026.SZ,2010-03-31,13.49,13.98,13.49,13.79,26255.47,36149.82
000026.SZ,2010-04-01,13.88,14.37,13.78,14.16,39874.22,56078.48
000026.SZ,2010-04-02,14.17,14.39,14.05,14.19,16929.99,24047.37
000026.SZ,2010-04-06,14.18,14.47,14.08,14.11,15523.68,22129.88
000026.SZ,2010-04-07,14.13,14.42,14.09,14.18,17389.95,24732.57
000026.SZ,2010-04-08,14.15,14.47,14.0,14.38,22759.8,32440.85
000026.SZ,2010-04-09,14.55,14.55,14.15,14.36,16760.75,24130.82
000026.SZ,2010-04-12,14.57,15.65,14.4,15.57,49711.11,75309.8
000026.SZ,2010-04-13,15.2,16.17,14.65,15.99,80493.73,125206.36
000026.SZ,2010-04-14,15.8,16.05,15.65,15.86,29040.06,46043.4
000026.SZ,2010-04-15,15.88,16.15,15.1,15.45,23454.57,36566.87
000026.SZ,2010-04-16,15.45,15.6,15.11,15.44,11612.44,17923.07
000026.SZ,2010-04-19,15.4,15.63,14.6,14.64,31651.99,47692.33
000026.SZ,2010-04-20,14.64,15.25,14.32,15.15,29434.72,43470.13
000026.SZ,2010-04-21,15.16,15.89,15.06,15.65,25489.96,39632.2
000026.SZ,2010-04-22,15.63,15.81,15.28,15.45,34356.42,53578.08
000026.SZ,2010-04-23,15.31,16.13,15.3,15.96,30818.86,48954.4
000026.SZ,2010-04-26,15.92,16.78,15.71,16.45,27515.67,45181.47
000026.SZ,2010-04-27,16.41,16.58,15.4,15.85,27341.56,43531.34
000026.SZ,2010-04-28,15.8,16.15,15.49,15.75,12653.83,20000.94
000026.SZ,2010-04-29,15.78,16.05,15.23,15.25,15384.5,24224.33
000026.SZ,2010-04-30,15.17,15.44,13.79,15.0,29258.44,42086.48
000026.SZ,2010-05-04,14.71,15.0,14.25,14.89,14512.59,21499.94
000026.SZ,2010-05-05,14.75,15.3,14.6,15.29,18551.66,27759.88
000026.SZ,2010-05-06,15.29,15.39,14.5,14.66,16887.4,25158.75
000026.SZ,2010-05-07,14.14,14.7,14.12,14.36,10848.89,15676.62
000026.SZ,2010-05-10,14.38,14.53,13.51,13.72,13669.02,19034.98
000026.SZ,2010-05-11,13.97,14.2,13.35,13.47,21240.63,29630.85
000026.SZ,2010-05-12,13.49,13.79,13.07,13.21,9329.03,12455.9
000026.SZ,2010-05-13,13.25,13.77,13.0,13.77,10350.24,13918.07
000026.SZ,2010-05-14,13.74,14.35,13.51,14.19,17081.71,23973.71
000026.SZ,2010-05-17,14.03,14.39,13.65,13.86,18513.28,25949.09
000026.SZ,2010-05-18,13.85,14.4,13.75,14.29,24634.95,34704.43
000026.SZ,2010-05-19,14.29,14.29,13.8,14.03,17944.11,25202.43
000026.SZ,2010-05-20,13.85,14.17,13.0,13.07,18444.71,25022.51
000026.SZ,2010-05-21,12.6,13.14,12.42,13.0,20384.19,26173.2
000026.SZ,2010-05-24,13.1,13.65,13.0,13.54,12369.84,16638.68
000026.SZ,2010-05-25,13.5,13.7,13.22,13.38,10635.86,14285.2
000026.SZ,2010-05-26,13.38,13.55,13.29,13.38,11072.69,14883.12
000026.SZ,2010-05-27,13.4,13.74,13.23,13.74,12279.42,16621.96
000026.SZ,2010-05-28,13.94,13.97,13.51,13.7,12794.94,17515.73
000026.SZ,2010-05-31,13.6,13.82,13.1,13.1,16523.25,22583.15
000026.SZ,2010-06-01,13.1,13.34,12.56,12.84,12228.0,15828.63
000026.SZ,2010-06-02,12.85,13.2,12.6,13.12,10760.93,13967.98
000026.SZ,2010-06-03,13.13,13.3,12.88,12.9,13533.31,17716.87
000026.SZ,2010-06-04,12.86,13.08,12.85,13.06,7769.01,10090.93
000026.SZ,2010-06-07,12.9,13.27,12.76,13.2,10467.25,13661.26
000026.SZ,2010-06-08,13.19,13.76,13.15,13.76,19069.48,25674.26
000026.SZ,2010-06-09,13.89,14.09,13.56,14.0,28114.81,38928.72
000026.SZ,2010-06-10,13.86,14.21,13.86,14.2,19212.46,27007.56
000026.SZ,2010-06-11,14.2,14.82,14.14,14.31,26367.47,38107.51
000026.SZ,2010-06-17,14.32,14.65,13.8,14.0,26670.25,37699.09
000026.SZ,2010-06-18,13.99,14.05,13.54,13.93,13997.74,19341.76
000026.SZ,2010-06-21,13.8,14.14,13.59,14.05,15078.34,20919.75
000026.SZ,2010-06-23,14.05,14.28,13.8,14.28,11678.05,16441.81
000026.SZ,2010-06-24,14.33,14.38,14.1,14.26,6822.35,9714.79
000026.SZ,2010-06-25,14.08,14.2,13.7,14.0,7560.92,10592.26
000026.SZ,2010-06-28,14.0,14.0,13.59,13.59,4128.0,5669.68
000026.SZ,2010-06-29,13.61,13.86,12.72,12.92,11452.08,14989.13
000026.SZ,2010-06-30,12.87,13.0,12.45,12.79,9471.49,11981.73
000026.SZ,2010-07-01,12.85,12.85,12.56,12.8,4064.36,5173.54
000026.SZ,2010-07-02,12.7,12.9,11.52,11.8,32635.37,38543.8
000026.SZ,2010-07-05,11.68,11.68,11.09,11.16,21468.37,24351.67
000026.SZ,2010-07-06,11.16,11.8,11.13,11.68,24634.56,28182.53
000026.SZ,2010-07-07,11.67,11.8,11.5,11.69,11552.9,13447.74
000026.SZ,2010-07-08,11.72,12.04,11.69,11.89,17404.54,20618.53
000026.SZ,2010-07-09,11.89,12.18,11.83,11.99,25770.07,30997.95
000026.SZ,2010-07-12,11.99,12.33,11.95,12.27,22480.52,27355.38
000026.SZ,2010-07-13,12.27,12.31,11.83,12.28,23606.48,28458.7
000026.SZ,2010-07-14,12.26,12.33,12.08,12.27,33912.6,41396.65
000026.SZ,2010-07-15,12.42,12.75,12.32,12.32,63359.88,79459.53
000026.SZ,2010-07-16,12.01,12.23,11.67,12.2,31618.9,37585.51
000026.SZ,2010-07-19,12.11,12.6,11.97,12.36,26678.23,32768.31
000026.SZ,2010-07-20,12.37,12.73,12.28,12.61,42410.39,52898.75
000026.SZ,2010-07-21,12.53,12.65,12.44,12.53,27862.28,34953.65
000026.SZ,2010-07-22,12.53,12.83,12.45,12.77,27293.11,34665.5
000026.SZ,2010-07-23,12.79,13.2,12.65,13.09,41227.46,53452.49
000026.SZ,2010-07-26,13.1,13.32,12.86,13.09,19320.19,25265.46
000026.SZ,2010-07-27,13.0,13.12,12.9,13.0,12706.09,16525.06
000026.SZ,2010-07-28,13.0,13.33,13.0,13.26,48933.86,64449.35
000026.SZ,2010-07-29,13.28,13.28,13.07,13.13,27691.42,36458.39
000026.SZ,2010-07-30,13.17,13.22,12.9,13.02,20899.47,27267.35
000026.SZ,2010-08-02,13.03,13.5,12.97,13.44,31868.47,42185.99
000026.SZ,2010-08-03,13.43,14.24,13.41,13.75,62495.15,86417.22
000026.SZ,2010-08-04,13.63,14.02,13.26,13.75,38852.75,52662.29
000026.SZ,2010-08-05,13.69,13.95,13.5,13.75,35905.52,49433.47
000026.SZ,2010-08-06,13.75,14.09,13.46,13.99,25952.63,35942.83
000026.SZ,2010-08-09,13.99,14.65,13.86,14.5,46469.6,67180.1
000026.SZ,2010-08-10,14.5,14.62,14.1,14.11,32691.57,46766.49
000026.SZ,2010-08-11,14.05,14.45,14.01,14.29,27779.35,39505.48
000026.SZ,2010-08-12,14.15,14.39,13.76,13.8,20154.47,28260.53
000026.SZ,2010-08-13,13.76,14.15,13.66,14.14,24250.79,33695.66
000026.SZ,2010-08-16,14.13,14.5,13.95,14.39,22698.66,32637.73
000026.SZ,2010-08-17,14.4,15.16,14.4,14.98,41334.65,61487.69
000026.SZ,2010-08-18,14.95,15.05,14.62,14.9,28363.82,42090.3
000026.SZ,2010-08-19,14.95,15.23,14.8,14.85,27053.36,40627.47
000026.SZ,2010-08-20,14.85,15.0,14.51,14.52,18228.11,26863.94
000026.SZ,2010-08-23,14.54,14.98,14.48,14.82,20787.11,30464.59
000026.SZ,2010-08-24,14.88,15.0,14.66,14.99,16625.77,24779.85
000026.SZ,2010-08-25,14.99,14.99,14.49,14.6,18976.48,27900.93
000026.SZ,2010-08-26,14.56,14.67,14.25,14.61,25523.9,36822.87
000026.SZ,2010-08-27,14.59,14.64,14.4,14.49,13190.23,19153.79
000026.SZ,2010-08-30,14.52,14.85,14.4,14.63,32408.79,47293.25
000026.SZ,2010-08-31,14.62,14.88,14.53,14.85,29271.29,43066.0
000026.SZ,2010-09-01,14.84,14.94,14.12,14.33,25703.56,37359.45
000026.SZ,2010-09-02,14.45,14.55,14.2,14.38,23892.16,34344.21
000026.SZ,2010-09-03,14.39,14.63,14.3,14.58,17841.91,25809.49
000026.SZ,2010-09-06,14.78,14.82,14.42,14.49,17193.2,25072.85
000026.SZ,2010-09-07,14.5,14.6,14.29,14.4,21692.69,31229.23
000026.SZ,2010-09-08,14.4,14.69,14.33,14.69,29350.06,42636.41
000026.SZ,2010-09-09,14.71,15.05,14.6,14.97,45026.73,66894.2
000026.SZ,2010-09-10,14.96,15.2,14.7,15.15,38803.84,58237.34
000026.SZ,2010-09-13,15.15,15.41,15.0,15.16,30437.3,46437.96
000026.SZ,2010-09-14,15.17,15.56,14.9,15.48,28864.91,43955.2
000026.SZ,2010-09-15,15.42,15.52,15.0,15.18,22475.38,34363.92
000026.SZ,2010-09-16,15.0,15.28,14.46,14.8,24109.13,35977.72
000026.SZ,2010-09-17,14.79,14.92,14.55,14.8,12240.9,18099.72
000026.SZ,2010-09-20,14.87,14.95,14.4,14.45,10197.09,15051.47
000026.SZ,2010-09-21,14.45,14.56,14.08,14.15,12689.4,18090.4
000026.SZ,2010-09-27,14.22,14.56,14.22,14.46,11392.49,16482.05
000026.SZ,2010-09-28,14.5,14.98,14.4,14.98,17569.6,25982.19
000026.SZ,2010-09-29,14.88,15.18,14.77,14.87,18359.24,27500.56
000026.SZ,2010-09-30,14.88,15.17,14.73,15.06,14341.95,21477.9
000026.SZ,2010-10-08,15.5,15.5,14.97,15.27,22107.44,33649.62
000026.SZ,2010-10-11,15.21,15.27,14.81,15.01,50205.33,75292.72
000026.SZ,2010-10-12,15.0,15.25,14.8,15.25,25990.51,38992.19
000026.SZ,2010-10-13,15.2,15.39,14.93,15.17,20255.77,30763.89
000026.SZ,2010-10-14,15.17,15.3,14.2,14.27,37535.15,54842.88
000026.SZ,2010-10-15,14.33,14.33,13.31,13.59,48393.24,66474.54
000026.SZ,2010-10-18,13.5,13.5,12.88,13.2,35986.39,46988.76
000026.SZ,2010-10-19,13.22,13.8,13.22,13.8,20029.29,27122.9
000026.SZ,2010-10-20,13.7,14.08,13.45,13.7,16465.67,22651.12
000026.SZ,2010-10-21,13.93,14.1,13.71,14.04,16039.98,22363.34
000026.SZ,2010-10-22,14.04,14.2,13.94,13.99,25575.11,35908.84
000026.SZ,2010-10-25,14.0,14.51,14.0,14.46,25707.57,36869.59
000026.SZ,2010-10-26,14.52,14.65,14.27,14.43,20137.44,29007.11
000026.SZ,2010-10-27,14.48,14.7,14.3,14.4,22475.0,32488.1
000026.SZ,2010-10-28,14.38,14.97,14.38,14.83,19080.47,27900.05
000026.SZ,2010-10-29,14.8,14.95,14.43,14.7,23904.07,34932.09
000026.SZ,2010-11-01,14.74,15.2,14.59,15.0,28073.2,41747.81
000026.SZ,2010-11-02,15.06,15.8,15.06,15.43,42205.45,65617.22
000026.SZ,2010-11-03,15.53,15.99,15.2,15.27,41485.28,64678.86
000026.SZ,2010-11-04,15.19,15.68,15.07,15.66,33313.24,51169.83
000026.SZ,2010-11-08,16.07,16.16,15.39,16.0,56778.16,89252.33
000026.SZ,2010-11-09,15.81,16.65,15.75,16.6,41602.17,67882.9
000026.SZ,2010-11-10,16.55,17.85,16.32,17.45,42199.77,72573.33
000026.SZ,2010-11-11,17.35,17.88,17.08,17.08,38029.85,66127.66
000026.SZ,2010-11-12,16.85,17.5,15.68,16.69,36196.32,60376.25
000026.SZ,2010-11-15,16.69,17.88,16.28,17.75,35832.77,61729.76
000026.SZ,2010-11-16,17.75,18.26,16.8,17.75,40989.97,72296.95
000026.SZ,2010-11-17,17.49,17.49,16.77,16.9,40186.78,68470.23
000026.SZ,2010-11-18,16.84,17.35,16.75,16.82,33708.73,57290.89
000026.SZ,2010-11-19,16.89,17.83,16.61,17.83,36714.03,63442.84
000026.SZ,2010-11-22,17.83,18.45,17.6,18.13,45212.02,81597.56
000026.SZ,2010-11-23,18.1,18.17,17.62,17.91,31082.85,55522.18
000026.SZ,2010-11-24,17.94,19.47,17.86,19.16,54450.38,101666.47
000026.SZ,2010-11-25,19.14,19.46,18.56,18.63,28007.45,52946.64
000026.SZ,2010-11-26,18.56,18.95,18.31,18.73,18838.28,35063.24
000026.SZ,2010-11-29,18.73,18.84,18.1,18.62,17390.01,32102.85
000026.SZ,2010-11-30,18.6,18.8,17.3,17.93,24957.9,44761.89
000026.SZ,2010-12-01,17.81,17.92,17.3,17.42,13242.82,23311.99
000026.SZ,2010-12-02,17.6,17.86,17.38,17.71,22221.26,39207.63
000026.SZ,2010-12-03,17.71,18.0,17.4,17.98,14636.06,25916.76
000026.SZ,2010-12-06,18.22,18.6,17.85,18.5,22540.97,41104.15
000026.SZ,2010-12-07,18.5,19.2,18.2,18.95,18190.48,34097.76
000026.SZ,2010-12-08,19.1,19.18,18.52,18.86,10250.37,19264.88
000026.SZ,2010-12-09,18.31,18.86,17.5,17.8,21096.2,38210.86
000026.SZ,2010-12-10,17.5,17.96,17.37,17.8,7570.05,13422.87
000026.SZ,2010-12-13,17.8,18.66,17.8,18.36,17316.77,31808.94
000026.SZ,2010-12-14,18.5,18.51,18.15,18.3,18270.26,33444.82
000026.SZ,2010-12-15,18.5,19.18,18.25,18.96,31512.74,59148.75
000026.SZ,2010-12-16,18.94,19.38,18.5,19.13,24313.94,45914.18
000026.SZ,2010-12-17,18.91,18.98,18.41,18.46,18846.48,35047.35
000026.SZ,2010-12-20,18.48,18.6,17.65,18.2,20081.63,36651.12
000026.SZ,2010-12-21,18.2,18.88,18.2,18.73,23661.1,44112.25
000026.SZ,2010-12-22,18.89,19.0,18.33,18.45,13008.3,24282.09
000026.SZ,2010-12-23,18.36,18.5,17.86,17.95,9991.04,18167.76
000026.SZ,2010-12-24,17.9,18.2,17.44,17.62,9214.38,16303.41
000026.SZ,2010-12-27,17.63,17.94,17.3,17.4,9135.11,16057.49
000026.SZ,2010-12-28,17.39,17.46,16.68,16.98,17235.89,29561.63
000026.SZ,2010-12-29,17.15,17.55,16.9,17.47,26974.1,46205.88
000026.SZ,2010-12-30,17.34,17.71,17.15,17.35,9277.74,16144.82
000026.SZ,2010-12-31,17.5,17.77,17.25,17.69,17012.38,29718.77
000026.SZ,2011-01-04,17.86,18.08,17.6,17.96,9835.92,17542.71
000026.SZ,2011-01-05,17.95,17.95,17.3,17.64,12554.95,22113.17
000026.SZ,2011-01-06,17.64,17.64,17.26,17.4,9856.9,17146.38
000026.SZ,2011-01-07,17.37,17.47,17.2,17.37,5049.43,8741.36
000026.SZ,2011-01-10,17.4,17.58,16.79,16.8,12608.99,21468.75
000026.SZ,2011-01-11,16.8,16.84,16.24,16.45,7928.45,13030.77
000026.SZ,2011-01-12,16.45,16.79,16.4,16.7,4709.64,7810.2
000026.SZ,2011-01-13,16.5,16.7,16.46,16.58,3135.12,5208.04
000026.SZ,2011-01-14,16.7,16.7,15.8,15.99,11652.11,18694.44
000026.SZ,2011-01-18,15.15,15.8,15.01,15.8,5256.62,8194.55
000026.SZ,2011-01-19,16.58,16.58,15.82,15.96,7268.63,11690.41
000026.SZ,2011-01-20,15.97,16.19,15.67,15.71,6125.36,9645.54
000026.SZ,2011-01-21,15.7,15.96,15.65,15.66,2031.4,3210.61
000026.SZ,2011-01-24,15.73,15.97,15.56,15.58,4600.51,7224.76
000026.SZ,2011-01-25,15.78,15.78,14.58,14.91,10420.53,15475.29
000026.SZ,2011-01-26,14.6,14.98,14.6,14.95,3585.56,5346.85
000026.SZ,2011-01-27,14.97,15.24,14.8,15.17,5590.23,8429.9
000026.SZ,2011-01-28,15.08,15.35,15.08,15.29,6105.01,9319.86
000026.SZ,2011-01-31,15.28,15.45,15.21,15.39,3896.3,5969.65
000026.SZ,2011-02-01,15.39,16.26,15.31,16.07,6752.12,10611.58
000026.SZ,2011-02-09,16.0,16.3,15.78,15.81,6625.28,10633.3
000026.SZ,2011-02-10,15.99,16.4,15.81,16.38,6799.32,11012.95
000026.SZ,2011-02-11,16.39,16.85,16.14,16.64,5754.37,9574.47
000026.SZ,2011-02-14,16.31,16.88,16.31,16.69,7208.51,12020.79
000026.SZ,2011-02-15,16.73,17.1,16.55,16.87,8318.2,14060.2
000026.SZ,2011-02-16,16.88,17.1,16.65,17.0,6683.23,11310.72
000026.SZ,2011-02-17,17.0,17.05,16.65,16.88,8212.37,13829.13
000026.SZ,2011-02-18,16.61,17.35,16.58,16.96,15519.95,26553.3
000026.SZ,2011-02-21,16.96,17.17,16.8,17.13,9973.69,16955.96
000026.SZ,2011-02-22,17.27,17.27,16.51,16.77,7565.7,12693.35
000026.SZ,2011-02-23,16.78,17.22,16.5,17.15,11936.75,20260.27
000026.SZ,2011-02-24,17.15,17.45,16.8,17.05,9940.63,17019.8
000026.SZ,2011-02-25,16.99,17.0,16.64,16.76,6828.01,11492.75
000026.SZ,2011-02-28,16.76,17.38,16.76,17.33,8315.8,14302.94
000026.SZ,2011-03-01,17.62,17.95,17.12,17.28,18621.18,32538.28
000026.SZ,2011-03-02,17.35,17.68,17.0,17.6,14569.06,25472.04
000026.SZ,2011-03-03,17.58,17.79,17.3,17.44,11661.51,20436.51
000026.SZ,2011-03-04,17.43,17.98,17.33,17.95,12087.64,21445.65
000026.SZ,2011-03-07,17.99,18.4,17.77,18.32,21226.54,38431.27
000026.SZ,2011-03-08,18.3,18.33,17.9,18.19,12545.17,22656.49
000026.SZ,2011-03-09,18.16,18.17,17.78,17.97,15154.38,27209.41
000026.SZ,2011-03-10,17.99,18.25,17.62,17.98,9452.0,16941.18
000026.SZ,2011-03-11,17.75,18.15,17.75,17.85,7376.42,13244.0
000026.SZ,2011-03-14,17.71,17.95,17.4,17.76,10262.62,18136.26
000026.SZ,2011-03-15,17.68,17.85,17.0,17.28,10300.31,17859.13
000026.SZ,2011-03-16,17.3,17.58,17.23,17.57,5362.6,9350.86
000026.SZ,2011-03-17,17.57,17.57,17.25,17.38,10316.24,17927.62
000026.SZ,2011-03-18,17.5,17.5,17.0,17.28,5495.35,9491.12
000026.SZ,2011-03-21,17.22,17.51,17.13,17.39,5747.61,9972.67
000026.SZ,2011-03-22,17.39,17.54,17.2,17.28,7056.01,12196.69
000026.SZ,2011-03-23,17.28,17.8,17.28,17.74,10093.25,17782.76
000026.SZ,2011-03-24,17.81,17.89,17.61,17.65,5930.79,10507.32
000026.SZ,2011-03-25,17.8,17.8,17.5,17.6,7108.66,12523.03
000026.SZ,2011-03-28,17.65,17.7,16.88,16.96,19139.72,32931.32
000026.SZ,2011-03-29,16.96,17.05,16.59,16.66,12615.89,21127.32
000026.SZ,2011-03-30,16.78,16.78,16.46,16.54,6755.56,11197.29
000026.SZ,2011-03-31,16.51,16.77,16.4,16.48,5075.0,8418.85
000026.SZ,2011-04-01,16.66,16.69,15.95,16.42,14949.42,24128.89
000026.SZ,2011-04-06,16.37,16.58,16.26,16.49,6309.88,10346.55
000026.SZ,2011-04-07,16.49,17.19,16.49,17.11,11480.91,19443.33
000026.SZ,2011-04-11,17.2,17.33,16.77,16.85,8235.4,13947.73
000026.SZ,2011-04-12,16.8,16.97,16.66,16.78,4939.91,8284.01
000026.SZ,2011-04-13,16.69,16.94,16.57,16.81,3820.3,6429.48
000026.SZ,2011-04-14,16.9,17.5,16.8,17.35,12140.21,20894.24
000026.SZ,2011-04-15,17.36,17.75,17.2,17.49,27076.98,47393.42
000026.SZ,2011-04-18,17.49,18.35,17.49,18.26,53524.84,96694.85
000026.SZ,2011-04-19,18.26,18.27,17.89,18.01,18401.44,33147.39
000026.SZ,2011-04-20,18.08,18.6,18.04,18.31,16267.31,29889.13
000026.SZ,2011-04-21,18.31,18.97,18.16,18.8,21674.95,40620.4
000026.SZ,2011-04-22,18.93,18.93,18.21,18.8,23791.33,44060.56
000026.SZ,2011-04-25,18.6,19.0,18.45,18.88,21494.27,40348.33
000026.SZ,2011-04-26,18.75,18.79,17.8,18.19,14576.22,26694.12
000026.SZ,2011-04-27,12.92,13.36,12.68,12.68,17579.82,22945.07
000026.SZ,2011-04-28,13.03,13.03,12.2,12.5,19790.55,24817.55
000026.SZ,2011-04-29,12.4,12.88,12.17,12.79,14238.64,17633.23
000026.SZ,2011-05-03,12.76,12.9,12.54,12.8,6961.32,8889.12
000026.SZ,2011-05-04,12.81,12.9,12.53,12.64,10180.64,12916.19
000026.SZ,2011-05-05,12.63,12.63,12.08,12.2,22348.37,27321.21
000026.SZ,2011-05-06,12.26,12.46,12.18,12.35,14687.66,18071.28
000026.SZ,2011-05-09,12.35,12.76,12.35,12.5,11551.39,14509.47
000026.SZ,2011-05-10,12.6,13.49,12.44,13.27,38681.69,50378.44
000026.SZ,2011-05-11,13.35,13.52,13.02,13.42,35219.94,46985.85
000026.SZ,2011-05-12,13.29,13.84,13.05,13.28,33738.36,45551.08
000026.SZ,2011-05-13,13.28,13.58,13.2,13.38,19963.24,26694.83
000026.SZ,2011-05-16,13.35,13.66,13.04,13.5,38144.75,51208.51
000026.SZ,2011-05-17,13.58,14.15,13.41,13.77,71822.37,99089.24
000026.SZ,2011-05-18,13.69,14.08,13.32,13.52,39448.07,54058.03
000026.SZ,2011-05-19,13.53,13.91,13.52,13.84,32907.79,45229.4
000026.SZ,2011-05-20,13.8,14.02,13.57,13.98,25308.44,35026.68
000026.SZ,2011-05-23,13.99,14.15,13.6,13.8,32148.54,44657.58
000026.SZ,2011-05-24,13.51,13.6,12.9,13.26,31722.63,42040.36
000026.SZ,2011-05-25,13.2,14.05,13.2,13.8,56229.89,77666.03
000026.SZ,2011-05-26,13.89,13.95,13.52,13.52,32601.63,44739.75
000026.SZ,2011-05-27,13.31,13.5,12.4,12.5,58585.17,75305.08
000026.SZ,2011-05-30,12.48,13.7,12.48,13.15,53303.63,70587.99
000026.SZ,2011-05-31,13.05,13.7,13.05,13.5,47714.26,63883.43
000026.SZ,2011-06-01,13.55,14.26,13.42,14.04,52967.34,74420.47
000026.SZ,2011-06-02,13.77,14.25,13.46,14.24,31368.23,43552.09
000026.SZ,2011-06-03,14.24,14.76,14.0,14.2,31652.36,45320.1
000026.SZ,2011-06-07,14.0,14.49,13.82,14.4,28618.75,40508.01
000026.SZ,2011-06-08,14.39,14.45,13.98,14.05,28600.53,40449.73
000026.SZ,2011-06-09,14.05,14.7,13.86,14.16,53149.21,76645.82
000026.SZ,2011-06-10,13.99,14.39,13.8,14.39,37474.69,52656.44
000026.SZ,2011-06-13,14.27,15.23,14.2,14.82,74883.27,110905.84
000026.SZ,2011-06-14,14.62,15.09,14.4,14.9,44292.17,65601.3
000026.SZ,2011-06-15,14.86,16.0,14.81,15.8,96057.73,149436.42
000026.SZ,2011-06-16,15.55,15.8,15.21,15.5,67175.74,103577.55
000026.SZ,2011-06-17,15.31,15.52,14.45,14.5,59265.55,88069.11
000026.SZ,2011-06-20,14.2,15.0,14.0,14.81,52506.98,75757.29
000026.SZ,2011-06-21,14.63,14.99,14.45,14.99,35714.35,52706.47
000026.SZ,2011-06-22,15.0,15.47,14.55,14.68,44106.23,66212.38
000026.SZ,2011-06-23,14.35,14.97,14.22,14.95,34924.49,50820.91
000026.SZ,2011-06-24,14.78,15.5,14.78,15.39,50994.92,77216.76
000026.SZ,2011-06-27,15.39,15.77,15.2,15.42,40330.96,62490.88
000026.SZ,2011-06-28,15.3,15.9,15.23,15.75,38918.04,60574.15
000026.SZ,2011-06-29,15.82,15.85,15.31,15.32,26112.21,40516.69
000026.SZ,2011-06-30,15.28,15.5,15.05,15.5,24895.3,38199.51
000026.SZ,2011-07-01,15.5,15.62,15.24,15.32,20591.09,31664.84
000026.SZ,2011-07-04,15.32,15.98,15.3,15.95,46513.3,73135.11
000026.SZ,2011-07-05,16.15,16.62,16.02,16.38,63300.97,103502.71
000026.SZ,2011-07-06,16.27,16.94,16.11,16.88,46233.73,76779.95
000026.SZ,2011-07-07,16.99,17.0,16.42,16.49,39206.03,65200.77
000026.SZ,2011-07-08,16.4,16.75,16.05,16.69,40570.32,66269.78
000026.SZ,2011-07-11,17.0,17.09,16.43,16.56,26066.95,43475.88
000026.SZ,2011-07-12,16.43,16.66,16.2,16.36,19099.59,31312.38
000026.SZ,2011-07-13,16.36,16.77,16.17,16.69,28194.37,46684.63
000026.SZ,2011-07-14,16.7,17.1,16.61,17.09,29659.96,50046.74
000026.SZ,2011-07-15,17.05,17.1,16.7,16.78,21506.74,36298.83
000026.SZ,2011-07-18,16.78,17.54,16.66,17.49,43666.48,75623.28
000026.SZ,2011-07-19,17.48,17.73,17.2,17.33,26653.19,46501.32
000026.SZ,2011-07-20,17.43,17.57,16.68,17.3,37501.84,63944.68
000026.SZ,2011-07-21,17.21,17.21,16.61,16.65,26823.71,45196.71
000026.SZ,2011-07-22,16.8,16.86,16.37,16.61,25437.09,42249.52
000026.SZ,2011-07-25,16.63,17.15,16.4,16.7,45472.65,76380.9
000026.SZ,2011-07-26,16.72,16.8,16.0,16.44,16748.26,27438.18
000026.SZ,2011-07-27,16.4,16.84,16.06,16.6,41534.51,68253.88
000026.SZ,2011-07-28,16.42,16.76,16.25,16.53,22324.96,36868.12
000026.SZ,2011-07-29,16.36,16.52,14.9,15.6,53756.79,85851.68
000026.SZ,2011-08-01,15.52,15.93,15.49,15.68,27491.55,43287.94
000026.SZ,2011-08-02,15.66,15.9,15.1,15.88,32814.91,50445.86
000026.SZ,2011-08-03,15.68,16.78,15.61,16.63,32964.04,53913.19
000026.SZ,2011-08-04,16.64,16.8,16.42,16.65,23981.31,39892.92
000026.SZ,2011-08-05,16.0,17.26,15.89,16.75,54256.12,91740.24
000026.SZ,2011-08-08,16.55,17.18,16.0,17.1,54000.1,90955.65
000026.SZ,2011-08-09,16.7,18.5,16.38,18.14,66763.19,117282.39
000026.SZ,2011-08-10,18.15,18.77,17.64,18.2,45897.35,83868.49
000026.SZ,2011-08-11,17.86,18.55,17.72,18.33,33835.48,61744.82
000026.SZ,2011-08-12,18.35,18.73,17.92,18.58,38279.53,70099.87
000026.SZ,2011-08-15,18.49,18.49,17.75,17.88,37324.93,67536.81
000026.SZ,2011-08-16,17.87,18.1,17.62,18.03,22713.66,40601.34
000026.SZ,2011-08-17,17.9,19.04,17.68,18.93,38613.94,71774.04
000026.SZ,2011-08-18,18.7,19.19,18.45,18.47,21689.96,40705.1
000026.SZ,2011-08-19,18.2,18.91,18.03,18.8,21851.16,40612.7
000026.SZ,2011-08-22,18.78,19.5,18.68,19.05,27360.29,52486.6
000026.SZ,2011-08-23,19.01,19.35,18.53,18.73,23363.13,43793.34
000026.SZ,2011-08-24,18.66,19.2,18.35,18.38,19550.99,36875.02
000026.SZ,2011-08-25,18.37,19.09,17.79,18.67,25554.46,47142.97
000026.SZ,2011-08-26,18.5,18.99,18.46,18.9,9737.67,18248.73
000026.SZ,2011-08-29,18.9,19.8,18.79,19.26,20023.43,38911.1
000026.SZ,2011-08-30,19.15,20.0,19.15,19.67,29559.76,58408.3
000026.SZ,2011-08-31,19.64,20.1,18.0,18.62,54164.73,102350.83
000026.SZ,2011-09-01,18.44,18.9,18.23,18.34,21002.03,38952.88
000026.SZ,2011-09-02,18.15,18.35,17.85,18.05,17233.53,31075.19
000026.SZ,2011-09-05,17.95,18.29,17.19,17.93,14790.98,26413.53
000026.SZ,2011-09-06,17.96,18.19,17.55,17.8,9929.99,17732.26
000026.SZ,2011-09-07,17.82,18.99,17.82,18.99,19335.45,36053.65
000026.SZ,2011-09-08,19.01,19.18,18.71,18.86,13225.37,25078.25
000026.SZ,2011-09-09,18.9,18.95,18.48,18.49,8648.77,16157.25
000026.SZ,2011-09-13,18.3,18.3,17.33,17.8,17444.74,30868.32
000026.SZ,2011-09-14,17.8,17.94,16.7,17.8,23587.3,40744.68
000026.SZ,2011-09-15,17.6,18.09,17.5,17.85,11921.34,21256.48
000026.SZ,2011-09-16,17.95,18.08,17.7,17.79,7024.36,12514.14
000026.SZ,2011-09-19,17.8,17.86,17.35,17.7,16194.02,28427.11
000026.SZ,2011-09-20,17.68,17.73,17.02,17.2,10795.98,18630.83
000026.SZ,2011-09-21,17.17,17.84,16.73,17.82,22904.94,39386.42
000026.SZ,2011-09-22,17.55,17.6,16.55,16.58,20283.0,34607.58
000026.SZ,2011-09-23,16.2,16.77,16.1,16.32,21987.58,36007.39
000026.SZ,2011-09-26,16.08,16.32,15.8,15.8,22850.95,36493.23
000026.SZ,2011-09-27,15.9,16.09,15.33,15.56,18720.99,29473.95
000026.SZ,2011-09-28,15.63,16.0,15.45,15.48,11174.4,17609.97
000026.SZ,2011-09-29,15.31,15.82,14.98,15.45,14468.42,22400.77
000026.SZ,2011-09-30,15.46,15.79,15.25,15.76,6188.82,9656.21
000026.SZ,2011-10-10,15.83,15.97,15.12,15.3,11996.19,18546.76
000026.SZ,2011-10-11,15.7,15.8,15.24,15.59,18812.28,29159.07
000026.SZ,2011-10-12,15.52,16.25,15.18,16.14,30318.34,48272.05
000026.SZ,2011-10-13,16.14,16.75,16.04,16.54,18618.99,30532.41
000026.SZ,2011-10-14,16.45,16.48,16.16,16.36,10205.99,16624.16
000026.SZ,2011-10-17,16.38,16.98,16.36,16.84,21000.69,35169.03
000026.SZ,2011-10-18,16.8,16.8,16.21,16.26,9029.71,14904.78
000026.SZ,2011-10-19,16.27,16.46,15.7,15.76,12820.48,20527.37
000026.SZ,2011-10-20,15.69,15.95,15.0,15.93,9454.9,14512.55
000026.SZ,2011-10-21,15.8,15.8,15.0,15.6,15047.99,23250.7
000026.SZ,2011-10-24,15.47,16.29,15.36,16.22,13820.43,21963.56
000026.SZ,2011-10-25,16.22,16.66,16.07,16.49,11969.45,19645.12
000026.SZ,2011-10-26,16.43,16.68,16.35,16.4,11156.28,18450.2
000026.SZ,2011-10-27,16.38,16.94,16.25,16.88,17846.37,29909.58
000026.SZ,2011-10-28,17.06,17.67,16.99,17.01,20757.18,35974.18
000026.SZ,2011-10-31,17.01,17.68,16.85,17.6,14468.35,25144.89
000026.SZ,2011-11-01,17.37,17.85,17.31,17.65,9536.75,16778.96
000026.SZ,2011-11-02,17.34,17.78,17.09,17.69,16013.07,27915.28
000026.SZ,2011-11-03,17.7,18.08,17.5,17.82,17282.64,30835.95
000026.SZ,2011-11-04,17.99,18.05,17.5,17.61,11366.83,20071.62
000026.SZ,2011-11-07,17.61,17.61,17.08,17.16,11853.98,20536.82
000026.SZ,2011-11-08,17.08,17.83,17.06,17.51,13899.43,24448.48
000026.SZ,2011-11-09,17.52,17.74,17.3,17.66,6637.31,11594.93
000026.SZ,2011-11-10,17.53,17.6,17.27,17.28,4749.69,8293.13
000026.SZ,2011-11-11,17.28,17.49,17.0,17.47,7739.52,13326.14
000026.SZ,2011-11-14,17.5,17.86,17.4,17.77,8635.07,15309.9
000026.SZ,2011-11-15,17.86,18.07,17.7,17.77,7753.04,13844.4
000026.SZ,2011-11-16,17.78,17.78,17.14,17.26,9137.27,15891.38
000026.SZ,2011-11-17,17.25,17.42,16.88,16.88,11592.94,19766.35
000026.SZ,2011-11-18,16.9,16.9,16.29,16.71,16566.52,27394.72
000026.SZ,2011-11-21,16.6,16.69,16.43,16.53,6376.71,10537.41
000026.SZ,2011-11-22,16.52,16.75,16.44,16.5,6292.9,10396.56
000026.SZ,2011-11-23,16.55,16.66,16.38,16.61,4281.92,7092.87
000026.SZ,2011-11-24,16.5,16.98,16.05,16.81,7019.96,11773.02
000026.SZ,2011-11-25,16.71,16.99,16.71,16.79,5344.46,9036.34
000026.SZ,2011-11-28,16.8,16.99,16.5,16.57,5033.0,8417.4
000026.SZ,2011-11-29,16.61,16.83,16.45,16.6,9781.71,16273.79
000026.SZ,2011-11-30,16.55,16.8,15.53,15.75,11043.83,17714.85
000026.SZ,2011-12-01,16.44,16.49,16.01,16.07,9040.31,14663.3
000026.SZ,2011-12-02,15.96,16.0,15.56,15.57,5141.42,8092.9
000026.SZ,2011-12-05,15.34,15.4,14.98,15.0,10049.43,15221.37
000026.SZ,2011-12-06,15.02,15.15,14.9,15.07,14163.09,21261.71
000026.SZ,2011-12-07,15.07,15.14,14.93,15.1,6715.06,10088.94
000026.SZ,2011-12-08,15.15,15.59,15.04,15.37,12656.85,19366.59
000026.SZ,2011-12-09,15.3,15.3,15.03,15.03,4442.86,6711.78
000026.SZ,2011-12-12,15.03,15.08,14.5,14.72,12402.53,18333.34
000026.SZ,2011-12-13,14.68,14.82,14.4,14.55,5413.15,7900.36
000026.SZ,2011-12-14,14.64,14.64,14.0,14.08,3841.0,5565.47
000026.SZ,2011-12-15,13.83,14.32,13.66,14.22,12688.16,17665.64
000026.SZ,2011-12-16,14.28,14.42,14.0,14.42,10719.4,15240.31
000026.SZ,2011-12-19,14.42,14.42,13.9,14.32,8248.6,11646.59
000026.SZ,2011-12-20,14.2,14.51,14.1,14.18,9829.72,14106.09
000026.SZ,2011-12-21,14.44,14.45,13.65,13.74,4583.53,6433.98
000026.SZ,2011-12-22,13.5,13.9,12.81,13.68,8582.07,11465.73
000026.SZ,2011-12-23,13.5,14.35,13.5,14.11,9402.59,13231.2
000026.SZ,2011-12-26,13.83,14.28,13.71,13.98,2500.89,3491.36
000026.SZ,2011-12-27,13.98,13.98,13.21,13.27,5636.27,7568.92
000026.SZ,2011-12-28,12.91,13.24,12.8,13.24,9872.24,12837.04
000026.SZ,2011-12-29,13.0,13.15,12.9,13.12,5229.64,6839.04
000026.SZ,2011-12-30,13.07,13.7,13.06,13.1,9485.37,12748.36
000026.SZ,2012-01-05,13.0,13.4,12.15,12.43,13568.4,17249.62
000026.SZ,2012-01-06,12.41,12.83,11.66,12.46,10416.83,12629.64
000026.SZ,2012-01-09,12.39,12.39,11.4,12.06,95979.52,112617.92
000026.SZ,2012-01-10,11.86,12.56,11.81,12.56,82690.85,101251.23
000026.SZ,2012-01-11,12.7,13.09,12.35,12.61,82426.43,104666.03
000026.SZ,2012-01-12,12.42,12.45,11.82,12.23,101011.49,122159.0
000026.SZ,2012-01-13,12.07,12.11,11.01,11.01,81835.49,93466.66
000026.SZ,2012-01-16,10.5,10.84,10.33,10.8,50221.2,53702.07
000026.SZ,2012-01-17,10.71,11.18,10.5,11.15,53926.59,58774.92
000026.SZ,2012-01-18,11.18,11.18,10.4,10.5,61309.62,65474.92
000026.SZ,2012-01-19,10.38,11.13,10.33,11.1,91211.64,97896.86
000026.SZ,2012-01-20,11.04,11.13,10.81,11.01,43802.07,48220.75
000026.SZ,2012-01-30,10.93,11.18,10.93,10.99,25096.92,27771.45
000026.SZ,2012-01-31,10.97,11.06,10.7,10.86,28752.94,31122.3
000026.SZ,2012-02-01,10.84,11.03,10.75,10.91,22832.83,24934.45
000026.SZ,2012-02-02,10.96,11.14,10.94,11.12,41295.16,45589.5
000026.SZ,2012-02-03,11.14,11.5,11.1,11.38,55586.35,62933.02
000026.SZ,2012-02-06,11.38,11.75,11.33,11.7,65085.94,75255.4
000026.SZ,2012-02-07,11.66,11.67,11.22,11.43,37020.49,42294.35
000026.SZ,2012-02-08,11.48,11.8,11.3,11.75,36751.78,42518.64
000026.SZ,2012-02-09,11.69,11.9,11.64,11.67,44161.78,51933.25
000026.SZ,2012-02-10,11.64,11.78,11.51,11.59,41180.26,47885.66
000026.SZ,2012-02-13,11.47,11.84,11.38,11.75,44088.95,51552.1
000026.SZ,2012-02-14,11.75,11.85,11.55,11.69,37018.79,43096.11
000026.SZ,2012-02-15,11.68,12.02,11.55,11.97,65435.66,77503.88
000026.SZ,2012-02-16,11.98,12.27,11.8,12.15,61912.76,74604.72
000026.SZ,2012-02-17,12.11,12.23,11.88,12.01,31418.76,37768.62
000026.SZ,2012-02-20,12.15,12.37,12.02,12.3,55502.79,67673.57
000026.SZ,2012-02-21,12.3,12.42,12.03,12.34,38679.88,47318.82
000026.SZ,2012-02-22,12.32,12.82,12.23,12.72,50875.37,64018.63
000026.SZ,2012-02-23,12.71,12.97,12.62,12.89,42233.77,54113.23
000026.SZ,2012-02-24,12.89,13.13,12.8,12.96,57879.99,75155.71
000026.SZ,2012-02-27,12.96,13.26,12.78,12.84,60509.29,78602.51
000026.SZ,2012-02-28,12.84,12.84,12.2,12.36,61441.63,76492.56
000026.SZ,2012-02-29,12.26,12.48,12.22,12.42,40220.96,49675.94
000026.SZ,2012-03-01,12.36,12.53,12.3,12.35,27801.22,34503.6
000026.SZ,2012-03-02,12.43,12.55,12.37,12.52,41253.22,51450.99
000026.SZ,2012-03-05,12.53,12.9,12.53,12.78,58042.29,74151.37
000026.SZ,2012-03-06,12.77,13.1,12.7,13.02,87351.4,112789.04
000026.SZ,2012-03-07,12.97,13.18,12.8,13.05,47371.69,61594.23
000026.SZ,2012-03-08,13.15,13.37,13.0,13.26,51478.76,67935.56
000026.SZ,2012-03-09,13.35,13.42,13.1,13.2,49558.32,65429.15
000026.SZ,2012-03-12,13.24,13.24,12.83,12.98,52109.42,67599.33
000026.SZ,2012-03-13,12.96,13.23,12.95,13.19,53753.47,70513.58
000026.SZ,2012-03-14,13.2,13.3,11.91,12.36,65113.02,83035.51
000026.SZ,2012-03-15,12.28,12.6,11.65,12.34,45390.62,55094.2
000026.SZ,2012-03-16,12.38,12.59,12.04,12.5,37388.79,46313.55
000026.SZ,2012-03-19,12.53,13.36,12.42,13.25,81075.55,106100.18
000026.SZ,2012-03-20,13.15,13.59,12.91,12.96,83362.1,109986.39
000026.SZ,2012-03-21,12.87,13.1,12.56,12.85,41964.68,53735.37
000026.SZ,2012-03-22,12.85,12.95,12.6,12.82,29667.0,37792.52
000026.SZ,2012-03-23,12.62,12.92,12.5,12.58,28386.31,36128.69
000026.SZ,2012-03-26,12.6,12.73,12.42,12.5,19192.3,24097.83
000026.SZ,2012-03-27,12.52,12.64,12.28,12.3,17596.43,21988.61
000026.SZ,2012-03-28,12.25,12.3,11.71,11.71,26086.36,31110.48
000026.SZ,2012-03-29,11.6,11.79,11.41,11.65,24859.31,28986.9
000026.SZ,2012-03-30,11.57,11.83,11.45,11.46,12364.67,14342.04
000026.SZ,2012-04-05,11.54,12.28,11.42,12.14,29531.81,35381.42
000026.SZ,2012-04-06,12.15,12.29,12.0,12.16,13427.57,16297.39
000026.SZ,2012-04-09,12.14,12.21,11.9,11.91,12600.9,15220.33
000026.SZ,2012-04-10,11.8,12.03,11.51,11.93,21524.13,25337.66
000026.SZ,2012-04-11,11.78,12.09,11.7,11.82,15907.4,18927.33
000026.SZ,2012-04-13,12.81,13.0,12.08,12.19,105686.23,132156.42
000026.SZ,2012-04-16,12.19,12.54,12.06,12.25,56306.27,69606.37
000026.SZ,2012-04-17,12.1,12.25,11.7,11.77,56529.69,67602.15
000026.SZ,2012-04-18,11.8,12.0,11.7,11.9,61566.83,73114.7
000026.SZ,2012-04-19,11.92,12.17,11.83,11.98,40859.41,49019.61
000026.SZ,2012-04-20,11.98,12.2,11.85,12.06,39623.59,47665.37
000026.SZ,2012-04-23,12.05,12.1,11.8,12.02,36978.98,44266.4
000026.SZ,2012-04-24,11.86,12.07,11.5,11.79,32970.23,38812.32
000026.SZ,2012-04-25,12.05,12.05,11.67,11.93,35605.75,42306.21
000026.SZ,2012-04-26,12.05,12.06,11.77,11.79,21967.83,26160.92
000026.SZ,2012-04-27,11.88,12.05,11.8,11.93,28053.95,33529.11
000026.SZ,2012-05-02,12.09,12.1,11.86,12.03,30748.74,36958.24
000026.SZ,2012-05-03,12.05,12.49,11.96,12.3,56608.27,69173.9
000026.SZ,2012-05-04,12.48,12.48,12.12,12.16,35991.38,43977.37
000026.SZ,2012-05-07,12.08,12.19,11.96,12.1,25195.1,30392.59
000026.SZ,2012-05-08,12.1,12.32,11.87,12.18,39625.06,47980.98
000026.SZ,2012-05-09,12.1,12.45,11.92,11.96,29636.49,35968.87
000026.SZ,2012-05-10,11.99,12.18,11.92,12.08,20550.83,24792.97
000026.SZ,2012-05-11,12.01,12.18,11.84,11.84,19561.01,23489.95
000026.SZ,2012-05-14,11.95,11.95,11.61,11.62,29190.33,34210.2
000026.SZ,2012-05-15,11.52,11.54,11.11,11.4,20988.42,23880.29
000026.SZ,2012-05-16,11.39,11.55,11.29,11.3,10706.54,12228.83
000026.SZ,2012-05-17,11.38,11.6,11.31,11.52,10381.25,11898.7
000026.SZ,2012-05-18,11.42,11.56,11.36,11.36,14532.61,16657.6
000026.SZ,2012-05-21,11.3,11.38,11.13,11.18,14782.77,16571.35
000026.SZ,2012-05-22,11.18,11.32,11.1,11.22,19407.29,21747.47
000026.SZ,2012-05-23,11.22,11.23,11.0,11.1,25168.81,27973.87
000026.SZ,2012-05-24,11.09,11.09,10.74,10.88,31754.33,34583.33
000026.SZ,2012-05-25,10.85,10.88,10.74,10.8,20922.32,22592.94
000026.SZ,2012-05-28,10.8,11.05,10.72,11.04,14126.53,15400.9
000026.SZ,2012-05-29,11.05,11.26,10.98,11.23,18569.63,20687.45
000026.SZ,2012-05-30,11.23,11.31,11.13,11.25,15314.84,17147.26
000026.SZ,2012-05-31,11.19,11.3,11.12,11.3,18373.67,20589.28
000026.SZ,2012-06-01,11.2,11.25,10.93,11.02,15601.44,17302.35
000026.SZ,2012-06-04,10.92,10.92,10.6,10.64,13098.97,14035.32
000026.SZ,2012-06-05,10.5,10.77,10.38,10.52,10575.95,11146.46
000026.SZ,2012-06-06,10.57,10.69,10.44,10.48,20001.82,21123.36
000026.SZ,2012-06-07,10.57,10.67,10.33,10.38,9384.9,9828.47
000026.SZ,2012-06-08,10.51,10.51,10.3,10.36,5695.47,5913.82
000026.SZ,2012-06-11,10.43,10.53,10.25,10.52,9850.4,10270.29
000026.SZ,2012-06-12,10.5,10.53,10.29,10.41,8613.72,8974.19
000026.SZ,2012-06-13,10.48,10.81,10.35,10.75,21815.18,23182.94
000026.SZ,2012-06-14,10.7,11.14,10.57,11.08,43786.21,48159.08
000026.SZ,2012-06-15,11.08,11.12,10.94,11.01,12110.67,13340.44
000026.SZ,2012-06-18,11.1,11.13,10.97,11.03,9489.68,10472.99
000026.SZ,2012-06-19,11.0,11.0,10.7,10.82,15293.33,16560.57
000026.SZ,2012-06-20,10.82,10.92,10.78,10.87,7344.62,7966.97
000026.SZ,2012-06-21,10.87,10.87,10.41,10.53,17872.85,18848.5
000026.SZ,2012-06-25,10.55,10.56,10.2,10.21,10705.74,11076.1
000026.SZ,2012-06-26,10.21,10.36,10.13,10.32,7128.74,7326.41
000026.SZ,2012-06-27,10.33,10.45,10.27,10.3,7155.68,7417.27
000026.SZ,2012-06-28,10.31,10.45,10.02,10.4,13299.89,13734.11
000026.SZ,2012-06-29,10.25,10.96,10.25,10.85,22891.84,24314.87
000026.SZ,2012-07-02,10.99,11.75,10.66,11.07,56079.38,61910.29
000026.SZ,2012-07-03,10.98,11.38,10.35,11.17,35195.44,39303.14
000026.SZ,2012-07-04,11.14,11.25,10.9,10.96,17253.42,19096.26
000026.SZ,2012-07-05,10.93,10.93,10.52,10.52,9924.61,10624.04
000026.SZ,2012-07-09,10.35,10.78,10.35,10.4,15505.88,16391.24
000026.SZ,2012-07-10,10.4,10.51,10.16,10.18,14735.14,15217.24
000026.SZ,2012-07-11,10.28,10.36,10.0,10.1,27234.23,27516.12
000026.SZ,2012-07-12,10.11,10.12,9.09,9.7,52218.3,49990.85
000026.SZ,2012-07-13,9.5,9.74,9.35,9.7,21407.2,20465.0
000026.SZ,2012-07-16,9.64,9.64,8.75,8.76,26855.15,24447.59
000026.SZ,2012-07-17,8.79,8.89,8.66,8.77,11548.65,10123.71
000026.SZ,2012-07-18,8.71,8.97,8.7,8.93,11365.97,10021.61
000026.SZ,2012-07-19,8.99,9.15,8.88,9.03,10417.44,9433.28
000026.SZ,2012-07-20,9.0,9.12,8.97,8.99,8983.54,8113.25
000026.SZ,2012-07-23,8.95,8.95,8.68,8.8,8801.98,7737.12
000026.SZ,2012-07-24,8.71,8.91,8.7,8.84,10308.53,9063.54
000026.SZ,2012-07-25,8.8,8.85,8.71,8.74,9532.75,8361.01
000026.SZ,2012-07-26,8.74,8.88,8.73,8.77,8572.77,7544.5
000026.SZ,2012-07-27,8.77,8.84,8.6,8.6,9556.96,8333.16
000026.SZ,2012-07-30,8.64,8.64,8.15,8.28,13198.62,11101.51
000026.SZ,2012-07-31,8.3,8.36,7.9,8.06,13107.07,10599.78
000026.SZ,2012-08-01,8.05,8.54,8.05,8.46,17318.2,14528.5
000026.SZ,2012-08-02,8.46,8.63,8.37,8.41,11117.05,9469.47
000026.SZ,2012-08-03,8.41,8.75,8.41,8.74,12336.25,10641.04
000026.SZ,2012-08-06,8.73,9.3,8.7,9.14,17770.42,16017.94
000026.SZ,2012-08-07,9.15,9.2,9.01,9.1,10823.93,9847.17
000026.SZ,2012-08-08,9.1,9.1,8.73,8.85,21287.53,18831.53
000026.SZ,2012-08-09,8.77,9.22,8.7,9.1,17805.83,16020.81
000026.SZ,2012-08-10,9.11,9.11,8.89,8.94,6895.63,6177.36
000026.SZ,2012-08-13,8.95,8.96,8.76,8.77,4554.22,4019.9
000026.SZ,2012-08-14,8.7,8.95,8.48,8.66,11749.71,10116.91
000026.SZ,2012-08-15,8.7,8.7,8.55,8.62,8421.82,7254.99
000026.SZ,2012-08-16,8.54,8.7,8.53,8.66,12761.6,11008.09
000026.SZ,2012-08-17,8.66,8.66,8.44,8.49,8630.58,7358.87
000026.SZ,2012-08-20,8.47,8.62,8.33,8.6,7474.34,6375.11
000026.SZ,2012-08-21,8.56,8.79,8.53,8.78,7218.4,6287.28
000026.SZ,2012-08-22,8.76,8.81,8.61,8.75,4988.72,4356.99
000026.SZ,2012-08-23,8.6,8.79,8.58,8.74,9757.47,8465.14
000026.SZ,2012-08-24,8.7,8.7,8.56,8.59,5351.55,4625.63
000026.SZ,2012-08-27,8.43,8.56,8.09,8.23,17781.7,14684.08
000026.SZ,2012-08-28,8.25,8.51,8.16,8.51,8303.71,6943.75
000026.SZ,2012-08-29,8.46,8.46,8.2,8.26,10068.77,8345.99
000026.SZ,2012-08-30,8.26,8.32,8.14,8.29,7654.17,6301.1
000026.SZ,2012-08-31,8.27,8.51,8.24,8.4,12323.81,10324.07
000026.SZ,2012-09-03,8.35,8.76,8.31,8.71,13397.14,11452.53
000026.SZ,2012-09-04,8.62,8.88,8.41,8.47,12062.75,10372.59
000026.SZ,2012-09-05,8.41,8.5,8.21,8.35,15167.2,12604.96
000026.SZ,2012-09-06,8.34,8.52,8.34,8.49,10456.06,8815.02
000026.SZ,2012-09-07,8.52,8.98,8.52,8.83,32109.93,28228.05
000026.SZ,2012-09-10,8.83,8.9,8.76,8.84,16254.41,14332.44
000026.SZ,2012-09-11,8.85,8.94,8.8,8.93,25339.42,22477.73
000026.SZ,2012-09-12,8.96,9.15,8.83,8.95,38720.23,34805.36
000026.SZ,2012-09-13,8.95,9.53,8.9,9.27,58686.99,53835.87
000026.SZ,2012-09-14,9.18,9.7,9.14,9.4,63975.38,60556.84
000026.SZ,2012-09-17,9.28,9.44,8.82,8.87,30766.78,28153.61
000026.SZ,2012-09-18,8.86,8.86,8.43,8.55,25860.3,22295.51
000026.SZ,2012-09-19,8.56,8.72,8.5,8.68,13616.18,11750.8
000026.SZ,2012-09-20,8.63,8.63,8.22,8.27,15119.77,12703.49
000026.SZ,2012-09-21,8.22,8.34,8.1,8.14,9364.95,7684.89
000026.SZ,2012-09-24,8.11,8.2,8.0,8.14,16403.6,13253.59
000026.SZ,2012-09-25,8.05,8.17,8.05,8.08,6913.26,5610.08
000026.SZ,2012-09-26,8.1,8.11,7.83,7.85,11833.39,9376.41
000026.SZ,2012-09-27,7.86,8.15,7.8,8.08,12459.26,9992.23
000026.SZ,2012-09-28,8.05,8.19,8.0,8.17,12293.01,9968.6
000026.SZ,2012-10-08,8.19,8.25,8.06,8.13,6428.03,5221.95
000026.SZ,2012-10-09,8.14,8.36,8.14,8.33,21828.33,18092.71
000026.SZ,2012-10-10,8.34,8.41,8.26,8.41,11098.97,9252.79
000026.SZ,2012-10-11,8.36,8.36,8.17,8.2,15942.57,13174.27
000026.SZ,2012-10-12,8.22,8.33,8.03,8.05,16372.34,13288.4
000026.SZ,2012-10-15,8.05,8.09,7.87,7.96,11481.82,9136.57
000026.SZ,2012-10-16,7.98,8.08,7.92,7.98,8161.9,6538.47
000026.SZ,2012-10-17,7.98,8.04,7.81,7.92,16431.36,12998.68
000026.SZ,2012-10-18,7.97,8.25,7.9,8.2,23473.0,18989.47
000026.SZ,2012-10-19,8.2,8.23,8.11,8.15,9720.11,7934.47
000026.SZ,2012-10-22,8.13,8.13,7.97,8.13,15063.02,12119.57
000026.SZ,2012-10-23,8.15,8.25,8.12,8.17,18008.26,14727.22
000026.SZ,2012-10-24,8.15,8.18,8.0,8.02,14929.01,12059.65
000026.SZ,2012-10-25,8.02,8.11,7.94,7.94,17743.51,14215.84
000026.SZ,2012-10-26,7.94,8.03,7.55,7.77,24938.04,19249.85
000026.SZ,2012-10-29,7.71,7.76,7.58,7.65,6731.27,5157.02
000026.SZ,2012-10-30,7.65,7.73,7.55,7.58,9180.9,6991.38
000026.SZ,2012-10-31,7.58,7.63,7.52,7.63,8597.45,6528.16
000026.SZ,2012-11-01,7.63,7.79,7.58,7.75,13804.25,10675.0
000026.SZ,2012-11-02,7.8,7.81,7.6,7.76,12428.2,9605.65
000026.SZ,2012-11-05,7.74,7.95,7.74,7.91,16727.1,13160.88
000026.SZ,2012-11-06,7.9,7.95,7.69,7.81,8495.39,6612.15
000026.SZ,2012-11-07,7.8,7.82,7.7,7.77,7394.68,5743.24
000026.SZ,2012-11-08,7.77,7.77,7.53,7.56,9682.8,7385.95
000026.SZ,2012-11-09,7.59,7.64,7.49,7.56,4643.34,3508.2
000026.SZ,2012-11-12,7.6,7.6,7.46,7.54,13520.33,10181.16
000026.SZ,2012-11-13,7.53,7.53,7.09,7.21,23079.85,16816.86
000026.SZ,2012-11-14,7.23,7.23,7.07,7.15,12861.29,9168.07
000026.SZ,2012-11-15,7.09,7.12,6.91,6.98,15695.16,10984.43
000026.SZ,2012-11-16,6.98,7.08,6.86,7.0,17586.06,12196.86
000026.SZ,2012-11-19,7.03,7.03,6.9,7.03,10552.21,7355.25
000026.SZ,2012-11-20,7.06,7.06,6.94,7.0,9245.74,6473.31
000026.SZ,2012-11-21,7.0,7.05,6.83,7.03,13743.67,9551.26
000026.SZ,2012-11-22,7.0,7.0,6.81,6.9,12321.64,8475.61
000026.SZ,2012-11-23,6.9,6.96,6.84,6.91,12428.28,8604.3
000026.SZ,2012-11-26,6.91,6.94,6.85,6.92,8473.11,5844.92
000026.SZ,2012-11-27,6.92,6.92,6.56,6.6,10227.31,6838.62
000026.SZ,2012-11-28,6.57,6.58,6.32,6.4,14164.73,9112.9
000026.SZ,2012-11-29,6.45,6.47,6.15,6.22,12332.47,7790.08
000026.SZ,2012-11-30,6.2,6.29,6.13,6.24,9152.92,5708.48
000026.SZ,2012-12-03,6.25,6.25,5.69,5.73,25012.62,14989.13
000026.SZ,2012-12-04,5.73,5.88,5.56,5.84,20066.24,11434.72
000026.SZ,2012-12-05,5.83,6.2,5.76,6.11,26206.57,15839.61
000026.SZ,2012-12-06,6.11,6.22,6.03,6.21,18172.77,11123.55
000026.SZ,2012-12-07,6.19,6.37,6.12,6.35,21478.71,13479.84
000026.SZ,2012-12-10,6.35,6.99,6.31,6.99,86970.27,59650.4
000026.SZ,2012-12-11,7.0,7.34,6.92,7.13,87743.85,61946.29
000026.SZ,2012-12-12,7.03,7.08,6.82,7.05,32629.14,22710.66
000026.SZ,2012-12-13,6.98,7.04,6.77,6.8,25612.51,17582.49
000026.SZ,2012-12-14,6.79,7.11,6.71,7.01,66558.48,46439.63
000026.SZ,2012-12-17,7.02,7.3,7.0,7.04,67340.71,47834.11
000026.SZ,2012-12-18,7.03,7.17,6.92,7.03,39573.21,27890.21
000026.SZ,2012-12-19,7.03,7.37,7.0,7.34,67779.64,48996.94
000026.SZ,2012-12-20,7.36,7.38,7.16,7.28,44524.75,32264.41
000026.SZ,2012-12-21,7.26,7.34,7.16,7.17,32919.96,23804.12
000026.SZ,2012-12-24,7.14,7.25,7.13,7.16,20686.91,14825.85
000026.SZ,2012-12-25,7.12,7.72,7.11,7.52,72184.77,53847.3
000026.SZ,2012-12-26,7.52,8.1,7.47,7.79,99449.1,77768.5
000026.SZ,2012-12-27,7.75,8.17,7.47,7.81,93439.62,73788.89
000026.SZ,2012-12-28,7.73,7.88,7.68,7.85,53521.14,41728.62
000026.SZ,2012-12-31,7.9,8.09,7.89,8.02,57531.91,46070.47
000026.SZ,2013-01-04,8.08,8.15,7.85,7.87,46051.05,36640.37
000026.SZ,2013-01-07,7.87,8.08,7.7,7.94,39575.69,31229.17
000026.SZ,2013-01-08,7.94,8.38,7.72,8.29,88141.47,72022.39
000026.SZ,2013-01-09,8.32,8.32,8.1,8.27,53268.63,43745.1
000026.SZ,2013-01-10,8.2,8.33,8.14,8.22,31344.96,25751.63
000026.SZ,2013-01-11,8.28,8.3,7.63,7.74,74705.29,59097.29
000026.SZ,2013-01-14,7.66,8.08,7.66,7.99,56655.14,44726.54
000026.SZ,2013-01-15,8.08,8.32,8.02,8.2,67211.83,55154.75
000026.SZ,2013-01-16,8.2,8.78,8.1,8.63,123085.75,103873.34
000026.SZ,2013-01-17,8.5,8.55,8.27,8.32,49499.8,41490.31
000026.SZ,2013-01-18,8.3,8.53,8.23,8.37,48508.79,40666.57
000026.SZ,2013-01-21,8.43,8.52,8.3,8.51,50679.95,42627.89
000026.SZ,2013-01-22,8.5,8.55,8.12,8.26,47304.57,39485.75
000026.SZ,2013-01-23,8.26,8.49,8.13,8.35,45666.46,37882.25
000026.SZ,2013-01-24,8.39,8.39,7.78,7.85,58535.22,47319.97
000026.SZ,2013-01-25,7.89,7.96,7.7,7.78,22698.79,17671.29
000026.SZ,2013-01-28,7.78,7.98,7.77,7.94,42934.17,33824.64
000026.SZ,2013-01-29,7.98,8.16,7.77,7.79,80573.42,63586.14
000026.SZ,2013-01-30,7.78,7.83,7.5,7.75,88117.32,67549.4
000026.SZ,2013-01-31,7.7,7.71,7.48,7.52,68029.89,51216.15
000026.SZ,2013-02-01,7.52,7.68,7.48,7.67,52831.06,40174.01
000026.SZ,2013-02-04,7.67,7.74,7.5,7.59,59174.09,45051.46
000026.SZ,2013-02-05,7.56,7.66,7.41,7.6,53199.51,40213.22
000026.SZ,2013-02-06,7.62,7.77,7.59,7.76,64952.27,50008.07
000026.SZ,2013-02-07,7.76,7.8,7.58,7.64,59365.55,45460.66
000026.SZ,2013-02-08,7.64,7.79,7.62,7.71,50426.24,38854.11
000026.SZ,2013-02-18,7.77,8.09,7.68,8.05,106993.17,84111.4
000026.SZ,2013-02-19,8.0,8.06,7.79,7.87,73287.03,57753.11
000026.SZ,2013-02-20,7.82,8.01,7.7,8.0,63233.86,49804.03
000026.SZ,2013-02-21,7.98,7.98,7.74,7.75,67984.12,53277.54
000026.SZ,2013-02-22,7.75,7.88,7.61,7.64,40848.11,31740.81
000026.SZ,2013-02-25,7.6,7.71,7.48,7.62,50297.16,38089.21
000026.SZ,2013-02-26,7.55,7.72,7.41,7.41,46231.14,35014.87
000026.SZ,2013-02-27,7.43,7.52,7.19,7.21,56175.18,41105.36
000026.SZ,2013-02-28,7.26,7.4,7.16,7.38,44693.41,32533.5
000026.SZ,2013-03-01,7.4,7.45,7.31,7.44,60575.29,44795.94
000026.SZ,2013-03-04,7.38,7.38,6.75,6.81,78590.25,55200.37
000026.SZ,2013-03-05,6.83,7.0,6.81,6.93,43589.31,30126.83
000026.SZ,2013-03-06,6.98,7.15,6.97,7.12,42819.15,30353.67
000026.SZ,2013-03-07,7.16,7.23,7.06,7.18,42586.63,30445.74
000026.SZ,2013-03-08,7.1,7.19,7.1,7.16,24841.2,17769.2
000026.SZ,2013-03-11,7.14,7.28,7.09,7.27,29928.88,21510.38
000026.SZ,2013-03-12,7.26,7.36,7.01,7.12,44926.88,32349.3
000026.SZ,2013-03-13,7.11,7.14,6.88,7.08,34228.12,23985.16
000026.SZ,2013-03-14,7.04,7.34,7.01,7.33,72257.23,51921.02
000026.SZ,2013-03-15,7.3,7.41,7.17,7.21,69209.46,50559.28
000026.SZ,2013-03-18,7.18,7.54,7.02,7.48,102408.68,75000.3
000026.SZ,2013-03-19,7.53,7.55,7.25,7.45,105521.39,78302.69
000026.SZ,2013-03-20,7.47,7.57,7.38,7.53,103139.34,76922.6
000026.SZ,2013-03-21,7.52,7.52,7.35,7.44,75009.61,55835.44
000026.SZ,2013-03-22,7.43,7.45,7.26,7.31,47178.46,34651.11
000026.SZ,2013-03-25,7.29,7.55,7.28,7.54,66854.13,49786.62
000026.SZ,2013-03-26,7.54,7.62,7.26,7.31,69585.17,51500.88
000026.SZ,2013-03-27,7.37,7.4,7.28,7.33,32309.23,23683.84
000026.SZ,2013-03-28,7.26,7.26,6.9,6.98,66011.13,46234.57
000026.SZ,2013-03-29,6.98,6.98,6.85,6.89,23154.82,16040.75
000026.SZ,2013-04-01,6.85,6.96,6.82,6.85,18208.99,12566.67
000026.SZ,2013-04-02,6.85,6.95,6.8,6.82,20322.25,13945.06
000026.SZ,2013-04-03,6.83,6.88,6.67,6.69,21284.12,14342.67
000026.SZ,2013-04-08,6.64,6.64,6.33,6.53,40903.8,26276.38
000026.SZ,2013-04-09,6.53,6.62,6.48,6.6,27844.72,18302.49
000026.SZ,2013-04-10,6.6,6.61,6.49,6.58,19281.02,12631.86
000026.SZ,2013-04-11,6.59,6.71,6.59,6.62,22764.03,15130.43
000026.SZ,2013-04-12,6.62,6.62,6.44,6.47,18607.78,12128.3
000026.SZ,2013-04-15,6.46,6.46,6.23,6.28,20139.16,12683.49
000026.SZ,2013-04-16,6.21,6.41,6.15,6.4,15994.55,10066.55
000026.SZ,2013-04-17,6.38,6.51,6.37,6.51,20309.39,13100.49
000026.SZ,2013-04-18,6.45,6.53,6.42,6.46,11876.91,7691.54
000026.SZ,2013-04-19,6.45,6.72,6.43,6.67,35177.78,23341.69
000026.SZ,2013-04-22,6.61,6.86,6.55,6.8,35362.56,23688.74
000026.SZ,2013-04-23,6.78,6.82,6.32,6.79,33731.17,22465.32
000026.SZ,2013-04-24,6.79,7.01,6.69,7.01,49090.79,33921.24
000026.SZ,2013-04-25,6.98,7.07,6.9,6.98,34978.97,24440.92
000026.SZ,2013-04-26,7.03,7.15,6.72,7.07,54310.35,37898.19
000026.SZ,2013-05-02,7.02,7.17,6.96,7.1,43708.12,30798.77
000026.SZ,2013-05-03,7.1,7.27,7.07,7.2,43029.01,30895.9
000026.SZ,2013-05-06,7.2,7.25,7.11,7.15,33972.52,24327.51
000026.SZ,2013-05-07,7.15,7.35,7.02,7.3,71013.82,51383.47
000026.SZ,2013-05-08,7.29,7.29,7.12,7.15,41586.72,29936.52
000026.SZ,2013-05-09,7.17,7.18,6.99,7.16,40143.91,28383.62
000026.SZ,2013-05-10,7.12,7.21,6.98,7.06,41675.38,29424.84
000026.SZ,2013-05-13,7.18,7.18,7.04,7.12,35200.92,24959.1
000026.SZ,2013-05-14,7.12,7.14,6.98,7.12,46966.41,33163.09
000026.SZ,2013-05-15,7.13,7.45,7.13,7.43,99252.44,72873.68
000026.SZ,2013-05-16,7.39,7.75,7.32,7.71,144309.24,109395.13
000026.SZ,2013-05-17,7.63,8.09,7.62,7.95,140945.42,111431.82
000026.SZ,2013-05-20,7.95,8.08,7.85,8.01,83851.75,66872.6
000026.SZ,2013-05-21,7.94,8.37,7.93,8.23,110978.58,91086.25
000026.SZ,2013-05-22,8.23,8.24,8.02,8.1,70880.56,57624.73
000026.SZ,2013-05-23,8.06,8.13,7.88,8.0,77827.18,62103.69
000026.SZ,2013-05-24,8.0,8.2,7.99,8.14,68212.35,55109.42
000026.SZ,2013-05-27,8.7,8.95,8.3,8.4,177000.78,150754.38
000026.SZ,2013-05-28,8.37,9.2,8.19,9.03,232471.75,202928.08
000026.SZ,2013-05-29,8.8,9.07,8.7,8.89,126928.21,112289.21
000026.SZ,2013-05-30,8.82,8.94,8.58,8.69,88625.36,77376.35
000026.SZ,2013-05-31,8.7,8.78,8.47,8.66,59985.69,51642.29
000026.SZ,2013-06-03,8.66,8.74,8.5,8.69,49581.55,42679.18
000026.SZ,2013-06-04,8.66,8.91,8.2,8.34,103678.67,89232.03
000026.SZ,2013-06-05,8.54,8.54,8.15,8.4,54346.71,45231.11
000026.SZ,2013-06-06,8.35,8.5,8.22,8.36,45455.79,38036.88
000026.SZ,2013-06-07,8.37,8.54,8.0,8.09,63124.16,52034.26
000026.SZ,2013-06-13,7.9,7.9,7.58,7.76,49413.66,38032.94
000026.SZ,2013-06-14,7.68,7.85,7.68,7.75,37649.78,29243.12
000026.SZ,2013-06-17,7.75,7.82,7.59,7.74,39581.82,30511.92
000026.SZ,2013-06-18,7.71,7.77,7.62,7.73,21319.32,16441.05
000026.SZ,2013-06-19,7.75,7.75,7.5,7.73,36386.19,27733.55
000026.SZ,2013-06-20,7.7,7.7,7.41,7.55,20667.06,15649.84
000026.SZ,2013-06-21,7.41,7.48,7.12,7.47,32430.71,23681.11
000026.SZ,2013-06-24,7.44,7.56,6.72,6.72,53479.58,37993.38
000026.SZ,2013-06-25,6.7,6.72,6.15,6.67,42766.12,27796.26
000026.SZ,2013-06-26,6.7,6.82,6.48,6.72,36976.66,24566.96
000026.SZ,2013-06-27,6.74,6.79,6.47,6.51,34412.24,23004.77
000026.SZ,2013-06-28,6.55,6.72,6.36,6.48,24609.82,16123.49
000026.SZ,2013-07-01,6.5,6.67,6.45,6.66,17605.05,11541.98
000026.SZ,2013-07-02,6.63,6.76,6.6,6.7,35017.68,23425.99
000026.SZ,2013-07-03,6.68,6.69,6.35,6.55,38699.58,25260.24
000026.SZ,2013-07-04,6.52,6.83,6.42,6.77,45290.0,30369.58
000026.SZ,2013-07-05,6.76,7.05,6.72,6.94,58099.39,39969.46
000026.SZ,2013-07-08,6.9,6.9,6.57,6.62,45160.95,30522.39
000026.SZ,2013-07-09,6.57,6.65,6.5,6.56,20931.87,13781.43
000026.SZ,2013-07-10,6.56,6.93,6.55,6.93,27589.08,18604.73
000026.SZ,2013-07-11,6.89,7.2,6.81,7.14,61878.41,43621.5
000026.SZ,2013-07-12,7.14,7.14,6.86,6.93,36894.16,25864.59
000026.SZ,2013-07-15,6.93,7.08,6.91,7.06,24638.74,17254.28
000026.SZ,2013-07-16,7.1,7.13,6.98,7.13,23753.97,16787.67
000026.SZ,2013-07-17,7.13,7.18,6.93,6.96,34614.03,24379.53
000026.SZ,2013-07-18,6.92,7.05,6.77,7.05,32841.96,22658.55
000026.SZ,2013-07-19,7.02,7.08,6.8,6.8,41140.92,28657.32
000026.SZ,2013-07-22,6.77,6.97,6.68,6.88,28625.0,19622.63
000026.SZ,2013-07-23,6.88,7.1,6.82,7.04,57018.75,39960.28
000026.SZ,2013-07-24,7.04,7.04,6.84,6.95,47803.24,33171.27
000026.SZ,2013-07-25,6.93,6.97,6.53,6.67,68060.01,45858.02
000026.SZ,2013-07-26,6.65,6.65,6.4,6.53,48073.97,31336.27
000026.SZ,2013-07-29,6.52,6.54,6.33,6.37,32519.36,20840.08
000026.SZ,2013-07-30,6.43,6.5,6.31,6.42,22843.04,14672.27
000026.SZ,2013-07-31,6.49,6.55,6.45,6.47,15402.28,9990.77
000026.SZ,2013-08-01,6.53,6.65,6.5,6.64,26735.04,17617.37
000026.SZ,2013-08-02,6.7,6.82,6.58,6.77,45357.1,30468.44
000026.SZ,2013-08-05,6.81,6.85,6.73,6.83,29211.18,19874.13
000026.SZ,2013-08-06,6.87,6.99,6.8,6.94,54595.46,37840.19
000026.SZ,2013-08-07,7.06,7.1,6.9,6.9,72974.82,51032.06
000026.SZ,2013-08-08,6.89,6.94,6.74,6.9,44209.27,30237.59
000026.SZ,2013-08-09,6.93,7.06,6.85,6.95,37994.72,26422.96
000026.SZ,2013-08-12,7.02,7.19,6.94,7.17,71596.94,50534.54
000026.SZ,2013-08-13,7.12,7.15,7.0,7.07,91034.29,64397.75
000026.SZ,2013-08-14,7.04,7.05,6.88,6.98,54103.53,37688.68
000026.SZ,2013-08-15,7.02,7.02,6.85,6.87,30280.86,21033.57
000026.SZ,2013-08-16,6.9,7.05,6.82,6.93,53403.94,36897.29
000026.SZ,2013-08-19,6.93,7.07,6.84,7.05,43564.14,30425.57
000026.SZ,2013-08-20,7.02,7.11,6.92,7.03,56178.94,39454.55
000026.SZ,2013-08-21,7.1,7.18,6.97,7.13,51021.15,36070.18
000026.SZ,2013-08-22,7.13,7.46,7.09,7.41,102904.31,75146.58
000026.SZ,2013-08-23,7.4,7.45,7.11,7.26,67456.64,49133.51
000026.SZ,2013-08-26,7.25,7.64,7.12,7.56,78935.12,58321.92
000026.SZ,2013-08-27,7.5,7.6,7.43,7.55,45971.37,34605.46
000026.SZ,2013-08-28,7.5,7.56,7.36,7.46,57972.38,43254.62
000026.SZ,2013-08-29,7.43,7.45,7.27,7.41,40881.15,30049.9
000026.SZ,2013-08-30,7.43,7.58,7.31,7.35,55413.59,41350.1
000026.SZ,2013-09-02,7.4,7.8,7.21,7.65,111629.16,84355.88
000026.SZ,2013-09-03,7.69,7.8,7.58,7.65,87639.12,67335.1
000026.SZ,2013-09-04,7.69,7.77,7.49,7.52,84624.25,64724.67
000026.SZ,2013-09-05,7.48,7.5,7.31,7.35,61232.32,45325.68
000026.SZ,2013-09-06,7.36,7.44,7.34,7.42,39110.49,28911.31
000026.SZ,2013-09-09,7.43,7.56,7.34,7.48,59051.69,43972.26
000026.SZ,2013-09-10,7.48,7.52,7.4,7.48,53349.89,39807.34
000026.SZ,2013-09-11,7.51,7.65,7.44,7.51,74595.48,56291.17
000026.SZ,2013-09-12,7.5,7.57,7.42,7.53,53991.43,40298.38
000026.SZ,2013-09-13,7.57,7.6,7.35,7.45,59723.73,44469.84
000026.SZ,2013-09-16,7.46,7.47,7.26,7.3,48251.69,35494.14
000026.SZ,2013-09-17,7.35,7.37,7.13,7.18,47257.51,34427.65
000026.SZ,2013-09-18,7.22,7.3,7.17,7.29,33683.06,24337.53
000026.SZ,2013-09-23,7.32,7.47,7.25,7.43,41252.67,30330.28
000026.SZ,2013-09-24,7.44,7.44,7.26,7.32,35473.37,26055.04
000026.SZ,2013-09-25,7.32,7.49,7.29,7.44,69878.22,51761.45
000026.SZ,2013-09-26,7.43,7.52,7.21,7.23,61408.3,45453.69
000026.SZ,2013-09-27,7.28,7.35,7.18,7.26,29913.08,21690.57
000026.SZ,2013-09-30,7.22,7.31,7.18,7.22,28772.74,20805.4
000026.SZ,2013-10-08,7.22,7.36,7.12,7.31,31247.22,22606.19
000026.SZ,2013-10-09,7.27,7.37,7.19,7.37,42308.22,30827.84
000026.SZ,2013-10-10,7.35,7.75,7.3,7.65,139843.18,105863.64
000026.SZ,2013-10-11,7.64,7.99,7.59,7.96,196545.69,153454.23
000026.SZ,2013-10-14,7.91,8.12,7.86,7.94,101537.47,81140.76
000026.SZ,2013-10-15,7.95,8.1,7.77,8.04,90242.33,71552.34
000026.SZ,2013-10-16,7.99,7.99,7.68,7.8,65382.53,51012.3
000026.SZ,2013-10-17,7.85,7.95,7.68,7.7,39623.19,30831.8
000026.SZ,2013-10-18,7.72,7.89,7.71,7.78,38714.47,30240.51
000026.SZ,2013-10-21,7.78,8.18,7.78,8.09,73911.02,59424.06
000026.SZ,2013-10-22,8.14,8.2,7.92,8.04,70199.83,56666.04
000026.SZ,2013-10-23,8.05,8.11,7.72,7.73,59297.55,46710.9
000026.SZ,2013-10-24,7.74,7.92,7.7,7.78,36453.16,28509.25
000026.SZ,2013-10-25,7.79,7.81,7.49,7.66,42456.76,32425.65
000026.SZ,2013-10-28,7.64,7.68,7.47,7.52,28363.25,21388.86
000026.SZ,2013-10-29,7.6,7.75,7.3,7.59,57140.51,43138.52
000026.SZ,2013-10-30,7.6,7.68,7.51,7.67,29267.34,22287.59
000026.SZ,2013-10-31,7.66,7.75,7.47,7.66,42795.35,32646.64
000026.SZ,2013-11-01,7.65,7.7,7.48,7.62,24506.6,18587.78
000026.SZ,2013-11-04,7.67,7.67,7.48,7.49,26843.82,20294.28
000026.SZ,2013-11-05,7.49,7.49,7.15,7.37,47084.41,34399.61
000026.SZ,2013-11-06,7.3,7.39,7.23,7.24,28601.74,20951.79
000026.SZ,2013-11-07,7.25,7.3,7.19,7.25,18986.79,13746.0
000026.SZ,2013-11-08,7.25,7.25,7.01,7.02,25352.16,18031.99
000026.SZ,2013-11-11,7.04,7.11,6.97,7.09,12440.74,8780.63
000026.SZ,2013-11-12,7.1,7.18,7.06,7.17,15316.83,10920.09
000026.SZ,2013-11-13,7.23,7.23,6.98,7.0,22305.0,15798.07
000026.SZ,2013-11-14,7.03,7.09,6.92,7.08,19878.33,13949.77
000026.SZ,2013-11-15,7.1,7.28,7.07,7.19,27832.5,20053.03
000026.SZ,2013-11-18,7.25,7.42,7.21,7.4,47549.32,34878.71
000026.SZ,2013-11-19,7.41,7.47,7.34,7.44,29570.15,21886.8
000026.SZ,2013-11-20,7.42,7.65,7.34,7.6,57946.81,43725.82
000026.SZ,2013-11-21,7.55,7.78,7.52,7.57,56974.87,43547.66
000026.SZ,2013-11-22,7.55,7.74,7.42,7.66,48713.77,36790.73
000026.SZ,2013-11-25,7.61,7.77,7.57,7.58,40601.31,31194.99
000026.SZ,2013-11-26,7.64,7.65,7.5,7.55,28501.28,21543.04
000026.SZ,2013-11-27,7.59,7.72,7.54,7.68,48792.45,37308.1
000026.SZ,2013-11-28,7.68,7.84,7.65,7.76,58270.74,45202.11
000026.SZ,2013-11-29,7.79,7.85,7.72,7.81,50597.01,39417.56
000026.SZ,2013-12-02,7.56,7.71,7.3,7.5,57706.0,43394.76
000026.SZ,2013-12-03,7.45,7.69,7.43,7.67,42481.55,32110.98
000026.SZ,2013-12-04,7.69,7.92,7.68,7.87,75531.32,59105.62
000026.SZ,2013-12-05,7.87,7.88,7.75,7.79,37053.63,28890.47
000026.SZ,2013-12-06,7.79,7.82,7.56,7.66,37909.33,29066.03
000026.SZ,2013-12-09,7.7,7.78,7.61,7.73,34940.96,26911.36
000026.SZ,2013-12-10,7.77,8.0,7.69,7.95,72377.48,57016.12
000026.SZ,2013-12-11,7.91,7.91,7.67,7.77,44804.04,34815.95
000026.SZ,2013-12-12,7.74,8.13,7.73,7.98,91074.25,72430.28
000026.SZ,2013-12-13,7.95,8.13,7.9,8.01,73801.49,59347.95
000026.SZ,2013-12-16,8.04,8.04,7.8,7.9,49161.99,38834.52
000026.SZ,2013-12-17,7.91,7.92,7.74,7.88,45765.23,35805.55
000026.SZ,2013-12-18,7.86,8.05,7.78,8.01,51117.86,40624.37
000026.SZ,2013-12-19,8.02,8.08,7.65,7.71,58775.66,45994.54
000026.SZ,2013-12-20,7.73,7.73,7.45,7.58,32297.81,24434.28
000026.SZ,2013-12-23,7.59,7.63,7.44,7.56,15021.16,11321.64
000026.SZ,2013-12-24,7.59,7.7,7.48,7.59,27722.62,21103.09
000026.SZ,2013-12-25,7.54,7.68,7.52,7.63,22688.56,17225.97
000026.SZ,2013-12-26,7.6,7.63,7.34,7.44,32833.93,24434.65
000026.SZ,2013-12-27,7.39,7.58,7.39,7.56,31129.62,23331.49
000026.SZ,2013-12-30,7.57,7.57,7.36,7.42,37456.56,27771.37
000026.SZ,2013-12-31,7.38,7.54,7.27,7.49,35300.35,26201.67
000026.SZ,2014-01-02,7.5,7.55,7.44,7.53,16668.0,12479.86
000026.SZ,2014-01-03,7.56,7.57,7.4,7.53,22620.71,16947.49
000026.SZ,2014-01-06,7.53,7.57,7.34,7.37,17189.64,12789.26
000026.SZ,2014-01-07,7.37,7.45,7.22,7.35,15734.22,11479.43
000026.SZ,2014-01-08,7.34,7.48,7.31,7.42,18516.19,13721.86
000026.SZ,2014-01-09,7.42,7.47,7.28,7.29,13112.12,9697.73
000026.SZ,2014-01-10,7.24,7.25,6.82,6.9,39125.27,27443.5
000026.SZ,2014-01-13,6.89,6.92,6.69,6.75,22799.03,15519.63
000026.SZ,2014-01-14,6.74,6.93,6.72,6.93,14581.57,9968.56
000026.SZ,2014-01-15,6.92,6.93,6.83,6.9,9238.67,6357.61
000026.SZ,2014-01-16,6.88,6.99,6.86,6.92,18626.45,12894.43
000026.SZ,2014-01-17,6.92,6.92,6.7,6.73,13137.1,8881.4
000026.SZ,2014-01-20,6.7,6.75,6.53,6.59,17683.41,11723.99
000026.SZ,2014-01-21,6.61,6.72,6.59,6.69,12217.27,8147.77
000026.SZ,2014-01-22,6.71,6.9,6.69,6.89,19189.83,13115.5
000026.SZ,2014-01-23,6.9,6.95,6.79,6.81,28042.93,19171.17
000026.SZ,2014-01-24,6.82,6.92,6.76,6.92,49945.36,34279.75
000026.SZ,2014-01-27,6.88,6.9,6.79,6.83,33706.16,23076.72
000026.SZ,2014-01-28,6.85,6.87,6.68,6.72,46167.62,31062.52
000026.SZ,2014-01-29,6.73,6.78,6.6,6.76,49264.96,32977.87
000026.SZ,2014-01-30,6.73,6.73,6.62,6.67,25769.81,17200.72
000026.SZ,2014-02-07,6.6,6.79,6.58,6.78,24890.88,16661.97
000026.SZ,2014-02-10,6.79,6.98,6.79,6.97,67868.91,46877.25
000026.SZ,2014-02-11,6.98,7.01,6.85,6.96,59140.18,41137.27
000026.SZ,2014-02-12,6.95,7.05,6.93,7.03,39374.89,27540.07
000026.SZ,2014-02-13,7.01,7.16,6.95,6.98,53600.15,37885.43
000026.SZ,2014-02-14,6.98,7.12,6.98,7.11,42350.83,29870.87
000026.SZ,2014-02-17,7.17,7.19,7.08,7.18,42845.06,30598.29
000026.SZ,2014-02-18,7.15,7.19,7.05,7.09,54565.71,38750.75
000026.SZ,2014-02-19,7.09,7.17,7.06,7.13,44233.0,31477.81
000026.SZ,2014-02-20,7.16,7.25,7.06,7.15,49166.9,35155.29
000026.SZ,2014-02-21,7.13,7.35,7.09,7.29,90963.36,65911.33
000026.SZ,2014-02-24,7.3,7.56,7.21,7.55,141095.72,104587.19
000026.SZ,2014-02-25,7.53,7.66,7.25,7.29,117079.62,87732.22
000026.SZ,2014-02-26,7.29,7.34,7.05,7.25,57948.45,41613.57
000026.SZ,2014-02-27,7.22,7.3,7.03,7.07,49517.46,35517.88
000026.SZ,2014-02-28,7.01,7.19,6.95,7.18,41489.21,29255.74
000026.SZ,2014-03-03,7.17,7.38,7.12,7.3,56167.77,40740.45
000026.SZ,2014-03-04,7.25,7.3,7.16,7.25,29762.0,21532.17
000026.SZ,2014-03-05,7.27,7.36,7.24,7.25,36494.08,26697.94
000026.SZ,2014-03-06,7.25,7.27,7.07,7.18,32567.51,23326.96
000026.SZ,2014-03-07,7.2,7.23,7.04,7.09,25982.61,18568.48
000026.SZ,2014-03-10,7.05,7.06,6.65,6.66,47405.14,32297.93
000026.SZ,2014-03-11,6.65,6.78,6.6,6.68,28633.21,19129.43
000026.SZ,2014-03-12,6.68,6.74,6.63,6.69,17501.46,11694.28
000026.SZ,2014-03-13,6.73,6.83,6.73,6.77,25084.38,16984.59
000026.SZ,2014-03-14,6.74,6.88,6.74,6.87,22841.86,15564.45
000026.SZ,2014-03-17,6.91,6.94,6.84,6.93,21107.48,14552.26
000026.SZ,2014-03-18,6.93,6.96,6.81,6.85,21208.93,14593.59
000026.SZ,2014-03-19,6.84,6.85,6.75,6.85,24771.6,16813.51
000026.SZ,2014-03-20,6.83,6.96,6.77,6.77,22977.19,15818.87
000026.SZ,2014-03-21,6.74,6.94,6.74,6.91,22735.06,15597.3
000026.SZ,2014-03-24,6.91,6.99,6.85,6.95,37706.58,26076.61
000026.SZ,2014-03-25,6.95,7.04,6.92,6.97,27530.8,19205.75
000026.SZ,2014-03-26,6.97,7.02,6.91,6.95,27457.35,19121.01
000026.SZ,2014-03-27,6.93,7.09,6.84,7.0,47834.11,33460.52
000026.SZ,2014-03-28,7.04,7.07,6.87,6.88,36229.46,25255.59
000026.SZ,2014-03-31,6.88,6.95,6.82,6.86,19203.41,13222.0
000026.SZ,2014-04-01,6.89,6.96,6.85,6.94,13578.64,9382.14
000026.SZ,2014-04-02,6.94,7.11,6.93,7.01,28842.57,20292.02
000026.SZ,2014-04-03,7.01,7.06,6.91,6.98,21799.98,15235.01
000026.SZ,2014-04-04,6.97,7.08,6.94,7.05,21033.37,14796.12
000026.SZ,2014-04-08,7.05,7.13,7.01,7.11,33762.1,23910.05
000026.SZ,2014-04-09,7.12,7.19,7.08,7.17,26949.19,19236.54
000026.SZ,2014-04-10,7.16,7.24,7.1,7.19,35220.13,25207.17
000026.SZ,2014-04-11,7.17,7.26,7.08,7.18,30611.04,21934.87
000026.SZ,2014-04-14,7.2,7.22,7.12,7.21,18300.89,13120.35
000026.SZ,2014-04-15,7.22,7.26,7.11,7.12,27021.22,19363.18
000026.SZ,2014-04-16,7.15,7.15,7.03,7.12,20895.21,14817.18
000026.SZ,2014-04-17,7.13,7.15,7.07,7.13,23187.94,16487.88
000026.SZ,2014-04-18,7.12,7.2,7.08,7.19,17609.18,12582.61
000026.SZ,2014-04-21,7.19,7.23,7.0,7.02,24104.84,17155.63
000026.SZ,2014-04-22,7.01,7.03,6.82,6.93,35443.02,24501.09
000026.SZ,2014-04-23,6.94,7.06,6.87,7.02,17193.76,11957.75
000026.SZ,2014-04-24,7.11,7.16,7.0,7.03,39443.4,27881.93
000026.SZ,2014-04-25,7.0,7.05,6.85,6.89,23533.62,16278.94
000026.SZ,2014-04-28,6.83,6.89,6.69,6.77,21779.8,14739.23
000026.SZ,2014-04-29,6.8,6.96,6.74,6.89,12231.8,8357.02
000026.SZ,2014-04-30,6.89,7.0,6.81,6.99,19384.65,13412.15
000026.SZ,2014-05-05,6.96,7.07,6.92,7.06,20792.52,14560.84
000026.SZ,2014-05-06,7.06,7.11,7.02,7.07,18046.88,12739.38
000026.SZ,2014-05-07,7.06,7.13,7.0,7.05,29230.82,20699.38
000026.SZ,2014-05-08,7.03,7.28,7.01,7.12,57209.69,41152.77
000026.SZ,2014-05-09,7.16,7.2,7.07,7.15,21929.53,15659.34
000026.SZ,2014-05-12,7.2,7.28,7.12,7.27,36549.51,26386.46
000026.SZ,2014-05-13,7.31,7.49,7.3,7.35,84239.4,62351.41
000026.SZ,2014-05-14,7.34,7.4,7.28,7.3,35221.24,25808.42
000026.SZ,2014-05-15,7.3,7.33,7.15,7.2,32226.67,23295.97
000026.SZ,2014-05-16,7.18,7.46,7.17,7.42,52206.59,38374.99
000026.SZ,2014-05-19,7.45,7.55,7.32,7.49,65209.57,48567.98
000026.SZ,2014-05-20,7.54,7.55,7.41,7.48,36180.04,27071.03
000026.SZ,2014-05-21,7.48,7.62,7.42,7.56,45264.49,34138.64
000026.SZ,2014-05-22,7.57,7.74,7.54,7.6,67866.16,51915.36
000026.SZ,2014-05-23,7.6,7.64,7.47,7.59,34353.03,25999.93
000026.SZ,2014-05-26,7.57,7.81,7.52,7.73,45709.33,35271.8
000026.SZ,2014-05-27,7.75,7.91,7.71,7.86,55086.76,43111.36
000026.SZ,2014-05-28,7.89,7.92,7.77,7.84,47065.14,36942.22
000026.SZ,2014-05-29,7.8,7.88,7.66,7.75,41455.07,32125.35
000026.SZ,2014-05-30,7.74,7.8,7.66,7.69,30834.4,23804.12
000026.SZ,2014-06-03,7.71,7.77,7.56,7.73,43080.52,32997.15
000026.SZ,2014-06-04,7.73,7.74,7.55,7.65,24475.88,18709.43
000026.SZ,2014-06-05,7.71,7.75,7.56,7.74,28901.25,22139.29
000026.SZ,2014-06-06,7.68,7.73,7.55,7.61,20966.81,15990.08
000026.SZ,2014-06-09,7.59,7.6,7.43,7.43,18809.43,14126.31
000026.SZ,2014-06-10,7.42,7.6,7.41,7.56,20951.18,15769.53
000026.SZ,2014-06-11,7.55,7.63,7.52,7.55,18563.63,14048.44
000026.SZ,2014-06-12,7.55,7.57,7.45,7.53,16400.73,12295.39
000026.SZ,2014-06-13,7.53,7.92,7.48,7.9,50719.87,39350.17
000026.SZ,2014-06-16,7.91,7.98,7.77,7.83,41870.51,32857.53
000026.SZ,2014-06-17,7.83,7.89,7.73,7.81,35420.95,27606.25
000026.SZ,2014-06-18,7.81,7.88,7.74,7.8,30741.51,24005.64
000026.SZ,2014-06-19,7.78,7.8,7.49,7.57,27425.79,20938.1
000026.SZ,2014-06-20,7.59,7.74,7.44,7.53,36461.51,27477.74
000026.SZ,2014-06-23,7.54,7.63,7.48,7.5,32818.62,24794.43
000026.SZ,2014-06-24,7.51,7.73,7.48,7.69,27915.57,21288.51
000026.SZ,2014-06-25,7.68,7.68,7.54,7.6,13752.29,10442.8
000026.SZ,2014-06-26,7.62,7.69,7.58,7.65,22647.07,17296.66
000026.SZ,2014-06-27,7.62,8.08,7.54,7.89,76446.89,59877.21
000026.SZ,2014-06-30,7.8,8.32,7.8,8.18,114518.31,93148.46
000026.SZ,2014-07-01,8.18,8.18,8.0,8.1,57092.72,46173.92
000026.SZ,2014-07-02,8.1,8.37,8.08,8.22,68099.95,56043.6
000026.SZ,2014-07-03,8.19,8.26,8.05,8.22,43207.33,35282.09
000026.SZ,2014-07-04,8.2,8.22,8.01,8.12,37519.06,30405.69
000026.SZ,2014-07-07,8.08,8.3,8.06,8.27,34457.25,28022.15
000026.SZ,2014-07-08,8.22,8.44,8.21,8.39,57675.47,48117.05
000026.SZ,2014-07-09,8.39,8.46,8.0,8.11,47473.48,39293.48
000026.SZ,2014-07-10,8.12,8.22,8.07,8.08,40884.35,33220.86
000026.SZ,2014-07-11,8.09,8.24,8.08,8.22,24371.98,19930.32
000026.SZ,2014-07-14,8.24,8.67,8.22,8.57,84070.39,71525.61
000026.SZ,2014-07-15,8.49,8.68,8.44,8.55,26664.18,22733.4
000026.SZ,2014-07-16,8.57,8.6,8.27,8.32,53754.28,45107.81
000026.SZ,2014-07-17,8.28,8.32,8.15,8.25,22521.44,18574.4
000026.SZ,2014-07-18,8.24,8.43,8.18,8.35,41383.89,34441.34
000026.SZ,2014-07-21,8.35,8.37,8.21,8.36,22108.93,18323.35
000026.SZ,2014-07-22,8.34,8.47,8.26,8.37,22391.79,18794.65
000026.SZ,2014-07-23,8.35,8.76,8.27,8.7,62459.5,53490.93
000026.SZ,2014-07-24,8.63,8.7,8.35,8.48,46511.88,39605.49
000026.SZ,2014-07-25,8.49,8.54,8.41,8.51,33052.32,27976.31
000026.SZ,2014-07-28,8.52,8.72,8.45,8.55,41735.28,35825.04
000026.SZ,2014-07-29,8.59,8.96,8.59,8.73,74885.43,66137.35
000026.SZ,2014-07-30,8.73,8.97,8.65,8.87,54244.54,47911.39
000026.SZ,2014-07-31,8.77,8.83,8.66,8.83,32485.1,28425.27
000026.SZ,2014-08-01,8.8,8.84,8.64,8.64,38119.85,33274.2
000026.SZ,2014-08-04,8.63,8.83,8.61,8.77,32704.09,28572.7
000026.SZ,2014-08-05,8.74,8.8,8.56,8.66,55120.27,47633.92
000026.SZ,2014-08-06,8.64,8.65,8.49,8.62,46150.9,39590.62
000026.SZ,2014-08-07,8.6,8.67,8.55,8.55,36137.77,31062.44
000026.SZ,2014-08-08,8.59,8.79,8.55,8.7,43532.84,37866.81
000026.SZ,2014-08-11,8.72,8.79,8.59,8.71,55367.47,47994.76
000026.SZ,2014-08-12,8.7,8.76,8.56,8.6,64654.53,55620.91
000026.SZ,2014-08-13,8.59,8.64,8.48,8.53,51815.03,44309.24
000026.SZ,2014-08-14,8.53,8.73,8.49,8.53,50380.18,43305.83
000026.SZ,2014-08-15,8.53,8.62,8.5,8.58,34583.25,29650.81
000026.SZ,2014-08-18,8.57,8.84,8.55,8.82,71570.95,62541.19
000026.SZ,2014-08-19,8.82,9.03,8.76,8.91,79562.52,70873.96
000026.SZ,2014-08-20,8.97,9.03,8.81,8.84,41027.6,36495.96
000026.SZ,2014-08-21,8.8,8.87,8.58,8.69,67417.32,58576.25
000026.SZ,2014-08-22,8.66,8.97,8.61,8.96,72327.75,63994.4
000026.SZ,2014-08-25,9.0,9.0,8.76,8.77,33467.59,29673.29
000026.SZ,2014-08-26,8.82,8.98,8.58,8.68,54498.31,47575.26
000026.SZ,2014-08-27,8.64,8.87,8.6,8.67,43053.36,37412.45
000026.SZ,2014-08-28,8.65,8.73,8.4,8.46,44422.86,37936.43
000026.SZ,2014-08-29,8.45,8.64,8.44,8.61,29800.69,25489.34
000026.SZ,2014-09-01,8.58,8.82,8.58,8.77,53476.79,46736.73
000026.SZ,2014-09-02,8.78,8.97,8.73,8.95,70177.76,62204.62
000026.SZ,2014-09-03,8.97,8.99,8.79,8.91,65981.51,58683.51
000026.SZ,2014-09-04,8.9,9.58,8.85,9.42,130277.87,121235.95
000026.SZ,2014-09-05,9.4,9.69,9.3,9.57,108024.22,102733.73
000026.SZ,2014-09-09,9.62,9.74,9.44,9.53,77739.94,74424.41
000026.SZ,2014-09-10,9.48,9.5,9.35,9.4,73150.33,68947.71
000026.SZ,2014-09-11,9.39,9.6,9.27,9.37,59746.07,56319.27
000026.SZ,2014-09-12,9.38,9.59,9.31,9.59,51015.78,48320.14
000026.SZ,2014-09-15,9.62,9.66,9.45,9.58,51753.55,49539.5
000026.SZ,2014-09-16,9.57,9.96,9.42,9.47,105895.63,103077.66
000026.SZ,2014-09-17,9.47,9.65,9.19,9.56,65980.56,62231.53
000026.SZ,2014-09-18,9.56,10.1,9.53,9.86,97680.61,96149.68
000026.SZ,2014-09-19,9.87,9.98,9.7,9.83,59689.31,58626.31
000026.SZ,2014-09-22,9.81,9.81,9.38,9.53,58365.74,55833.93
000026.SZ,2014-09-23,9.53,9.76,9.46,9.75,46397.25,44731.98
000026.SZ,2014-09-24,9.7,10.35,9.64,10.31,108814.26,110861.69
000026.SZ,2014-09-25,10.29,10.54,10.18,10.27,90916.33,93915.69
000026.SZ,2014-09-26,10.2,10.43,10.02,10.13,77035.63,78694.36
000026.SZ,2014-09-29,10.22,10.76,10.15,10.7,83476.51,87951.11
000026.SZ,2014-09-30,10.65,10.83,10.57,10.77,72026.03,77068.43
000026.SZ,2014-10-08,10.74,10.96,10.64,10.87,67624.29,72922.1
000026.SZ,2014-10-09,10.9,10.91,10.44,10.66,86287.19,91849.03
000026.SZ,2014-10-10,10.63,10.63,10.45,10.53,60641.36,63834.25
000026.SZ,2014-10-13,10.5,10.82,10.45,10.73,57796.3,61568.41
000026.SZ,2014-10-14,10.7,10.86,10.4,10.55,64215.55,68219.13
000026.SZ,2014-10-15,10.47,10.6,10.27,10.45,52341.91,54457.14
000026.SZ,2014-10-16,10.36,10.52,10.18,10.19,52167.66,53942.63
000026.SZ,2014-10-17,10.14,10.15,9.64,9.87,104280.03,102924.12
000026.SZ,2014-10-20,9.87,10.02,9.78,10.02,47203.75,46893.13
000026.SZ,2014-10-21,10.01,10.06,9.75,9.78,40996.16,40589.0
000026.SZ,2014-10-22,9.8,9.95,9.7,9.84,49239.87,48293.96
000026.SZ,2014-10-23,9.79,9.9,9.59,9.67,45234.78,43950.3
000026.SZ,2014-10-24,9.65,9.73,9.58,9.7,33210.4,32054.0
000026.SZ,2014-10-27,9.62,9.81,9.59,9.76,36838.84,35782.37
000026.SZ,2014-10-28,9.83,10.02,9.76,10.0,59053.89,58476.02
000026.SZ,2014-10-29,10.04,10.21,9.91,10.11,85732.3,86536.81
000026.SZ,2014-10-30,10.1,10.14,9.97,9.99,58946.51,59216.87
000026.SZ,2014-10-31,9.99,10.09,9.91,10.02,51885.69,51796.37
000026.SZ,2014-11-03,10.02,10.1,9.95,10.01,49996.59,50076.78
000026.SZ,2014-11-04,10.0,10.0,9.69,9.72,74725.02,73342.35
000026.SZ,2014-11-05,9.72,9.85,9.69,9.78,42417.07,41490.94
000026.SZ,2014-11-06,9.8,9.92,9.72,9.91,42483.61,41697.65
000026.SZ,2014-11-07,9.93,10.18,9.85,9.88,85784.58,86253.31
000026.SZ,2014-11-10,9.89,10.07,9.78,9.99,58703.61,58367.54
000026.SZ,2014-11-11,10.0,10.15,9.59,9.84,83632.24,82243.54
000026.SZ,2014-11-12,9.8,9.8,9.52,9.73,68762.6,66249.93
000026.SZ,2014-11-13,9.73,9.73,9.37,9.38,64852.36,61548.99
000026.SZ,2014-11-14,9.31,9.48,9.27,9.45,31416.88,29426.03
000026.SZ,2014-11-17,9.67,9.67,9.45,9.51,27163.56,25883.45
000026.SZ,2014-11-18,9.46,9.58,9.42,9.52,30885.45,29323.49
000026.SZ,2014-11-19,9.53,9.68,9.48,9.61,30508.47,29262.87
000026.SZ,2014-11-20,9.6,9.69,9.53,9.57,22697.11,21803.97
000026.SZ,2014-11-21,9.6,9.78,9.6,9.75,39727.81,38606.89
000026.SZ,2014-11-24,9.84,9.88,9.75,9.82,44032.73,43190.36
000026.SZ,2014-11-25,9.82,10.02,9.78,10.01,55610.73,55353.92
000026.SZ,2014-11-26,10.03,10.08,9.87,9.94,54343.1,54206.95
000026.SZ,2014-11-27,10.24,10.93,10.1,10.93,127569.33,135961.58
000026.SZ,2014-11-28,11.26,11.38,10.7,11.1,314196.58,347463.13
000026.SZ,2014-12-01,10.85,11.0,10.66,10.76,127808.1,137797.6
000026.SZ,2014-12-02,10.7,10.92,10.66,10.74,95028.06,102193.8
000026.SZ,2014-12-03,10.73,10.85,10.48,10.85,105398.07,112810.65
000026.SZ,2014-12-04,10.82,10.95,10.74,10.79,110294.01,119255.15
000026.SZ,2014-12-05,10.77,10.77,10.19,10.51,173988.27,181895.33
000026.SZ,2014-12-08,10.3,10.68,10.3,10.44,94462.89,99092.77
000026.SZ,2014-12-09,10.46,10.82,9.9,9.99,124610.79,131641.8
000026.SZ,2014-12-10,9.88,10.4,9.88,10.26,77644.92,79042.2
000026.SZ,2014-12-11,10.31,10.75,10.26,10.71,82436.81,86580.46
000026.SZ,2014-12-12,10.71,11.13,10.71,10.88,111570.25,122054.29
000026.SZ,2014-12-15,10.8,11.04,10.72,10.96,62097.95,67780.02
000026.SZ,2014-12-16,10.96,11.1,10.67,10.97,74437.96,80800.86
000026.SZ,2014-12-17,10.91,10.96,10.55,10.68,49695.36,53254.08
000026.SZ,2014-12-18,10.61,10.79,10.52,10.68,32089.58,34278.33
000026.SZ,2014-12-19,10.63,10.76,10.26,10.45,49874.12,51998.79
000026.SZ,2014-12-22,10.43,10.43,10.0,10.04,45218.23,45694.49
000026.SZ,2014-12-23,10.04,10.27,10.0,10.1,38149.31,38665.21
000026.SZ,2014-12-24,10.17,10.3,10.09,10.3,33956.49,34602.46
000026.SZ,2014-12-25,10.3,10.54,10.27,10.5,32364.89,33640.73
000026.SZ,2014-12-26,10.46,10.55,10.34,10.43,27067.6,28221.32
000026.SZ,2014-12-29,10.49,10.49,10.09,10.14,36725.27,37605.9
000026.SZ,2014-12-30,10.09,10.28,10.0,10.18,27009.27,27387.46
000026.SZ,2014-12-31,10.18,10.44,10.06,10.4,31155.75,31896.09
000026.SZ,2015-01-05,10.39,10.66,10.18,10.54,53175.08,55384.5
000026.SZ,2015-01-06,10.49,10.58,10.26,10.57,52118.3,54300.65
000026.SZ,2015-01-07,10.54,10.9,10.5,10.85,82511.93,88755.81
000026.SZ,2015-01-08,10.79,10.88,10.62,10.67,46199.35,49481.05
000026.SZ,2015-01-09,10.67,11.04,10.62,10.62,66365.14,71742.91
000026.SZ,2015-01-12,10.55,10.7,10.25,10.65,47172.62,49104.55
000026.SZ,2015-01-13,10.4,10.74,10.38,10.67,38713.62,40909.47
000026.SZ,2015-01-14,10.63,10.75,10.45,10.67,42906.69,45450.06
000026.SZ,2015-01-15,10.6,10.84,10.57,10.72,45587.43,48818.85
000026.SZ,2015-01-16,11.1,11.26,10.84,11.16,121911.78,134842.48
000026.SZ,2015-01-19,10.71,11.48,10.68,10.77,105710.7,116763.35
000026.SZ,2015-01-20,10.85,11.36,10.85,11.31,104878.55,117114.92
000026.SZ,2015-01-21,11.41,11.85,11.41,11.59,119602.8,138849.19
000026.SZ,2015-01-22,11.6,12.38,11.5,12.24,159568.45,191333.77
000026.SZ,2015-01-23,12.09,12.23,11.8,11.97,111153.57,132988.6
000026.SZ,2015-01-26,11.95,12.14,11.84,12.08,74678.43,89549.98
000026.SZ,2015-01-27,12.07,12.13,11.7,12.07,88280.61,105725.02
000026.SZ,2015-01-28,12.0,12.0,11.62,11.71,66834.74,78587.76
000026.SZ,2015-01-29,11.55,11.61,11.43,11.45,41448.76,47707.83
000026.SZ,2015-01-30,11.55,11.8,11.51,11.56,42507.22,49458.34
000026.SZ,2015-02-02,11.5,11.85,11.4,11.5,36516.55,42473.25
000026.SZ,2015-02-03,11.52,11.9,11.51,11.8,50962.84,59739.28
000026.SZ,2015-02-04,11.85,12.17,11.55,11.62,51355.94,60705.68
000026.SZ,2015-02-05,11.68,11.8,11.37,11.41,52421.62,60433.62
000026.SZ,2015-02-06,11.36,11.48,10.98,11.05,54162.56,60372.35
000026.SZ,2015-02-09,11.06,11.3,10.72,11.13,53968.17,59446.55
000026.SZ,2015-02-10,11.01,11.21,10.99,11.08,25898.75,28743.86
000026.SZ,2015-02-11,11.08,11.3,11.06,11.2,21661.37,24267.5
000026.SZ,2015-02-12,11.2,11.36,11.16,11.33,22095.61,24958.02
000026.SZ,2015-02-13,11.4,11.5,11.26,11.48,41247.71,47008.44
000026.SZ,2015-02-16,11.49,11.61,11.41,11.51,45722.93,52626.52
000026.SZ,2015-02-17,11.51,11.75,11.45,11.67,59292.2,68628.72
000026.SZ,2015-02-25,11.67,12.19,11.56,12.14,116397.9,138772.87
000026.SZ,2015-02-26,12.14,12.24,11.95,12.12,91318.21,110266.38
000026.SZ,2015-02-27,12.23,12.65,12.12,12.28,115213.7,141978.37
000026.SZ,2015-03-02,12.29,12.36,12.02,12.31,79301.25,96629.04
000026.SZ,2015-03-03,12.25,12.44,12.07,12.25,60439.36,73947.51
000026.SZ,2015-03-04,12.18,12.92,12.18,12.75,134453.04,169459.93
000026.SZ,2015-03-05,12.65,12.96,12.51,12.82,73485.48,93591.69
000026.SZ,2015-03-06,12.82,12.88,12.62,12.78,78481.4,100056.76
000026.SZ,2015-03-09,12.6,13.18,12.4,13.1,74304.1,94341.82
000026.SZ,2015-03-10,13.06,13.65,13.06,13.35,97642.68,130334.23
000026.SZ,2015-03-11,13.11,13.34,13.11,13.28,36566.89,48338.75
000026.SZ,2015-03-12,13.17,13.26,12.65,12.8,79501.52,102053.71
000026.SZ,2015-03-13,12.82,13.1,12.67,13.1,52250.05,66958.1
000026.SZ,2015-03-16,13.05,13.28,12.93,13.19,75300.11,98529.52
000026.SZ,2015-03-17,13.25,13.29,13.0,13.22,114423.7,150495.04
000026.SZ,2015-03-18,13.28,13.56,13.1,13.42,88844.39,118746.11
000026.SZ,2015-03-19,13.4,13.5,13.25,13.49,71480.59,95502.49
000026.SZ,2015-03-20,13.5,13.85,13.33,13.59,73114.63,99347.44
000026.SZ,2015-03-23,13.55,13.96,13.31,13.89,115568.16,157392.1
000026.SZ,2015-03-24,13.82,13.93,13.35,13.7,78402.16,107157.9
000026.SZ,2015-03-25,13.67,13.8,13.42,13.72,74120.36,100765.65
000026.SZ,2015-03-26,13.72,13.78,13.43,13.54,56611.97,76911.42
000026.SZ,2015-03-27,13.53,13.94,13.33,13.66,58229.48,79763.78
000026.SZ,2015-03-30,13.81,14.34,13.6,14.15,93244.45,130401.93
000026.SZ,2015-03-31,14.15,15.57,13.98,15.1,144009.53,213663.32
000026.SZ,2015-04-01,15.1,16.49,14.84,15.67,121700.5,187931.46
000026.SZ,2015-04-02,15.58,16.07,15.39,16.01,83458.37,132172.09
000026.SZ,2015-04-03,15.97,16.3,15.58,15.9,90810.59,145010.54
000026.SZ,2015-04-07,15.91,17.38,15.69,17.36,118420.45,192926.29
000026.SZ,2015-04-08,17.0,17.55,16.73,17.08,85616.62,146251.01
000026.SZ,2015-04-20,18.0,18.0,15.68,16.2,167581.79,279178.32
000026.SZ,2015-04-21,16.22,16.95,16.0,16.48,78759.96,129967.12
000026.SZ,2015-04-22,16.52,18.03,16.48,17.4,119560.71,205447.6
000026.SZ,2015-04-23,17.35,17.35,16.75,17.02,72832.77,123954.88
000026.SZ,2015-04-24,16.66,16.95,16.3,16.7,54986.65,91387.43
000026.SZ,2015-04-27,17.0,17.12,16.28,16.39,92645.68,153645.6
000026.SZ,2015-04-28,16.47,16.66,15.5,16.43,90190.6,145627.44
000026.SZ,2015-04-29,16.43,17.18,16.0,16.96,102982.29,172415.71
000026.SZ,2015-04-30,16.94,16.98,16.62,16.9,56320.42,94431.7
000026.SZ,2015-05-04,16.86,17.4,16.71,17.08,60854.48,104031.54
000026.SZ,2015-05-05,17.08,17.32,16.44,16.58,47204.76,79251.87
000026.SZ,2015-05-06,16.51,17.01,16.26,16.53,42817.5,71359.46
000026.SZ,2015-05-07,17.12,17.89,16.88,16.92,87528.97,150260.69
000026.SZ,2015-05-08,17.01,18.5,16.8,18.14,130213.96,231929.26
000026.SZ,2015-05-11,18.4,19.23,18.22,18.81,103574.05,193772.67
000026.SZ,2015-05-12,18.88,19.05,18.26,18.59,83810.35,155541.21
000026.SZ,2015-05-13,18.4,19.52,18.15,19.23,87384.89,165478.77
000026.SZ,2015-05-14,19.35,19.88,19.01,19.4,71945.87,139769.58
000026.SZ,2015-05-15,19.25,19.26,18.51,18.72,45191.09,84923.15
000026.SZ,2015-05-18,18.58,19.26,18.31,19.21,75030.77,142023.22
000026.SZ,2015-05-19,19.33,19.79,19.2,19.5,66450.24,129046.53
000026.SZ,2015-05-20,19.43,21.45,19.41,21.0,98370.18,205519.57
000026.SZ,2015-05-21,21.0,22.27,21.0,22.0,80601.81,174414.08
000026.SZ,2015-05-22,22.6,22.7,21.12,22.1,59113.86,128931.1
000026.SZ,2015-05-25,22.0,22.54,21.48,22.26,64634.96,143145.52
000026.SZ,2015-05-26,22.35,23.68,21.9,23.0,71577.67,162711.56
000026.SZ,2015-05-27,22.85,25.3,22.04,24.9,114071.67,273438.67
000026.SZ,2015-05-28,24.85,24.85,22.74,22.74,87287.92,209870.83
000026.SZ,2015-05-29,23.0,23.71,21.58,22.93,76394.52,174596.96
000026.SZ,2015-06-01,22.9,24.1,22.85,23.97,65017.89,152359.05
000026.SZ,2015-06-02,24.15,26.0,23.58,25.59,88428.99,216743.28
000026.SZ,2015-06-03,25.59,25.79,24.22,25.47,79832.27,200094.16
000026.SZ,2015-06-04,25.35,25.6,22.93,25.36,56072.68,138698.6
000026.SZ,2015-06-05,25.42,27.5,24.7,26.4,91497.89,240411.18
000026.SZ,2015-06-08,26.5,26.96,25.2,25.5,85171.58,220476.86
000026.SZ,2015-06-09,25.39,25.4,24.38,25.0,69883.89,174205.19
000026.SZ,2015-06-10,24.9,25.55,24.42,25.1,79944.2,201791.7
000026.SZ,2015-06-11,25.1,25.4,24.5,24.91,54050.97,134152.24
000026.SZ,2015-06-12,24.9,26.1,24.73,26.0,81700.54,208288.41
000026.SZ,2015-06-15,25.95,25.99,25.2,25.57,53786.73,137604.02
000026.SZ,2015-06-16,25.35,25.4,23.72,23.86,45352.97,110811.72
000026.SZ,2015-06-17,23.86,24.9,22.51,24.36,52313.43,123380.84
000026.SZ,2015-06-18,24.3,24.49,22.6,23.6,49022.15,115491.65
000026.SZ,2015-06-19,23.0,23.09,21.24,21.24,54534.64,121847.59
000026.SZ,2015-06-23,21.24,21.67,19.12,20.8,67126.78,135222.98
000026.SZ,2015-06-24,20.6,21.35,20.41,21.2,75132.83,157303.05
000026.SZ,2015-06-25,21.02,21.26,19.7,21.0,58207.77,120263.97
000026.SZ,2015-06-26,20.09,20.49,18.9,18.9,48608.09,95312.71
000026.SZ,2015-06-29,19.2,19.29,17.01,17.28,80752.38,141696.11
000026.SZ,2015-06-30,17.25,18.03,15.55,17.8,150027.93,248141.07
000026.SZ,2015-07-01,17.3,18.2,16.02,16.02,93600.85,163034.35
000026.SZ,2015-07-02,14.6,15.75,14.42,14.43,108958.92,160533.31
000026.SZ,2015-07-03,13.57,13.88,12.99,12.99,208562.91,272110.6
000026.SZ,2015-07-06,14.0,14.0,11.69,11.69,184944.88,234470.1
000026.SZ,2015-07-07,10.53,10.53,10.52,10.52,29332.0,30872.38
000026.SZ,2015-07-08,9.47,9.47,9.47,9.47,6306.0,5971.78
000026.SZ,2015-07-09,8.52,10.42,8.52,10.42,336740.17,325797.0
000026.SZ,2015-07-10,10.8,11.46,10.6,11.46,111077.9,124795.86
000026.SZ,2015-07-13,12.36,12.61,12.0,12.61,227190.58,284818.34
000026.SZ,2015-07-14,13.0,13.87,12.8,13.87,331027.72,451090.86
000026.SZ,2015-07-15,13.11,13.83,12.48,13.0,253970.43,327549.03
000026.SZ,2015-07-16,12.75,13.96,11.99,13.2,192059.47,252536.77
000026.SZ,2015-07-17,13.38,14.52,13.2,14.3,253373.76,354121.59
000026.SZ,2015-07-20,14.35,15.0,13.88,14.29,281306.71,403703.37
000026.SZ,2015-07-21,13.81,14.36,13.68,14.13,156842.72,221034.66
000026.SZ,2015-07-22,14.05,14.6,13.92,14.57,190806.91,273017.03
000026.SZ,2015-07-23,14.57,15.46,14.5,15.07,188649.46,281889.36
000026.SZ,2015-07-24,15.1,15.57,14.44,14.6,239045.46,359462.13
000026.SZ,2015-07-27,14.0,14.6,13.14,13.14,158708.45,221561.63
000026.SZ,2015-07-28,12.0,13.45,11.83,12.02,189044.84,230805.03
000026.SZ,2015-07-29,12.38,13.22,11.61,13.21,147814.82,181912.63
000026.SZ,2015-07-30,13.13,14.14,12.81,13.12,204682.09,277526.34
000026.SZ,2015-07-31,12.98,13.28,12.3,12.58,122501.32,157434.69
000026.SZ,2015-08-03,12.3,12.47,11.61,11.78,129402.3,155291.61
000026.SZ,2015-08-04,11.9,12.78,11.89,12.75,106516.72,132078.61
000026.SZ,2015-08-05,12.83,13.35,12.58,12.83,158763.6,206114.07
000026.SZ,2015-08-06,12.4,12.87,12.2,12.55,80274.0,101161.79
000026.SZ,2015-08-07,12.74,13.28,12.72,13.2,115222.17,150020.28
000026.SZ,2015-08-10,13.48,14.46,13.35,14.32,172516.55,240808.32
000026.SZ,2015-08-11,14.27,14.8,14.1,14.43,208528.29,303299.61
000026.SZ,2015-08-12,14.79,15.26,14.4,14.41,204272.08,302519.34
000026.SZ,2015-08-13,14.12,14.87,14.01,14.85,177662.97,257065.98
000026.SZ,2015-08-14,14.82,16.34,14.8,16.26,276686.99,429360.07
000026.SZ,2015-08-17,16.15,17.38,15.55,16.96,302703.23,494852.27
000026.SZ,2015-08-18,16.79,16.85,15.26,15.26,210454.87,335169.82
000026.SZ,2015-08-19,14.12,15.75,13.73,15.46,216061.16,314114.22
000026.SZ,2015-08-20,15.01,15.34,14.11,14.14,137661.43,203738.65
000026.SZ,2015-08-21,13.88,14.0,12.78,12.8,126930.4,170404.94
000026.SZ,2015-08-24,12.01,12.36,11.52,11.52,97932.43,113660.83
000026.SZ,2015-08-25,10.37,10.78,10.37,10.37,107012.87,111944.71
000026.SZ,2015-08-26,10.45,10.98,9.51,9.8,147707.79,151675.04
000026.SZ,2015-08-27,10.05,10.45,9.5,10.45,120035.56,120897.57
000026.SZ,2015-08-28,10.66,11.5,10.53,11.5,151856.44,166516.82
000026.SZ,2015-08-31,11.5,11.5,10.48,10.48,139575.94,152703.52
000026.SZ,2015-09-01,10.19,10.2,9.43,9.43,130509.5,125801.02
000026.SZ,2015-09-02,8.77,9.8,8.65,8.85,102005.37,92960.4
000026.SZ,2015-09-07,9.12,9.55,9.06,9.36,89169.94,82919.94
000026.SZ,2015-09-08,9.26,10.19,9.13,10.02,100488.69,96192.13
000026.SZ,2015-09-09,10.1,10.56,10.0,10.43,118579.47,122395.32
000026.SZ,2015-09-10,10.16,10.69,10.11,10.31,104224.09,108728.75
000026.SZ,2015-09-11,10.28,10.45,10.05,10.32,92412.84,94910.36
000026.SZ,2015-09-14,10.46,10.58,9.29,9.29,106132.22,104816.53
000026.SZ,2015-09-15,8.95,9.17,8.38,8.5,94460.88,83069.54
000026.SZ,2015-09-16,8.64,9.35,8.55,9.34,96663.29,86582.2
000026.SZ,2015-09-17,9.31,9.79,9.2,9.3,124613.58,118141.71
000026.SZ,2015-09-18,9.3,9.55,9.0,9.45,76025.32,70974.51
000026.SZ,2015-09-21,9.31,9.94,9.19,9.92,94263.23,90986.12
000026.SZ,2015-09-22,9.97,10.27,9.85,10.08,103124.04,103799.57
000026.SZ,2015-09-23,9.93,10.07,9.62,9.81,91650.34,90431.72
000026.SZ,2015-09-24,9.89,10.18,9.89,10.09,77520.47,77818.6
000026.SZ,2015-09-25,10.08,10.16,9.5,9.62,69140.92,67929.26
000026.SZ,2015-09-28,9.62,9.87,9.5,9.87,47990.05,46682.33
000026.SZ,2015-09-29,9.68,9.97,9.58,9.91,58297.32,56862.61
000026.SZ,2015-09-30,9.99,10.29,9.75,10.14,79875.87,80216.34
000026.SZ,2015-10-08,10.51,10.81,10.38,10.58,91043.64,96170.31
000026.SZ,2015-10-09,10.68,10.8,10.49,10.69,88076.79,94141.11
000026.SZ,2015-10-12,10.89,11.34,10.7,11.18,127710.71,140971.55
000026.SZ,2015-10-13,11.0,11.26,10.91,11.19,100270.0,111339.31
000026.SZ,2015-10-14,11.04,11.38,10.99,11.18,112598.91,125847.67
000026.SZ,2015-10-15,11.06,11.78,11.0,11.74,128535.9,147018.16
000026.SZ,2015-10-16,11.73,11.94,11.37,11.89,143909.6,168039.82
000026.SZ,2015-10-19,11.89,12.23,11.58,11.99,166985.48,199085.85
000026.SZ,2015-10-20,11.98,12.4,11.71,12.38,141003.05,169889.14
000026.SZ,2015-10-21,12.32,13.12,11.33,11.51,231559.68,287351.77
000026.SZ,2015-10-22,11.45,12.66,11.45,12.66,207735.99,253255.23
000026.SZ,2015-10-23,12.9,13.77,12.71,13.44,281441.09,371910.46
000026.SZ,2015-10-26,13.7,13.8,13.0,13.38,220059.67,295386.9
000026.SZ,2015-10-27,13.12,13.38,12.5,13.28,153499.36,199976.45
000026.SZ,2015-10-28,13.06,13.8,12.8,12.97,138046.91,184395.6
000026.SZ,2015-10-29,13.0,13.75,12.92,13.7,187174.88,252255.97
000026.SZ,2015-10-30,13.55,14.28,13.31,13.63,188904.04,260913.35
000026.SZ,2015-11-02,13.02,13.55,12.81,12.95,116643.52,154526.59
000026.SZ,2015-11-03,13.02,13.19,12.51,12.71,82795.41,105951.96
000026.SZ,2015-11-04,12.69,13.98,12.69,13.91,148084.74,198757.21
000026.SZ,2015-11-05,13.86,14.04,13.45,13.88,149167.18,205548.79
000026.SZ,2015-11-06,13.77,14.44,13.77,14.08,143753.93,203350.26
000026.SZ,2015-11-09,13.78,14.15,13.43,13.98,170639.3,235967.64
000026.SZ,2015-11-10,13.78,14.67,13.66,14.42,174347.52,247957.79
000026.SZ,2015-11-11,14.35,14.88,14.2,14.5,185128.59,269288.17
000026.SZ,2015-11-12,14.41,14.45,13.86,14.16,163205.82,231180.44
000026.SZ,2015-11-13,13.9,14.39,13.82,14.14,122418.61,173000.95
000026.SZ,2015-11-16,13.82,14.38,13.7,14.34,84385.49,118893.55
000026.SZ,2015-11-17,14.39,14.63,14.1,14.33,123432.45,177424.68
000026.SZ,2015-11-18,14.4,14.62,14.18,14.24,98730.05,142107.5
000026.SZ,2015-11-19,14.3,14.42,14.03,14.38,83469.97,119024.16
000026.SZ,2015-11-20,14.46,15.25,14.32,15.03,190885.86,282176.51
000026.SZ,2015-11-23,14.92,15.17,14.7,14.76,116249.71,173631.87
000026.SZ,2015-11-24,14.71,14.9,14.35,14.7,72537.92,105668.36
000026.SZ,2015-11-25,14.65,14.97,14.65,14.81,95145.64,140826.02
000026.SZ,2015-11-26,14.81,14.96,14.45,14.47,118016.07,172584.28
000026.SZ,2015-11-27,14.5,14.68,13.03,13.13,113176.21,158333.49
000026.SZ,2015-11-30,13.04,13.31,12.0,13.15,110387.57,141775.73
000026.SZ,2015-12-01,13.09,13.5,12.98,13.21,76432.97,101075.67
000026.SZ,2015-12-02,13.45,13.45,12.76,13.09,50064.27,65345.35
000026.SZ,2015-12-03,13.02,13.6,13.02,13.41,92325.74,122710.15
000026.SZ,2015-12-04,13.39,13.88,13.25,13.75,117353.35,159691.45
000026.SZ,2015-12-07,13.7,14.59,13.68,14.45,146711.53,209502.36
000026.SZ,2015-12-08,14.38,15.1,13.82,14.96,205311.04,297516.34
000026.SZ,2015-12-09,15.3,16.46,15.05,15.07,283553.37,443745.18
000026.SZ,2015-12-10,14.7,16.25,14.51,15.65,298861.4,455978.4
000026.SZ,2015-12-11,15.5,16.99,15.4,16.84,336063.22,543183.64
000026.SZ,2015-12-14,16.35,16.9,16.31,16.57,211945.0,352065.8
000026.SZ,2015-12-15,16.5,17.17,15.96,16.59,254810.23,418373.24
000026.SZ,2015-12-16,16.56,16.68,15.6,15.77,215636.86,347104.53
000026.SZ,2015-12-17,15.9,16.28,15.72,16.18,167028.13,268069.95
000026.SZ,2015-12-18,16.15,16.86,15.87,16.82,223272.8,365942.79
000026.SZ,2015-12-21,16.6,18.44,16.3,18.2,286775.57,493989.3
000026.SZ,2015-12-22,17.84,18.18,17.48,17.85,207257.28,369202.14
000026.SZ,2015-12-23,17.85,18.14,17.35,17.4,163662.38,290719.04
000026.SZ,2015-12-24,17.66,17.67,16.03,16.56,137293.32,229051.39
000026.SZ,2015-12-25,16.77,16.96,16.26,16.91,126010.05,209647.77
000026.SZ,2015-12-28,16.9,17.26,16.3,16.31,137963.58,230870.96
000026.SZ,2015-12-29,16.1,16.76,15.9,16.42,103181.44,168140.32
000026.SZ,2015-12-30,16.37,17.24,16.31,17.08,120483.51,202273.62
000026.SZ,2015-12-31,16.95,17.08,16.34,16.38,91396.27,152295.3
000026.SZ,2016-01-04,16.44,16.58,14.74,14.74,71301.25,109607.81
000026.SZ,2016-01-05,13.3,14.83,13.3,14.12,136467.32,190421.16
000026.SZ,2016-01-06,14.13,14.44,13.76,14.37,75286.55,106981.12
000026.SZ,2016-01-07,14.0,14.0,12.93,12.93,17191.0,23025.08
000026.SZ,2016-01-08,13.21,13.4,12.0,12.9,98193.29,126167.4
000026.SZ,2016-01-11,12.49,12.8,11.63,12.1,91682.72,111759.79
000026.SZ,2016-01-12,12.05,12.41,11.67,12.2,76210.94,91948.4
000026.SZ,2016-01-13,12.3,12.38,11.68,12.06,69531.31,83954.78
000026.SZ,2016-01-14,11.74,12.53,11.5,12.45,83467.07,100573.59
000026.SZ,2016-01-15,12.2,12.45,11.7,11.89,83101.18,100269.65
000026.SZ,2016-01-18,11.51,12.31,11.5,12.29,87355.16,104376.09
000026.SZ,2016-01-19,12.2,12.88,11.98,12.75,85079.08,105973.06
000026.SZ,2016-01-20,12.59,12.76,12.15,12.32,87323.55,108469.38
000026.SZ,2016-01-21,12.1,12.37,11.69,11.69,65998.3,79570.83
000026.SZ,2016-01-22,11.79,11.95,11.3,11.87,77478.9,90318.74
000026.SZ,2016-01-25,11.9,12.05,11.8,12.03,63355.91,75442.25
000026.SZ,2016-01-26,11.89,11.9,10.83,10.83,82744.5,93059.9
000026.SZ,2016-01-27,10.8,10.93,9.8,10.34,90888.76,93117.6
000026.SZ,2016-01-28,10.2,10.55,9.5,9.54,57464.45,57991.79
000026.SZ,2016-01-29,9.7,10.1,9.51,9.95,69855.66,68588.78
000026.SZ,2016-02-01,10.04,10.3,9.75,9.91,55999.13,56099.88
000026.SZ,2016-02-02,9.95,10.58,9.94,10.43,84335.23,86744.55
000026.SZ,2016-02-03,10.39,10.71,10.21,10.64,76098.48,79960.89
000026.SZ,2016-02-04,10.7,11.27,10.56,11.13,85526.51,93758.4
000026.SZ,2016-02-05,11.37,11.37,10.73,10.8,61717.71,67814.63
000026.SZ,2016-02-15,10.2,10.89,10.06,10.78,46133.2,48335.82
000026.SZ,2016-02-16,11.0,11.86,10.93,11.86,117721.26,136588.23
000026.SZ,2016-02-17,11.9,12.42,11.81,12.24,155230.13,188414.11
000026.SZ,2016-02-18,12.21,13.46,12.2,12.84,236770.62,309659.14
000026.SZ,2016-02-19,12.55,13.2,12.42,13.2,143179.31,183688.8
000026.SZ,2016-02-22,13.27,13.96,13.1,13.53,148296.92,200507.41
000026.SZ,2016-02-23,13.4,13.49,13.01,13.2,87388.44,115351.47
000026.SZ,2016-02-24,13.06,13.3,12.72,13.14,70470.5,91851.41
000026.SZ,2016-02-25,13.04,13.14,11.83,11.83,104069.99,127814.21
000026.SZ,2016-02-26,11.9,12.13,11.51,11.95,79505.25,94529.49
000026.SZ,2016-02-29,11.74,11.84,10.76,10.76,64158.42,70309.07
000026.SZ,2016-03-01,10.83,11.77,10.61,11.73,80968.58,89842.38
000026.SZ,2016-03-02,11.53,12.44,11.48,12.22,94208.34,113749.67
000026.SZ,2016-03-03,12.05,12.79,11.98,12.19,138061.26,169868.67
000026.SZ,2016-03-04,12.07,12.36,11.5,11.72,103203.43,124328.38
000026.SZ,2016-03-07,12.08,12.89,11.96,12.89,151479.12,187917.38
000026.SZ,2016-03-08,12.71,12.88,12.0,12.7,158276.43,197149.38
000026.SZ,2016-03-09,12.18,12.97,12.1,12.28,100219.5,125473.74
000026.SZ,2016-03-10,12.2,12.38,11.7,11.76,73977.66,88935.64
000026.SZ,2016-03-11,11.6,11.66,11.21,11.56,55956.14,64198.84
000026.SZ,2016-03-14,11.87,12.25,11.71,12.02,63857.0,76800.64
000026.SZ,2016-03-15,12.0,12.01,11.67,11.72,56006.16,66257.95
000026.SZ,2016-03-16,11.79,12.13,11.55,11.77,61835.44,73317.19
000026.SZ,2016-03-17,11.88,12.35,11.72,12.25,87340.52,105518.41
000026.SZ,2016-03-18,12.26,12.78,12.26,12.63,121359.09,152722.49
000026.SZ,2016-03-21,12.75,13.2,12.63,13.08,138526.61,178480.26
000026.SZ,2016-03-22,12.87,13.02,12.7,12.81,110853.02,142441.86
000026.SZ,2016-03-23,12.7,12.93,12.6,12.91,80614.65,102900.27
000026.SZ,2016-03-24,12.7,12.77,12.43,12.43,82110.45,103709.41
000026.SZ,2016-03-25,12.43,12.68,12.39,12.62,53449.37,67139.42
000026.SZ,2016-03-28,12.72,12.99,12.32,12.4,79787.49,101493.6
000026.SZ,2016-03-29,12.39,12.5,11.8,11.94,69810.05,84297.34
000026.SZ,2016-03-30,12.0,12.42,12.0,12.42,57204.88,69991.83
000026.SZ,2016-03-31,12.5,12.89,12.42,12.82,104098.58,132082.28
000026.SZ,2016-04-01,12.68,12.74,12.29,12.5,79523.28,99217.07
000026.SZ,2016-04-05,12.57,12.95,12.43,12.9,94110.03,120266.33
000026.SZ,2016-04-06,12.8,13.09,12.75,13.0,120165.88,155416.63
000026.SZ,2016-04-07,13.09,13.1,12.5,12.53,102123.41,129939.78
000026.SZ,2016-04-08,12.37,12.9,12.15,12.6,87109.78,107280.62
000026.SZ,2016-04-11,12.61,12.91,12.59,12.8,90948.09,116237.09
000026.SZ,2016-04-12,12.75,12.8,12.35,12.69,69121.91,86794.15
000026.SZ,2016-04-13,12.69,13.1,12.69,12.9,135268.62,175158.15
000026.SZ,2016-04-14,12.93,13.27,12.8,13.25,120855.9,157323.95
000026.SZ,2016-04-15,13.06,13.2,12.95,13.05,100334.26,130792.44
000026.SZ,2016-04-18,12.91,12.91,12.55,12.7,71510.18,90847.52
000026.SZ,2016-04-19,12.75,13.05,12.72,12.94,84020.11,108218.71
000026.SZ,2016-04-20,12.98,13.03,11.89,12.13,113554.31,140626.71
000026.SZ,2016-04-21,12.08,12.36,11.82,11.83,68883.06,83462.87
000026.SZ,2016-04-22,11.72,11.97,11.65,11.93,45467.73,53924.94
000026.SZ,2016-04-25,11.88,11.92,11.45,11.73,45461.54,53024.72
000026.SZ,2016-04-26,11.72,11.93,11.7,11.88,34229.22,40367.39
000026.SZ,2016-04-27,11.91,12.07,11.74,11.79,38374.33,45716.74
000026.SZ,2016-04-28,11.79,11.88,11.44,11.83,38247.89,44612.29
000026.SZ,2016-04-29,11.66,11.83,11.62,11.67,34357.96,40238.38
000026.SZ,2016-05-03,11.68,12.04,11.6,12.04,45054.12,53622.54
000026.SZ,2016-05-04,11.98,12.14,11.91,12.07,60270.36,72560.69
000026.SZ,2016-05-05,12.04,12.25,11.99,12.18,47018.93,57109.13
000026.SZ,2016-05-06,12.2,12.21,11.6,11.63,54416.14,64452.01
000026.SZ,2016-05-09,11.42,11.54,10.98,11.03,44291.89,49754.29
000026.SZ,2016-05-10,11.01,11.13,10.95,11.06,21254.51,23479.47
000026.SZ,2016-05-11,11.1,11.25,10.89,11.05,31051.92,34400.88
000026.SZ,2016-05-12,10.95,10.95,10.6,10.77,45704.09,48981.88
000026.SZ,2016-05-13,10.75,10.88,10.55,10.59,33958.45,36388.01
000026.SZ,2016-05-16,10.59,10.77,10.41,10.77,27736.54,29467.08
000026.SZ,2016-05-17,10.78,10.89,10.59,10.73,32071.39,34484.18
000026.SZ,2016-05-18,10.63,10.67,10.14,10.35,38644.31,40262.99
000026.SZ,2016-05-19,10.38,10.55,10.28,10.29,32758.53,34124.9
000026.SZ,2016-05-20,10.14,10.44,10.05,10.44,40234.44,41372.05
000026.SZ,2016-05-23,10.42,10.59,10.38,10.53,35362.21,37137.29
000026.SZ,2016-05-24,10.47,10.52,10.28,10.34,29639.35,30747.23
000026.SZ,2016-05-25,10.44,10.53,10.34,10.38,34493.83,35988.42
000026.SZ,2016-05-26,10.36,10.47,10.05,10.45,37272.45,38191.44
000026.SZ,2016-05-27,10.3,10.67,10.3,10.55,42508.45,44730.17
000026.SZ,2016-05-30,10.44,10.52,10.3,10.39,28505.54,29712.72
000026.SZ,2016-05-31,10.37,10.86,10.37,10.85,59918.01,64332.95
000026.SZ,2016-06-01,10.86,11.08,10.84,10.89,47707.48,52197.83
000026.SZ,2016-06-02,10.88,11.02,10.78,11.0,40372.95,44139.24
000026.SZ,2016-06-03,10.99,11.11,10.89,11.0,42808.08,47028.82
000026.SZ,2016-06-06,11.0,11.25,10.94,11.05,44386.88,49038.56
000026.SZ,2016-06-07,11.05,11.09,10.86,11.02,34758.64,38060.76
000026.SZ,2016-06-08,11.02,11.5,10.94,11.17,62817.55,70235.98
000026.SZ,2016-06-13,10.95,11.01,10.36,10.36,57628.43,62104.74
000026.SZ,2016-06-14,10.41,10.46,10.32,10.39,32220.62,33461.58
000026.SZ,2016-06-15,10.35,10.77,10.27,10.73,39950.89,42482.78
000026.SZ,2016-06-16,10.75,10.93,10.61,10.82,38543.57,41576.45
000026.SZ,2016-06-17,10.82,10.98,10.8,10.92,46372.59,50540.37
000026.SZ,2016-06-20,10.91,10.98,10.71,10.87,27930.75,30336.94
000026.SZ,2016-06-21,10.94,11.06,10.67,10.73,43387.1,47298.92
000026.SZ,2016-06-22,10.69,11.03,10.69,11.01,47401.96,51794.83
000026.SZ,2016-06-23,11.02,11.13,10.84,10.96,36699.83,40240.5
000026.SZ,2016-06-24,10.83,10.94,10.41,10.77,49263.89,53160.9
000026.SZ,2016-06-27,10.75,11.18,10.61,11.12,62782.6,69173.43
000026.SZ,2016-06-28,11.03,11.4,11.0,11.31,74862.05,84364.87
000026.SZ,2016-06-29,11.35,11.38,11.13,11.2,55710.83,62569.67
000026.SZ,2016-06-30,11.25,11.58,11.14,11.43,91387.78,104275.48
000026.SZ,2016-07-01,11.43,11.93,11.4,11.72,123180.28,143655.88
000026.SZ,2016-07-04,11.58,11.9,11.44,11.9,113303.19,132231.37
000026.SZ,2016-07-05,11.84,11.91,11.65,11.76,106219.03,124780.04
000026.SZ,2016-07-06,11.7,11.78,11.62,11.73,66402.34,77739.4
000026.SZ,2016-07-07,11.71,11.98,11.58,11.74,79454.65,93677.32
000026.SZ,2016-07-08,11.74,11.95,11.67,11.9,89622.24,106255.52
000026.SZ,2016-07-11,11.9,12.08,11.68,11.76,79899.98,94990.94
000026.SZ,2016-07-12,11.76,11.79,11.38,11.77,78707.38,91572.28
000026.SZ,2016-07-13,11.77,11.88,11.74,11.82,63767.96,75308.52
000026.SZ,2016-07-14,11.78,11.88,11.76,11.85,45084.14,53287.84
000026.SZ,2016-07-15,11.92,12.09,11.76,11.92,70169.05,83737.82
000026.SZ,2016-07-18,11.93,11.94,11.5,11.7,53374.06,62627.15
000026.SZ,2016-07-19,11.67,11.79,11.59,11.79,38511.47,45078.48
000026.SZ,2016-07-20,11.78,11.82,11.71,11.73,34266.83,40370.6
000026.SZ,2016-07-21,11.73,12.03,11.68,12.02,85688.74,101710.11
000026.SZ,2016-07-22,11.95,11.99,11.8,11.83,52895.49,62923.82
000026.SZ,2016-07-25,11.78,12.15,11.78,12.1,71675.43,85766.76
000026.SZ,2016-07-26,12.11,12.34,12.05,12.21,77124.51,94071.89
000026.SZ,2016-07-27,12.22,12.28,11.25,11.43,93438.17,109503.6
000026.SZ,2016-07-28,11.47,11.55,11.18,11.36,48979.98,55643.41
000026.SZ,2016-07-29,11.37,11.44,11.2,11.27,32618.4,36899.52
000026.SZ,2016-08-01,11.28,11.3,10.8,10.98,40756.8,44752.02
000026.SZ,2016-08-02,10.99,11.14,10.96,11.11,22607.92,24965.06
000026.SZ,2016-08-03,11.05,11.46,11.03,11.29,40951.22,46326.64
000026.SZ,2016-08-04,11.2,11.32,11.16,11.27,23511.86,26415.31
000026.SZ,2016-08-05,11.25,11.37,11.23,11.24,23299.19,26319.4
000026.SZ,2016-08-08,11.21,11.46,11.19,11.43,35925.6,40835.44
000026.SZ,2016-08-09,11.4,11.48,11.37,11.46,30325.27,34678.49
000026.SZ,2016-08-10,11.46,11.49,11.34,11.38,33986.0,38801.43
000026.SZ,2016-08-11,11.34,11.39,11.21,11.24,26399.66,29827.66
000026.SZ,2016-08-12,11.25,11.42,11.24,11.39,26526.51,30059.66
000026.SZ,2016-08-15,11.39,11.65,11.33,11.59,51897.4,59805.33
000026.SZ,2016-08-16,11.6,11.82,11.55,11.66,44350.15,51849.92
000026.SZ,2016-08-17,11.7,11.94,11.68,11.79,54196.18,64093.4
000026.SZ,2016-08-18,11.76,11.88,11.67,11.84,56237.29,66364.79
000026.SZ,2016-08-19,11.88,11.9,11.68,11.75,35288.19,41490.44
000026.SZ,2016-08-22,11.74,11.86,11.63,11.7,46206.9,54447.2
000026.SZ,2016-08-23,11.65,11.96,11.65,11.92,51029.87,60512.03
000026.SZ,2016-08-24,12.0,12.04,11.78,11.83,40259.41,47927.17
000026.SZ,2016-08-25,11.8,11.81,11.52,11.73,34205.96,39926.63
000026.SZ,2016-08-26,11.73,11.94,11.7,11.74,41564.13,49180.2
000026.SZ,2016-08-29,11.74,11.84,11.68,11.73,34752.95,40852.25
000026.SZ,2016-08-30,11.74,11.89,11.73,11.8,31126.34,36735.33
000026.SZ,2016-08-31,11.8,12.05,11.78,11.99,69110.89,82517.0
000026.SZ,2016-09-01,11.98,12.01,11.79,11.79,39834.11,47362.41
000026.SZ,2016-09-02,11.72,11.9,11.72,11.87,26463.07,31279.29
000026.SZ,2016-09-05,11.92,11.96,11.8,11.82,26406.28,31345.81
000026.SZ,2016-09-06,11.75,13.0,11.65,13.0,239435.47,302734.17
000026.SZ,2016-09-07,13.09,13.51,12.87,13.18,376207.08,496169.25
000026.SZ,2016-09-08,12.94,13.13,12.74,13.13,136039.23,176285.71
000026.SZ,2016-09-09,13.01,13.58,12.92,13.18,204926.65,272758.19
000026.SZ,2016-09-12,12.7,12.97,12.56,12.6,112269.57,143585.61
000026.SZ,2016-09-13,12.76,12.99,12.65,12.8,101712.6,130557.74
000026.SZ,2016-09-14,12.72,14.08,12.64,14.08,294388.03,405266.09
000026.SZ,2016-09-19,14.4,14.43,13.52,13.58,318254.74,437823.11
000026.SZ,2016-09-20,13.49,13.75,13.36,13.63,185799.25,251725.83
000026.SZ,2016-09-21,13.51,13.76,13.4,13.72,143180.79,194478.95
000026.SZ,2016-09-22,13.88,13.96,13.48,13.6,145615.06,198308.93
000026.SZ,2016-09-23,13.6,13.66,13.15,13.2,129046.93,172273.79
000026.SZ,2016-09-26,13.05,13.18,12.83,12.9,103775.51,134864.43
000026.SZ,2016-09-27,12.85,13.13,12.81,13.1,85221.99,110726.62
000026.SZ,2016-09-28,13.09,13.16,12.81,12.85,71764.47,92976.85
000026.SZ,2016-09-29,12.82,12.92,12.73,12.82,61439.91,78885.65
000026.SZ,2016-09-30,12.8,13.2,12.76,13.06,91374.07,118817.56
000026.SZ,2016-10-10,13.06,13.39,12.98,13.35,98361.96,130205.51
000026.SZ,2016-10-11,13.3,13.85,13.24,13.65,153274.56,207676.76
000026.SZ,2016-10-12,13.51,13.51,13.31,13.4,83784.93,112256.7
000026.SZ,2016-10-13,13.41,13.75,13.38,13.53,114993.21,155776.18
000026.SZ,2016-10-14,13.53,13.58,13.13,13.22,84483.64,112190.1
000026.SZ,2016-10-17,13.32,14.3,13.28,13.92,261908.86,363641.08
000026.SZ,2016-10-18,13.82,14.14,13.68,14.07,154889.77,215024.26
000026.SZ,2016-10-19,14.08,14.54,13.86,14.1,170333.1,241065.63
000026.SZ,2016-10-20,14.11,15.18,13.95,14.7,231404.38,338003.98
000026.SZ,2016-10-21,14.6,14.92,14.29,14.53,157496.5,229284.04
000026.SZ,2016-10-24,14.48,14.65,14.31,14.41,112855.96,162856.8
000026.SZ,2016-10-25,14.35,14.59,14.19,14.57,101610.32,146038.84
000026.SZ,2016-10-26,14.46,14.96,14.4,14.47,134733.45,197854.83
000026.SZ,2016-10-27,14.36,14.43,13.95,14.1,118762.35,167462.0
000026.SZ,2016-10-28,14.09,14.16,13.88,13.9,67740.0,94859.05
000026.SZ,2016-10-31,13.77,14.35,13.73,14.32,82267.47,116314.71
000026.SZ,2016-11-01,14.32,14.73,14.23,14.43,101030.96,146764.2
000026.SZ,2016-11-02,14.44,14.72,14.26,14.64,100228.37,145607.84
000026.SZ,2016-11-03,14.56,15.05,14.48,14.78,134193.91,199358.18
000026.SZ,2016-11-04,14.68,15.1,14.4,14.41,115025.3,169704.02
000026.SZ,2016-11-07,14.39,14.44,14.11,14.29,72039.93,102833.39
000026.SZ,2016-11-08,14.34,15.5,14.28,15.2,166837.09,248506.17
000026.SZ,2016-11-09,15.02,15.17,14.66,14.81,124452.45,185540.05
000026.SZ,2016-11-10,14.99,15.48,14.93,14.98,116541.6,176421.13
000026.SZ,2016-11-11,15.01,15.45,14.93,15.3,106419.49,161157.31
000026.SZ,2016-11-14,15.21,15.36,14.81,14.93,103237.33,155398.44
000026.SZ,2016-11-15,14.88,15.13,14.68,15.07,73778.52,109717.17
000026.SZ,2016-11-16,15.07,15.07,14.75,14.78,65154.16,96760.06
000026.SZ,2016-11-17,14.75,14.8,14.55,14.78,62561.1,91665.09
000026.SZ,2016-11-18,14.75,14.95,14.65,14.71,47955.29,71078.57
000026.SZ,2016-11-21,14.65,14.71,14.45,14.55,57997.7,84462.02
000026.SZ,2016-11-22,14.55,14.75,14.49,14.67,49049.32,71908.57
000026.SZ,2016-11-23,14.66,14.95,14.57,14.86,67695.27,100269.9
000026.SZ,2016-11-24,14.73,14.9,14.15,14.18,88920.85,128702.7
000026.SZ,2016-11-25,14.08,14.18,13.63,13.91,83072.51,115189.43
000026.SZ,2016-11-28,13.94,14.09,13.8,13.95,73432.21,102182.27
000026.SZ,2016-11-29,13.87,14.05,13.61,13.65,57896.0,80318.07
000026.SZ,2016-11-30,13.5,13.75,13.5,13.74,30734.06,42036.99
000026.SZ,2016-12-01,13.75,13.98,13.68,13.97,44119.11,61083.67
000026.SZ,2016-12-02,13.97,13.97,13.19,13.29,78468.51,105685.34
000026.SZ,2016-12-05,13.2,13.48,13.1,13.39,42649.93,57133.6
000026.SZ,2016-12-06,13.4,13.56,13.35,13.45,27865.68,37518.06
000026.SZ,2016-12-07,13.49,13.65,13.39,13.6,32839.42,44454.34
000026.SZ,2016-12-08,13.65,13.92,13.56,13.63,43165.69,59247.39
000026.SZ,2016-12-09,13.59,13.84,13.54,13.69,30727.97,42261.07
000026.SZ,2016-12-12,13.69,13.78,12.85,12.94,52698.61,69670.02
000026.SZ,2016-12-13,12.82,13.2,12.69,13.09,41263.71,53471.63
000026.SZ,2016-12-14,13.01,13.51,12.98,13.32,47941.76,63737.64
000026.SZ,2016-12-15,13.28,13.57,13.18,13.36,30028.84,40230.03
000026.SZ,2016-12-16,13.33,13.55,13.26,13.4,26674.47,35842.24
000026.SZ,2016-12-19,13.5,13.9,13.41,13.8,58150.44,79862.04
000026.SZ,2016-12-20,13.75,13.81,13.57,13.8,38290.35,52454.68
000026.SZ,2016-12-21,13.85,13.85,13.63,13.82,28757.66,39528.11
000026.SZ,2016-12-22,13.75,14.29,13.6,14.07,60473.43,84349.36
000026.SZ,2016-12-23,14.06,14.47,13.95,14.36,78690.15,111939.03
000026.SZ,2016-12-26,14.23,14.4,14.06,14.33,46983.9,67025.87
000026.SZ,2016-12-27,14.28,14.33,13.96,14.15,49462.97,69778.63
000026.SZ,2016-12-28,14.09,14.22,13.9,13.9,34016.55,47943.8
000026.SZ,2016-12-29,13.85,13.85,13.44,13.69,46848.5,63745.27
000026.SZ,2016-12-30,13.65,13.98,13.61,13.7,31591.14,43730.68
000026.SZ,2017-01-03,13.65,13.85,13.59,13.78,43605.19,59815.92
000026.SZ,2017-01-04,13.79,15.16,13.78,15.16,131410.03,194748.09
000026.SZ,2017-01-05,15.9,16.68,15.65,16.41,543507.98,888472.05
000026.SZ,2017-01-06,15.9,15.95,15.33,15.38,339193.7,530503.56
000026.SZ,2017-01-09,15.41,16.07,15.25,15.7,271213.27,425856.98
000026.SZ,2017-01-10,15.43,15.99,15.26,15.63,186803.43,291671.13
000026.SZ,2017-01-11,15.5,15.79,15.18,15.3,146610.85,226828.08
000026.SZ,2017-01-12,15.11,15.29,14.56,14.83,155166.73,231213.67
000026.SZ,2017-01-13,14.83,14.95,14.08,14.22,122492.51,178658.51
000026.SZ,2017-01-16,13.95,14.03,12.8,13.15,159021.68,213676.47
000026.SZ,2017-01-17,13.1,13.75,13.02,13.5,99752.56,134177.27
000026.SZ,2017-01-18,13.51,13.68,13.3,13.52,71038.18,95986.79
000026.SZ,2017-01-19,13.46,13.9,13.28,13.55,65794.93,89274.77
000026.SZ,2017-01-20,13.44,13.77,13.44,13.69,79055.83,107768.67
000026.SZ,2017-01-23,13.75,13.95,13.57,13.77,82126.64,112946.07
000026.SZ,2017-01-24,13.64,13.76,13.49,13.6,56093.4,76330.58
000026.SZ,2017-01-25,13.6,13.72,13.47,13.63,38349.88,52176.2
000026.SZ,2017-01-26,13.64,13.75,13.56,13.73,43534.25,59598.78
000026.SZ,2017-02-03,13.68,13.86,13.58,13.76,41161.01,56510.14
000026.SZ,2017-02-06,13.79,14.29,13.79,14.29,112250.37,158062.35
000026.SZ,2017-02-07,14.26,14.48,14.09,14.48,98675.66,140774.41
000026.SZ,2017-02-08,14.4,14.95,14.3,14.81,146050.81,214017.04
000026.SZ,2017-02-09,14.7,14.79,14.5,14.75,84155.69,123377.33
000026.SZ,2017-02-10,14.76,14.79,14.32,14.35,89831.87,130710.96
000026.SZ,2017-02-13,14.24,15.65,14.21,14.97,162687.85,242286.97
000026.SZ,2017-02-14,14.85,15.09,14.76,14.82,116195.34,173034.67
000026.SZ,2017-02-15,14.7,15.14,14.52,14.63,123483.38,181803.7
000026.SZ,2017-02-16,14.7,15.09,14.64,15.09,153673.82,229615.57
000026.SZ,2017-02-17,15.01,15.14,14.74,14.76,94945.08,141070.76
000026.SZ,2017-02-20,14.78,15.08,14.7,15.07,92985.05,138709.01
000026.SZ,2017-02-21,15.06,15.25,14.94,15.04,88844.53,133764.51
000026.SZ,2017-02-22,15.05,15.18,14.9,14.96,71665.91,107588.66
000026.SZ,2017-02-23,14.83,14.9,14.42,14.59,104634.82,152871.46
000026.SZ,2017-02-24,14.57,14.77,14.52,14.7,57976.57,84979.35
000026.SZ,2017-02-27,14.62,14.74,14.15,14.19,80808.46,116493.97
000026.SZ,2017-02-28,14.2,14.44,14.2,14.4,52148.45,74813.97
000026.SZ,2017-03-01,14.36,14.57,14.36,14.44,54888.05,79455.55
000026.SZ,2017-03-02,14.43,14.52,14.05,14.09,61223.1,87343.78
000026.SZ,2017-03-03,14.07,14.37,14.0,14.36,43422.54,61762.77
000026.SZ,2017-03-06,14.4,14.47,14.09,14.28,108673.98,154657.02
000026.SZ,2017-03-07,14.23,14.35,14.17,14.33,66687.48,95242.31
000026.SZ,2017-03-08,14.3,14.55,14.24,14.54,90840.36,131322.48
000026.SZ,2017-03-09,14.49,14.64,14.06,14.12,108330.85,154485.55
000026.SZ,2017-03-10,13.83,14.4,13.73,14.29,129113.65,182133.27
000026.SZ,2017-03-13,14.25,14.52,14.14,14.46,84188.58,121192.87
000026.SZ,2017-03-14,14.5,15.18,14.3,14.83,164155.03,241849.84
000026.SZ,2017-03-15,14.72,15.05,14.66,14.71,97950.76,145244.38
000026.SZ,2017-03-16,14.84,15.07,14.74,14.91,110767.43,165245.69
000026.SZ,2017-03-17,14.89,15.06,14.76,14.9,96909.19,144607.54
000026.SZ,2017-03-20,14.89,15.32,14.83,15.29,153980.52,232759.7
000026.SZ,2017-03-21,15.28,15.47,15.01,15.09,117808.13,179646.64
000026.SZ,2017-03-22,14.97,15.04,14.75,14.94,63576.46,94818.51
000026.SZ,2017-03-23,14.95,15.33,14.84,15.3,116291.95,174962.07
000026.SZ,2017-03-24,15.21,15.32,14.95,15.14,74958.7,113582.18
000026.SZ,2017-03-27,15.07,15.11,14.71,14.79,85295.54,126598.93
000026.SZ,2017-03-28,14.72,14.87,14.41,14.52,76484.25,112073.88
000026.SZ,2017-03-29,14.45,14.8,14.44,14.7,66652.22,97461.38
000026.SZ,2017-03-30,14.62,14.66,14.23,14.29,70679.31,101740.64
000026.SZ,2017-03-31,14.24,14.48,14.15,14.27,39666.49,56837.86
000026.SZ,2017-04-05,14.27,14.6,14.27,14.55,50087.04,72584.32
000026.SZ,2017-04-06,14.53,15.13,14.53,15.13,110722.14,165177.03
000026.SZ,2017-04-07,15.11,15.36,14.83,15.15,149505.43,225798.43
000026.SZ,2017-04-10,14.97,15.34,14.87,15.12,89738.48,135774.7
000026.SZ,2017-04-11,15.03,15.56,14.76,15.56,207092.17,315660.65
000026.SZ,2017-04-12,15.45,16.09,15.32,15.63,280597.42,442407.0
000026.SZ,2017-04-13,15.4,15.62,15.08,15.43,137656.04,211232.34
000026.SZ,2017-04-14,15.57,15.57,14.66,14.77,121563.68,183177.75
000026.SZ,2017-04-17,14.5,14.7,14.3,14.41,87404.03,126659.04
000026.SZ,2017-04-18,14.43,14.57,14.28,14.3,65712.55,94716.03
000026.SZ,2017-04-19,14.12,14.46,14.01,14.46,70930.23,100988.53
000026.SZ,2017-04-20,14.39,14.83,14.34,14.76,90283.04,132547.69
000026.SZ,2017-04-21,14.75,14.9,14.54,14.54,45606.0,66993.44
000026.SZ,2017-04-24,14.5,14.5,13.16,13.32,85684.46,116403.29
000026.SZ,2017-04-25,13.33,13.54,13.3,13.35,39780.53,53301.73
000026.SZ,2017-04-26,13.3,13.47,12.74,12.86,78270.33,102468.93
000026.SZ,2017-04-27,12.79,12.88,12.1,12.85,80181.88,100283.49
000026.SZ,2017-04-28,12.72,13.07,12.72,13.03,38095.85,49130.12
000026.SZ,2017-05-02,12.98,13.36,12.8,13.21,40944.29,53909.83
000026.SZ,2017-05-03,13.21,13.48,13.06,13.43,53735.67,71736.84
000026.SZ,2017-05-04,13.37,13.63,13.31,13.44,45469.35,61290.35
000026.SZ,2017-05-05,13.33,13.65,13.31,13.45,41894.18,56394.47
000026.SZ,2017-05-08,13.4,13.62,13.26,13.26,50754.66,68397.68
000026.SZ,2017-05-09,13.22,13.36,12.66,13.1,31492.51,40829.79
000026.SZ,2017-05-10,13.07,13.19,12.7,12.75,22595.25,29267.96
000026.SZ,2017-05-11,12.4,12.79,12.3,12.65,39241.69,49117.28
000026.SZ,2017-05-12,12.66,12.7,12.4,12.5,27511.71,34450.92
000026.SZ,2017-05-15,12.5,12.61,12.3,12.35,23134.96,28777.79
000026.SZ,2017-05-16,12.35,12.78,12.11,12.7,49089.91,61635.39
000026.SZ,2017-05-17,12.63,12.93,12.57,12.69,38275.09,48840.68
000026.SZ,2017-05-18,12.51,12.72,12.4,12.42,28361.14,35602.99
000026.SZ,2017-05-19,12.4,12.52,12.35,12.39,27973.4,34760.86
000026.SZ,2017-05-22,12.41,12.61,12.26,12.61,57732.1,71604.49
000026.SZ,2017-05-23,12.59,12.61,12.2,12.5,47058.31,58311.71
000026.SZ,2017-05-24,12.4,12.6,11.92,12.54,31743.05,38932.9
000026.SZ,2017-05-25,12.5,12.54,12.18,12.37,37500.39,46489.14
000026.SZ,2017-05-26,12.36,12.4,12.17,12.21,29696.78,36403.1
000026.SZ,2017-05-31,12.27,12.36,12.1,12.18,27351.73,33534.4
000026.SZ,2017-06-01,12.18,12.22,11.38,11.89,89295.12,104971.58
000026.SZ,2017-06-02,11.77,11.94,11.48,11.94,34715.46,40673.53
000026.SZ,2017-06-05,11.87,11.99,11.81,11.93,18508.7,22045.62
000026.SZ,2017-06-06,11.85,12.17,11.85,12.05,26447.11,31920.82
000026.SZ,2017-06-07,12.02,12.36,11.96,12.31,36505.55,44632.2
000026.SZ,2017-06-08,12.28,12.38,12.19,12.25,35186.14,43191.29
000026.SZ,2017-06-09,12.25,12.43,12.18,12.32,34378.68,42360.47
000026.SZ,2017-06-12,12.2,12.42,11.9,11.91,36161.13,43975.21
000026.SZ,2017-06-13,11.88,12.12,11.73,12.06,83149.95,98890.16
000026.SZ,2017-06-14,11.99,12.07,11.79,12.02,48866.13,58426.28
000026.SZ,2017-06-15,11.98,12.37,11.94,12.36,60796.65,74224.62
000026.SZ,2017-06-16,12.36,12.41,12.24,12.37,36203.06,44668.93
000026.SZ,2017-06-19,12.4,12.64,12.35,12.63,42179.44,52697.48
000026.SZ,2017-06-20,12.63,12.66,12.43,12.54,37525.78,47017.27
000026.SZ,2017-06-21,12.58,12.64,12.37,12.44,38771.94,48431.76
000026.SZ,2017-06-22,12.35,12.61,12.26,12.35,58664.41,72909.26
000026.SZ,2017-06-23,12.29,12.61,12.25,12.5,52796.15,65513.21
000026.SZ,2017-06-26,12.49,12.82,12.45,12.79,58001.04,73597.55
000026.SZ,2017-06-27,12.74,12.82,12.61,12.69,30837.23,39192.22
000026.SZ,2017-06-28,12.61,12.68,12.38,12.42,40454.04,50501.69
000026.SZ,2017-06-29,12.46,12.53,12.4,12.51,20897.48,26068.74
000026.SZ,2017-06-30,12.42,12.55,12.4,12.44,23410.85,29200.89
000026.SZ,2017-07-03,12.55,12.75,12.43,12.68,32814.27,41267.71
000026.SZ,2017-07-04,12.65,12.86,12.59,12.7,30250.61,38476.43
000026.SZ,2017-07-05,12.71,12.75,12.5,12.64,45179.23,56858.83
000026.SZ,2017-07-06,12.64,12.66,12.51,12.61,33019.71,41560.62
000026.SZ,2017-07-07,12.57,12.76,12.42,12.67,40978.22,51713.49
000026.SZ,2017-07-10,12.72,12.88,12.65,12.68,46303.06,59035.72
000026.SZ,2017-07-11,12.69,12.88,12.56,12.85,50613.93,64534.75
000026.SZ,2017-07-12,12.81,12.85,12.4,12.54,44285.41,55746.46
000026.SZ,2017-07-13,12.54,12.57,12.41,12.45,30027.13,37503.61
000026.SZ,2017-07-14,12.45,12.45,12.07,12.09,39888.63,48978.77
000026.SZ,2017-07-17,12.07,12.07,11.03,11.17,57251.81,65954.8
000026.SZ,2017-07-18,11.17,11.25,10.93,11.21,37950.11,42115.49
000026.SZ,2017-07-19,11.21,11.3,11.04,11.3,53836.23,60229.44
000026.SZ,2017-07-20,11.24,11.37,11.18,11.32,53050.5,59939.47
000026.SZ,2017-07-21,11.29,11.45,11.23,11.32,38388.13,43531.9
000026.SZ,2017-07-24,11.29,11.69,11.24,11.6,46784.09,53538.64
000026.SZ,2017-07-25,11.55,11.66,11.34,11.41,33168.05,37983.21
000026.SZ,2017-07-26,11.41,11.49,11.28,11.34,28329.66,32164.57
000026.SZ,2017-07-27,11.35,11.55,11.27,11.51,37474.6,42807.7
000026.SZ,2017-07-28,11.5,11.52,11.39,11.44,23946.2,27393.6
000026.SZ,2017-07-31,11.45,11.5,11.36,11.43,35046.66,40024.08
000026.SZ,2017-08-01,11.41,11.5,11.38,11.44,29246.78,33439.55
000026.SZ,2017-08-02,11.4,11.44,11.1,11.14,50370.68,56544.77
000026.SZ,2017-08-03,11.13,11.39,11.1,11.16,45137.01,50686.79
000026.SZ,2017-08-04,11.21,11.48,11.12,11.42,66791.49,75720.29
000026.SZ,2017-08-07,11.37,11.49,11.24,11.34,44362.83,50288.38
000026.SZ,2017-08-08,11.33,11.39,11.27,11.37,29012.12,32908.7
000026.SZ,2017-08-09,11.35,11.42,11.28,11.36,27326.95,31014.07
000026.SZ,2017-08-10,11.35,11.44,11.13,11.36,37030.02,41902.71
000026.SZ,2017-08-11,11.31,11.36,11.15,11.15,30741.34,34584.13
000026.SZ,2017-08-14,11.2,11.42,11.15,11.38,30654.83,34668.21
000026.SZ,2017-08-15,11.38,11.57,11.38,11.44,41395.64,47506.06
000026.SZ,2017-08-16,11.44,11.76,11.44,11.61,66363.73,77174.72
000026.SZ,2017-08-17,11.61,11.71,11.55,11.67,40444.86,47085.41
000026.SZ,2017-08-18,11.59,11.74,11.55,11.68,31838.17,37061.85
000026.SZ,2017-08-21,11.77,12.35,11.77,12.08,75813.8,91639.43
000026.SZ,2017-08-22,12.05,12.05,11.76,11.81,47657.6,56508.37
000026.SZ,2017-08-23,11.83,11.97,11.73,11.79,28883.03,34136.91
000026.SZ,2017-08-24,11.77,11.82,11.64,11.68,23473.89,27465.71
000026.SZ,2017-08-25,11.68,11.85,11.68,11.8,25497.34,30025.85
000026.SZ,2017-08-28,11.8,12.07,11.7,11.94,41539.49,49493.81
000026.SZ,2017-08-29,11.96,12.0,11.86,11.93,28723.35,34247.43
000026.SZ,2017-08-30,11.93,12.09,11.89,11.96,31765.4,38085.79
000026.SZ,2017-08-31,11.93,12.08,11.91,11.98,27750.84,33278.86
000026.SZ,2017-09-01,11.98,12.06,11.88,11.97,30317.05,36235.56
000026.SZ,2017-09-04,11.98,11.98,11.83,11.95,23605.23,28095.87
000026.SZ,2017-09-05,11.95,12.04,11.8,11.93,33010.32,39492.29
000026.SZ,2017-09-06,11.92,11.93,11.78,11.9,29176.13,34621.28
000026.SZ,2017-09-07,11.92,11.96,11.84,11.85,28015.76,33333.35
000026.SZ,2017-09-08,11.83,12.1,11.82,12.05,41752.71,49977.5
000026.SZ,2017-09-11,12.04,12.08,11.96,12.04,35174.42,42264.22
000026.SZ,2017-09-12,12.06,12.13,11.89,11.93,38073.48,45607.39
000026.SZ,2017-09-13,11.97,11.97,11.86,11.91,19119.28,22791.41
000026.SZ,2017-09-14,11.9,11.96,11.81,11.83,34592.75,41131.22
000026.SZ,2017-09-15,11.83,11.92,11.79,11.85,26607.41,31516.01
000026.SZ,2017-09-18,11.85,11.98,11.83,11.96,26385.3,31447.91
000026.SZ,2017-09-19,11.98,12.01,11.87,11.87,22212.42,26500.95
000026.SZ,2017-09-20,11.85,12.01,11.79,11.99,32349.86,38448.27
000026.SZ,2017-09-21,11.97,12.09,11.94,12.01,32027.15,38492.63
000026.SZ,2017-09-22,11.98,11.99,11.76,11.79,28393.38,33584.85
000026.SZ,2017-09-25,11.8,11.84,11.46,11.49,26884.0,31306.47
000026.SZ,2017-09-26,11.5,11.56,11.42,11.48,19956.0,22919.52
000026.SZ,2017-09-27,11.5,11.63,11.49,11.58,11085.83,12812.53
000026.SZ,2017-09-28,11.58,11.9,11.51,11.69,25270.76,29691.82
000026.SZ,2017-09-29,11.69,11.85,11.6,11.75,18744.01,22051.43
000026.SZ,2017-10-09,11.85,11.93,11.79,11.88,20336.39,24114.57
000026.SZ,2017-10-10,11.86,12.38,11.85,12.21,66595.38,81190.3
000026.SZ,2017-10-11,12.05,12.13,11.93,12.0,42300.78,50880.76
000026.SZ,2017-10-12,11.95,12.08,11.93,12.02,18279.01,21948.8
000026.SZ,2017-10-13,12.08,12.28,12.03,12.2,35585.6,43327.85
000026.SZ,2017-10-16,12.24,12.25,11.9,11.93,29301.93,35253.97
000026.SZ,2017-10-17,11.92,11.98,11.8,11.91,14704.01,17462.06
000026.SZ,2017-10-18,11.88,12.17,11.86,12.07,31761.02,38311.69
000026.SZ,2017-10-19,12.05,12.35,11.98,12.18,62441.01,76040.04
000026.SZ,2017-10-20,12.11,12.43,12.06,12.41,49904.78,61143.98
000026.SZ,2017-10-23,12.38,12.73,12.26,12.69,77352.29,96921.86
000026.SZ,2017-10-24,12.66,12.66,12.4,12.56,47684.83,59755.2
000026.SZ,2017-10-25,12.46,12.55,12.36,12.54,36234.86,45123.55
000026.SZ,2017-10-26,12.54,12.54,12.31,12.45,37234.81,46307.08
000026.SZ,2017-10-27,12.47,12.47,12.14,12.2,35730.05,43923.01
000026.SZ,2017-10-30,12.16,12.31,11.68,11.72,41703.02,49661.85
000026.SZ,2017-10-31,11.67,11.9,11.67,11.9,30125.93,35560.78
000026.SZ,2017-11-01,11.9,11.9,11.66,11.66,37242.01,43870.97
000026.SZ,2017-11-02,11.6,11.66,11.3,11.39,48874.36,55839.61
000026.SZ,2017-11-03,11.44,11.51,11.32,11.38,21908.24,25032.97
000026.SZ,2017-11-06,11.44,11.53,11.35,11.53,18716.92,21459.81
000026.SZ,2017-11-07,11.52,11.53,11.41,11.51,17463.0,20023.77
000026.SZ,2017-11-08,11.54,11.71,11.51,11.55,21542.37,25001.33
000026.SZ,2017-11-09,11.53,11.6,11.46,11.58,17246.01,19911.05
000026.SZ,2017-11-10,11.58,11.59,11.42,11.5,18557.42,21333.67
000026.SZ,2017-11-13,11.51,11.51,11.36,11.4,21852.69,24921.78
000026.SZ,2017-11-14,11.39,11.49,11.16,11.19,26203.41,29619.8
000026.SZ,2017-11-15,11.15,11.66,11.12,11.51,37521.44,42889.53
000026.SZ,2017-11-16,11.45,11.65,11.4,11.48,21713.76,25036.23
000026.SZ,2017-11-17,11.46,11.48,10.62,10.88,37985.5,41927.92
000026.SZ,2017-11-20,10.88,10.89,10.49,10.82,22801.86,24328.16
000026.SZ,2017-11-21,10.72,10.89,10.7,10.75,16694.46,17995.63
000026.SZ,2017-11-22,10.76,10.9,10.62,10.81,21284.71,22866.38
000026.SZ,2017-11-23,10.73,10.82,10.45,10.48,15310.0,16371.28
000026.SZ,2017-11-24,10.46,10.58,10.41,10.56,8562.0,9007.5
000026.SZ,2017-11-27,10.5,10.62,10.5,10.53,8566.0,9042.98
000026.SZ,2017-11-28,10.47,10.67,10.47,10.66,8203.86,8695.16
000026.SZ,2017-11-29,10.66,10.72,10.43,10.67,17971.41,18974.36
000026.SZ,2017-11-30,10.6,10.95,10.6,10.7,19203.35,20635.56
000026.SZ,2017-12-01,10.68,10.8,10.64,10.8,12981.7,13950.93
000026.SZ,2017-12-04,10.79,10.85,10.71,10.79,10831.74,11678.8
000026.SZ,2017-12-05,10.74,10.81,10.3,10.4,14826.87,15704.06
000026.SZ,2017-12-06,10.4,10.58,10.3,10.57,13706.92,14285.31
000026.SZ,2017-12-07,10.55,10.65,10.49,10.54,10682.56,11297.96
000026.SZ,2017-12-08,10.56,10.83,10.5,10.77,19415.44,20803.93
000026.SZ,2017-12-11,10.76,11.13,10.72,10.88,22310.25,24337.78
000026.SZ,2017-12-12,10.83,10.97,10.57,10.64,16245.0,17510.86
000026.SZ,2017-12-13,10.6,10.77,10.5,10.7,14131.72,15019.36
000026.SZ,2017-12-14,10.65,10.87,10.65,10.8,16127.14,17320.06
000026.SZ,2017-12-15,10.8,10.92,10.74,10.91,15747.18,17033.67
000026.SZ,2017-12-18,10.89,10.98,10.82,10.92,17265.86,18846.19
000026.SZ,2017-12-19,10.92,11.27,10.92,11.09,30798.09,34259.36
000026.SZ,2017-12-20,11.09,11.14,10.75,10.86,22611.06,24612.37
000026.SZ,2017-12-21,10.89,11.17,10.77,11.14,30714.06,33904.67
000026.SZ,2017-12-22,11.13,11.14,10.96,11.05,15774.91,17410.46
000026.SZ,2017-12-25,11.0,11.02,10.72,10.75,18129.42,19635.67
000026.SZ,2017-12-26,10.72,10.87,10.64,10.84,15015.91,16159.09
000026.SZ,2017-12-27,10.87,10.87,10.7,10.73,11592.7,12462.36
000026.SZ,2017-12-28,10.73,11.0,10.63,10.99,21354.89,23067.1
000026.SZ,2017-12-29,10.9,11.59,10.86,11.42,43418.01,48747.56
000026.SZ,2018-01-02,11.29,11.4,11.25,11.29,24319.76,27524.95
000026.SZ,2018-01-03,11.28,11.36,11.25,11.3,16086.27,18157.75
000026.SZ,2018-01-04,11.29,11.3,11.15,11.2,14518.28,16248.13
000026.SZ,2018-01-05,11.2,11.28,11.11,11.23,13763.99,15407.08
000026.SZ,2018-01-08,11.19,11.38,11.11,11.37,28256.81,31695.39
000026.SZ,2018-01-09,11.3,11.36,11.22,11.22,15758.73,17782.08
000026.SZ,2018-01-10,11.23,11.23,10.87,10.97,21967.02,24204.11
000026.SZ,2018-01-11,10.86,10.95,10.77,10.85,32379.77,35064.0
000026.SZ,2018-01-12,10.89,10.92,10.81,10.86,16597.0,18041.19
000026.SZ,2018-01-15,10.82,10.85,10.54,10.55,18883.53,20104.54
000026.SZ,2018-01-16,10.58,10.65,10.48,10.59,22629.74,23907.36
000026.SZ,2018-01-17,10.59,10.64,10.38,10.63,20014.39,21075.99
000026.SZ,2018-01-18,10.63,10.67,10.54,10.64,14695.63,15580.36
000026.SZ,2018-01-19,10.61,10.74,10.6,10.63,17335.77,18470.58
000026.SZ,2018-01-22,10.61,10.71,10.53,10.71,13843.01,14720.33
000026.SZ,2018-01-23,10.67,10.74,10.66,10.73,13522.02,14473.39
000026.SZ,2018-01-24,10.7,10.84,10.69,10.78,13566.42,14587.73
000026.SZ,2018-01-25,10.76,10.91,10.72,10.89,24601.32,26699.71
000026.SZ,2018-01-26,10.85,10.91,10.75,10.76,14182.5,15312.17
000026.SZ,2018-01-29,10.68,10.78,10.55,10.68,17267.12,18360.39
000026.SZ,2018-01-30,10.68,10.84,10.59,10.84,12425.05,13330.41
000026.SZ,2018-01-31,10.82,10.88,10.54,10.84,23362.05,25114.62
000026.SZ,2018-02-01,10.79,10.89,10.52,10.78,28823.2,30913.53
000026.SZ,2018-02-02,10.7,10.81,10.06,10.75,23350.02,24739.26
000026.SZ,2018-02-05,10.51,10.83,10.51,10.8,17340.74,18621.98
000026.SZ,2018-02-06,10.7,10.7,10.3,10.63,25321.03,26655.86
000026.SZ,2018-02-07,10.63,10.72,10.42,10.56,15304.32,16232.84
000026.SZ,2018-02-08,10.5,10.57,10.23,10.41,15281.83,15874.54
000026.SZ,2018-02-09,10.12,10.12,9.56,9.61,21332.0,21030.09
000026.SZ,2018-02-12,9.61,10.35,9.58,9.9,11419.89,11275.53
000026.SZ,2018-02-13,10.0,10.13,9.9,9.95,8439.5,8452.08
000026.SZ,2018-02-14,10.08,10.08,9.93,10.03,3449.0,3445.05
000026.SZ,2018-02-22,10.1,10.17,10.03,10.05,9798.76,9881.68
000026.SZ,2018-02-23,10.07,10.08,10.01,10.05,5545.15,5569.55
000026.SZ,2018-02-26,10.08,10.3,10.04,10.26,12042.15,12276.31
000026.SZ,2018-02-27,10.31,10.34,10.2,10.25,7926.0,8119.27
000026.SZ,2018-02-28,10.17,10.38,10.08,10.33,12836.0,13163.1
000026.SZ,2018-03-01,10.3,10.34,10.19,10.26,15564.8,15976.48
000026.SZ,2018-03-02,10.21,10.31,10.18,10.27,10747.92,11020.04
000026.SZ,2018-03-05,10.26,10.29,10.17,10.21,7140.91,7298.42
000026.SZ,2018-03-06,10.21,10.38,10.19,10.36,21442.13,22082.85
000026.SZ,2018-03-07,10.33,10.67,10.28,10.43,37026.56,38971.9
000026.SZ,2018-03-08,10.36,10.58,10.32,10.51,24204.77,25249.05
000026.SZ,2018-03-09,10.5,10.62,10.4,10.58,22691.1,23842.4
000026.SZ,2018-03-12,10.58,10.58,10.45,10.51,43844.91,46052.52
000026.SZ,2018-03-13,10.54,10.57,10.37,10.38,27017.31,28241.59
000026.SZ,2018-03-14,10.38,10.38,10.14,10.14,28095.56,28748.23
000026.SZ,2018-03-15,10.11,10.19,10.09,10.14,16438.01,16660.79
000026.SZ,2018-03-16,10.19,10.19,10.05,10.06,14355.0,14528.79
000026.SZ,2018-03-19,10.07,10.13,10.0,10.06,15777.3,15900.44
000026.SZ,2018-03-20,10.08,10.2,10.01,10.2,20280.72,20547.08
000026.SZ,2018-03-21,10.2,10.39,10.16,10.24,36338.8,37421.49
000026.SZ,2018-03-22,10.24,10.41,10.2,10.34,29310.24,30273.48
000026.SZ,2018-03-23,10.1,10.64,9.9,10.26,95516.29,99152.85
000026.SZ,2018-03-26,10.15,10.39,9.9,10.38,42509.17,43189.04
000026.SZ,2018-03-27,10.43,11.42,10.43,10.8,83561.38,90159.5
000026.SZ,2018-03-28,10.66,10.91,10.55,10.76,65065.58,70129.42
000026.SZ,2018-03-29,10.73,10.87,10.6,10.71,37515.0,40202.46
000026.SZ,2018-03-30,10.72,10.99,10.64,10.9,44119.0,47972.11
000026.SZ,2018-04-02,11.08,11.31,11.0,11.29,64713.37,72374.71
000026.SZ,2018-04-03,11.13,11.48,11.1,11.31,44340.81,50067.5
000026.SZ,2018-04-04,11.3,11.31,10.9,10.91,41713.24,46064.62
000026.SZ,2018-04-09,10.74,10.85,10.6,10.75,22054.81,23592.18
000026.SZ,2018-04-10,10.78,10.97,10.53,10.87,29799.69,32311.44
000026.SZ,2018-04-11,10.85,11.0,10.85,10.91,16396.79,17927.33
000026.SZ,2018-04-12,10.91,11.09,10.72,10.8,17651.01,19193.12
000026.SZ,2018-04-13,10.8,10.97,10.78,10.81,18824.78,20439.51
000026.SZ,2018-04-16,10.7,11.02,10.7,10.76,27118.78,29432.32
000026.SZ,2018-04-17,10.76,10.88,10.58,10.61,16050.0,17259.5
000026.SZ,2018-04-18,10.61,10.7,10.2,10.57,19374.01,20320.73
000026.SZ,2018-04-19,10.56,10.73,10.32,10.47,26828.79,28087.55
000026.SZ,2018-04-20,10.42,10.56,10.0,10.05,25161.11,25773.67
000026.SZ,2018-04-23,10.05,10.17,9.85,10.02,17938.0,17945.93
000026.SZ,2018-04-24,10.0,10.31,10.0,10.3,20972.2,21442.95
000026.SZ,2018-04-25,10.25,10.47,10.21,10.46,17654.77,18361.96
000026.SZ,2018-04-26,10.48,10.48,10.16,10.22,13959.49,14374.01
000026.SZ,2018-04-27,10.22,10.45,10.22,10.29,10303.26,10651.25
000026.SZ,2018-05-02,10.35,10.51,10.33,10.45,14315.32,14933.84
000026.SZ,2018-05-03,10.45,10.47,10.2,10.45,13860.8,14326.2
000026.SZ,2018-05-04,10.41,10.51,10.34,10.43,10614.52,11079.23
000026.SZ,2018-05-07,10.48,10.68,10.4,10.65,16089.33,17043.87
000026.SZ,2018-05-08,10.72,10.8,10.62,10.65,13206.98,14100.79
000026.SZ,2018-05-09,10.68,10.75,10.61,10.73,13683.48,14649.38
000026.SZ,2018-05-10,10.72,10.85,10.69,10.77,10350.3,11133.43
000026.SZ,2018-05-11,10.79,10.79,10.57,10.6,10461.0,11153.66
000026.SZ,2018-05-14,10.58,10.75,10.49,10.58,10578.0,11243.55
000026.SZ,2018-05-15,10.62,10.83,10.53,10.8,15980.4,17064.42
000026.SZ,2018-05-16,10.78,10.82,10.59,10.66,22196.98,23729.76
000026.SZ,2018-05-17,10.66,10.77,10.58,10.62,12913.81,13766.84
000026.SZ,2018-05-18,10.62,10.65,10.37,10.49,18530.78,19449.73
000026.SZ,2018-05-21,10.6,10.64,10.53,10.62,13611.32,14410.87
000026.SZ,2018-05-22,10.61,10.75,10.55,10.74,21639.22,23067.32
000026.SZ,2018-05-23,10.72,10.72,10.53,10.57,13644.0,14496.05
000026.SZ,2018-05-24,10.57,10.65,10.39,10.41,17994.0,18879.09
000026.SZ,2018-05-25,10.36,10.46,10.25,10.29,15915.93,16447.48
000026.SZ,2018-05-28,10.4,10.52,10.21,10.45,15622.5,16221.37
000026.SZ,2018-05-29,10.53,10.53,10.36,10.36,11544.37,12027.26
000026.SZ,2018-05-30,10.27,10.3,9.96,9.96,18415.44,18570.75
000026.SZ,2018-05-31,10.2,10.69,9.96,10.42,47240.42,49091.44
000026.SZ,2018-06-01,10.43,10.5,10.3,10.45,39405.93,40939.24
000026.SZ,2018-06-04,10.42,10.43,10.23,10.41,18956.62,19596.92
000026.SZ,2018-06-05,10.28,10.45,10.23,10.45,15138.49,15719.68
000026.SZ,2018-06-06,10.4,10.43,10.27,10.29,13373.61,13812.67
000026.SZ,2018-06-07,10.29,10.44,10.17,10.4,20888.55,21557.62
000026.SZ,2018-06-08,10.33,10.36,10.06,10.25,19291.03,19690.51
000026.SZ,2018-06-11,10.15,10.23,10.06,10.13,10018.2,10151.28
000026.SZ,2018-06-12,10.16,10.28,10.03,10.27,14664.65,14921.59
000026.SZ,2018-06-13,10.27,10.34,10.1,10.26,14563.28,14926.9
000026.SZ,2018-06-14,10.17,10.27,10.08,10.19,12739.17,12961.59
000026.SZ,2018-06-15,10.1,10.18,9.9,9.92,10965.0,10955.6
000026.SZ,2018-06-19,9.9,9.9,8.93,8.94,24064.23,22400.62
000026.SZ,2018-06-20,8.7,9.13,8.7,9.08,14792.8,13246.99
000026.SZ,2018-06-21,9.08,9.18,8.59,8.62,14727.0,13104.92
000026.SZ,2018-06-22,8.6,9.0,8.5,8.9,14591.51,12904.18
000026.SZ,2018-06-25,8.94,9.09,8.87,8.91,7672.82,6863.62
000026.SZ,2018-06-26,8.8,9.09,8.75,8.98,7399.02,6627.82
000026.SZ,2018-06-27,8.99,9.05,8.71,8.78,8505.15,7532.04
000026.SZ,2018-06-28,8.75,8.85,8.6,8.65,11960.15,10434.86
000026.SZ,2018-06-29,8.68,8.88,8.56,8.82,23707.62,20702.07
000026.SZ,2018-07-02,8.75,8.87,8.68,8.69,16166.0,14187.86
000026.SZ,2018-07-03,8.74,8.86,8.65,8.81,20974.68,18343.41
000026.SZ,2018-07-04,8.75,8.89,8.65,8.81,14975.15,13125.81
000026.SZ,2018-07-05,8.7,8.88,8.56,8.58,15822.28,13870.6
000026.SZ,2018-07-06,8.57,8.79,8.4,8.54,20019.37,17215.59
000026.SZ,2018-07-09,8.55,8.65,8.52,8.65,28662.97,24649.16
000026.SZ,2018-07-10,8.65,8.65,8.54,8.62,12242.27,10512.94
000026.SZ,2018-07-11,8.58,8.58,8.04,8.22,24105.94,19858.54
000026.SZ,2018-07-12,8.18,8.5,8.16,8.44,17883.01,14975.21
000026.SZ,2018-07-13,8.43,8.45,8.33,8.44,11138.29,9344.64
000026.SZ,2018-07-16,8.42,8.44,8.35,8.39,7144.08,5988.16
000026.SZ,2018-07-17,8.38,8.38,8.23,8.37,12224.13,10144.5
000026.SZ,2018-07-18,8.44,8.44,8.34,8.36,9256.01,7750.64
000026.SZ,2018-07-19,8.38,8.39,8.2,8.22,16965.0,13986.37
000026.SZ,2018-07-20,8.16,8.33,8.16,8.3,7709.12,6361.58
000026.SZ,2018-07-23,8.35,8.49,8.3,8.47,15498.44,13055.29
000026.SZ,2018-07-24,8.47,8.6,8.42,8.57,29704.06,25359.83
000026.SZ,2018-07-25,8.55,8.57,8.5,8.55,14222.22,12137.84
000026.SZ,2018-07-26,8.57,8.7,8.51,8.58,27306.1,23420.28
000026.SZ,2018-07-27,8.58,8.67,8.52,8.62,33579.63,28833.64
000026.SZ,2018-07-30,8.37,8.62,8.34,8.47,39445.67,33333.03
000026.SZ,2018-07-31,8.44,8.44,8.18,8.3,23773.42,19666.05
000026.SZ,2018-08-01,8.3,8.4,8.2,8.22,25760.71,21373.13
000026.SZ,2018-08-02,8.19,8.19,7.55,7.66,35606.76,27708.99
000026.SZ,2018-08-03,7.63,7.79,7.59,7.64,22186.33,17087.33
000026.SZ,2018-08-06,7.64,7.69,7.42,7.57,14784.0,11149.19
000026.SZ,2018-08-07,7.57,7.74,7.4,7.74,16100.0,12238.63
000026.SZ,2018-08-08,7.7,7.71,7.52,7.56,12999.52,9918.22
000026.SZ,2018-08-09,7.6,7.75,7.5,7.68,26327.12,20143.32
000026.SZ,2018-08-10,7.62,7.73,7.59,7.67,13405.91,10280.13
000026.SZ,2018-08-13,7.5,7.59,7.42,7.57,29770.15,22342.5
000026.SZ,2018-08-14,7.53,7.57,7.46,7.55,20088.0,15092.06
000026.SZ,2018-08-15,7.56,7.61,7.45,7.48,22660.26,17042.26
000026.SZ,2018-08-16,7.38,7.43,7.22,7.27,16592.54,12162.34
000026.SZ,2018-08-17,7.31,7.37,7.15,7.2,13674.02,9962.97
000026.SZ,2018-08-20,7.15,7.25,7.1,7.23,13510.68,9708.15
000026.SZ,2018-08-21,7.2,7.32,7.19,7.28,30494.94,22172.7
000026.SZ,2018-08-22,7.29,7.29,7.15,7.17,12962.0,9346.06
000026.SZ,2018-08-23,7.22,7.32,7.17,7.28,19137.0,13901.55
000026.SZ,2018-08-24,7.31,7.34,7.23,7.3,11665.93,8500.68
000026.SZ,2018-08-27,7.35,7.48,7.34,7.42,19185.0,14240.71
000026.SZ,2018-08-28,7.44,7.47,7.39,7.44,11590.24,8606.71
000026.SZ,2018-08-29,7.47,7.6,7.44,7.58,33246.02,25056.21
000026.SZ,2018-08-30,7.5,7.63,7.46,7.54,27592.22,20838.7
000026.SZ,2018-08-31,7.5,7.64,7.42,7.63,25234.98,19103.08
000026.SZ,2018-09-03,7.58,7.61,7.3,7.43,19914.11,14790.58
000026.SZ,2018-09-04,7.4,7.54,7.32,7.5,20368.17,15117.4
000026.SZ,2018-09-05,7.47,7.52,7.31,7.33,14163.44,10545.59
000026.SZ,2018-09-06,7.29,7.46,7.29,7.42,15033.81,11126.05
000026.SZ,2018-09-07,7.41,7.68,7.4,7.67,24878.78,18776.61
000026.SZ,2018-09-10,7.62,7.7,7.36,7.39,15921.66,11925.18
000026.SZ,2018-09-11,7.4,7.54,7.3,7.51,12739.74,9477.49
000026.SZ,2018-09-12,7.41,7.55,7.41,7.48,10134.62,7586.42
000026.SZ,2018-09-13,7.52,7.67,7.45,7.67,17173.12,12994.99
000026.SZ,2018-09-14,7.67,7.79,7.56,7.71,17889.31,13722.31
000026.SZ,2018-09-17,7.68,7.77,7.5,7.61,10084.22,7687.0
000026.SZ,2018-09-18,7.57,7.79,7.56,7.79,13842.3,10657.82
000026.SZ,2018-09-19,7.77,7.84,7.71,7.79,21019.88,16339.29
000026.SZ,2018-09-20,7.79,7.89,7.74,7.87,20177.03,15805.27
000026.SZ,2018-09-21,7.87,7.94,7.79,7.85,18120.85,14238.76
000026.SZ,2018-09-25,7.85,7.85,7.7,7.82,10640.0,8253.26
000026.SZ,2018-09-26,7.82,7.9,7.75,7.83,11869.0,9302.46
000026.SZ,2018-09-27,7.82,7.89,7.73,7.82,17479.35,13649.96
000026.SZ,2018-09-28,7.79,7.85,7.74,7.81,13969.54,10898.07
000026.SZ,2018-10-08,7.74,7.75,7.57,7.57,11538.32,8849.56
000026.SZ,2018-10-09,7.6,7.74,7.6,7.66,5582.86,4288.96
000026.SZ,2018-10-10,7.7,7.98,7.65,7.91,19177.74,15042.36
000026.SZ,2018-10-11,7.8,7.83,7.23,7.43,28989.65,21827.6
000026.SZ,2018-10-12,7.38,7.57,7.17,7.44,15778.38,11617.78
000026.SZ,2018-10-15,7.43,7.56,7.41,7.48,11832.13,8878.09
000026.SZ,2018-10-16,7.5,7.56,7.17,7.31,18438.99,13472.16
000026.SZ,2018-10-17,7.36,7.42,7.17,7.3,10624.97,7737.21
000026.SZ,2018-10-18,7.21,7.28,6.97,6.97,10312.0,7316.68
000026.SZ,2018-10-19,6.94,7.18,6.7,7.14,10278.94,7148.68
000026.SZ,2018-10-22,7.17,7.51,7.1,7.38,18644.9,13698.07
000026.SZ,2018-10-23,7.38,7.4,7.19,7.21,14228.0,10394.66
000026.SZ,2018-10-24,7.22,7.32,7.17,7.18,10458.0,7559.56
000026.SZ,2018-10-25,6.93,7.08,6.93,7.02,19126.18,13389.08
000026.SZ,2018-10-26,7.03,7.13,6.99,7.06,16607.9,11711.93
000026.SZ,2018-10-29,7.02,7.06,6.81,6.88,15461.28,10755.07
000026.SZ,2018-10-30,6.87,7.04,6.87,6.98,16064.0,11185.28
000026.SZ,2018-10-31,6.97,7.1,6.96,7.05,26640.98,18713.28
000026.SZ,2018-11-01,7.05,7.16,7.04,7.05,25808.35,18312.79
000026.SZ,2018-11-02,7.12,7.25,7.09,7.25,30433.1,21794.34
000026.SZ,2018-11-05,7.21,7.32,7.15,7.28,23774.4,17220.65
000026.SZ,2018-11-06,7.28,7.28,7.16,7.25,15595.48,11238.33
000026.SZ,2018-11-07,7.26,7.31,7.21,7.26,18251.9,13254.13
000026.SZ,2018-11-08,7.31,7.32,7.17,7.21,19340.55,14006.15
000026.SZ,2018-11-09,7.17,7.24,7.12,7.15,11305.55,8102.63
000026.SZ,2018-11-12,7.15,7.38,7.14,7.33,21334.84,15516.15
000026.SZ,2018-11-13,7.27,7.64,7.23,7.49,38186.87,28510.45
000026.SZ,2018-11-14,7.49,7.68,7.46,7.48,33680.6,25403.19
000026.SZ,2018-11-15,7.48,7.64,7.45,7.63,25433.25,19252.89
000026.SZ,2018-11-16,7.6,7.95,7.6,7.9,53925.77,42269.75
000026.SZ,2018-11-19,7.92,7.92,7.74,7.91,31744.9,24889.61
000026.SZ,2018-11-20,7.86,7.92,7.65,7.68,27279.7,21257.0
000026.SZ,2018-11-21,7.62,7.78,7.6,7.75,20547.13,15831.51
000026.SZ,2018-11-22,7.82,7.91,7.75,7.81,20582.68,16131.35
000026.SZ,2018-11-23,7.81,7.81,7.46,7.47,26157.31,19763.08
000026.SZ,2018-11-26,7.35,7.52,7.35,7.51,19501.35,14576.08
000026.SZ,2018-11-27,7.6,7.61,7.5,7.52,21297.0,16108.09
000026.SZ,2018-11-28,7.58,7.66,7.42,7.64,19682.81,14870.84
000026.SZ,2018-11-29,7.67,7.75,7.48,7.5,12524.2,9551.11
000026.SZ,2018-11-30,7.49,7.49,7.27,7.43,19254.44,14185.04
000026.SZ,2018-12-03,7.57,7.8,7.48,7.79,39528.86,30333.67
000026.SZ,2018-12-04,7.75,7.82,7.69,7.76,23390.25,18121.2
000026.SZ,2018-12-05,7.68,7.72,7.58,7.63,14934.0,11419.71
000026.SZ,2018-12-06,7.64,7.64,7.43,7.48,17792.53,13384.93
000026.SZ,2018-12-07,7.52,7.61,7.41,7.52,16635.74,12468.27
000026.SZ,2018-12-10,7.44,7.6,7.4,7.53,11665.02,8751.78
000026.SZ,2018-12-11,7.49,7.63,7.48,7.63,11572.12,8752.49
000026.SZ,2018-12-12,7.65,7.86,7.58,7.76,23296.42,17959.0
000026.SZ,2018-12-13,7.74,7.83,7.66,7.75,26498.13,20509.59
000026.SZ,2018-12-14,7.76,7.76,7.47,7.49,19744.0,14975.85
000026.SZ,2018-12-17,7.42,7.51,7.37,7.45,14791.0,11000.06
000026.SZ,2018-12-18,7.38,7.5,7.36,7.44,11936.15,8849.71
000026.SZ,2018-12-19,7.5,7.72,7.5,7.55,27482.3,20982.38
000026.SZ,2018-12-20,7.56,7.64,7.45,7.55,20207.37,15249.73
000026.SZ,2018-12-21,7.54,7.54,7.41,7.46,13536.0,10084.44
000026.SZ,2018-12-24,7.46,7.51,7.35,7.45,20499.43,15256.14
000026.SZ,2018-12-25,7.43,7.43,7.22,7.4,14732.7,10772.69
000026.SZ,2018-12-26,7.4,7.45,7.35,7.37,9873.05,7303.68
000026.SZ,2018-12-27,7.44,7.53,7.22,7.22,11032.0,8169.26
000026.SZ,2018-12-28,7.22,7.32,7.19,7.29,9151.06,6650.0
000026.SZ,2019-01-02,7.28,7.37,7.28,7.32,3995.7,2929.52
000026.SZ,2019-01-03,7.3,7.53,7.28,7.36,10236.7,7568.3
000026.SZ,2019-01-04,7.29,7.55,7.23,7.52,14218.0,10539.79
000026.SZ,2019-01-07,7.55,7.9,7.53,7.78,29816.51,23014.95
000026.SZ,2019-01-08,7.74,7.81,7.65,7.7,18022.0,13898.76
000026.SZ,2019-01-09,7.75,7.8,7.65,7.66,21154.2,16388.03
000026.SZ,2019-01-10,7.66,7.75,7.6,7.67,14659.82,11268.38
000026.SZ,2019-01-11,7.65,7.83,7.65,7.8,30146.25,23458.19
000026.SZ,2019-01-14,7.81,7.88,7.67,7.73,18411.2,14287.97
000026.SZ,2019-01-15,7.68,8.17,7.68,8.13,58986.8,47066.87
000026.SZ,2019-01-16,8.1,8.1,7.92,8.0,34356.48,27477.82
000026.SZ,2019-01-17,7.99,8.05,7.9,7.95,21107.31,16812.96
000026.SZ,2019-01-18,7.95,8.01,7.83,7.95,19696.52,15626.54
000026.SZ,2019-01-21,8.0,8.04,7.9,7.94,14005.0,11118.25
000026.SZ,2019-01-22,7.97,7.97,7.8,7.82,11277.97,8883.7
000026.SZ,2019-01-23,7.84,7.9,7.76,7.89,10598.0,8300.67
000026.SZ,2019-01-24,7.88,7.95,7.81,7.82,13704.31,10811.74
000026.SZ,2019-01-25,7.87,7.92,7.79,7.81,10508.31,8249.9
000026.SZ,2019-01-28,7.85,7.88,7.69,7.71,15549.53,12076.79
000026.SZ,2019-01-29,7.66,7.75,7.33,7.5,27095.33,20299.86
000026.SZ,2019-01-30,7.5,7.68,7.46,7.51,18094.57,13737.24
000026.SZ,2019-01-31,7.5,7.64,7.43,7.46,17893.45,13501.98
000026.SZ,2019-02-01,7.45,7.67,7.45,7.66,13448.9,10219.75
000026.SZ,2019-02-11,7.69,7.79,7.66,7.78,19248.4,14899.73
000026.SZ,2019-02-12,7.78,7.89,7.75,7.82,17501.12,13687.22
000026.SZ,2019-02-13,7.84,8.04,7.81,7.99,34851.29,27630.09
000026.SZ,2019-02-14,7.98,8.04,7.85,8.0,18744.01,14907.0
000026.SZ,2019-02-15,8.0,8.11,7.98,8.05,28377.03,22841.55
000026.SZ,2019-02-18,8.08,8.26,8.02,8.25,30209.8,24608.46
000026.SZ,2019-02-19,8.27,8.34,8.09,8.17,29479.0,24151.68
000026.SZ,2019-02-20,8.21,8.23,8.09,8.16,20286.9,16541.54
000026.SZ,2019-02-21,8.15,8.27,8.08,8.11,21506.13,17608.16
000026.SZ,2019-02-22,8.1,8.24,8.06,8.23,20053.23,16358.5
000026.SZ,2019-02-25,8.29,8.6,8.29,8.54,44004.18,37234.5
000026.SZ,2019-02-26,8.54,8.8,8.44,8.5,42103.4,36089.43
000026.SZ,2019-02-27,8.52,8.68,8.43,8.47,26719.0,22875.7
000026.SZ,2019-02-28,8.5,8.65,8.44,8.64,27338.22,23456.14
000026.SZ,2019-03-01,8.65,8.66,8.49,8.57,29810.81,25524.15
000026.SZ,2019-03-04,8.58,8.88,8.55,8.59,46963.36,40690.18
000026.SZ,2019-03-05,8.58,8.7,8.53,8.7,35456.31,30516.66
000026.SZ,2019-03-06,8.74,8.84,8.63,8.83,50173.32,43937.68
000026.SZ,2019-03-07,8.85,9.05,8.75,8.97,45220.71,40221.42
000026.SZ,2019-03-08,8.8,8.97,8.53,8.56,39671.15,34792.5
000026.SZ,2019-03-11,8.58,8.89,8.55,8.87,29059.86,25464.1
000026.SZ,2019-03-12,8.97,9.2,8.86,9.1,49605.98,44746.78
000026.SZ,2019-03-13,9.01,9.14,8.8,8.91,44239.18,39645.06
000026.SZ,2019-03-14,8.88,8.92,8.56,8.67,32754.07,28480.43
000026.SZ,2019-03-15,8.65,8.88,8.63,8.75,38092.78,33360.59
000026.SZ,2019-03-18,8.76,9.25,8.68,9.16,61817.82,55517.89
000026.SZ,2019-03-19,9.17,9.21,8.96,9.07,38628.13,34960.86
000026.SZ,2019-03-20,9.1,9.16,8.97,9.15,39856.58,36187.49
000026.SZ,2019-03-21,9.1,9.39,9.08,9.25,50418.95,46650.75
000026.SZ,2019-03-22,9.21,9.26,9.05,9.23,36870.31,33783.25
000026.SZ,2019-03-25,9.04,9.68,9.0,9.32,86825.36,81209.19
000026.SZ,2019-03-26,9.29,9.34,8.85,8.95,55413.6,50232.16
000026.SZ,2019-03-27,9.02,9.02,8.7,8.85,37495.4,33058.28
000026.SZ,2019-03-28,8.86,8.93,8.72,8.74,26457.91,23344.09
000026.SZ,2019-03-29,8.74,8.95,8.72,8.95,49269.52,43612.44
000026.SZ,2019-04-01,8.95,9.16,8.95,9.14,96131.0,87413.23
000026.SZ,2019-04-02,9.14,9.34,9.06,9.19,120310.05,110478.45
000026.SZ,2019-04-03,9.13,9.22,9.08,9.2,78856.95,72148.38
000026.SZ,2019-04-04,9.23,9.26,9.05,9.13,107588.79,98484.62
000026.SZ,2019-04-08,9.22,9.26,8.86,8.95,90916.83,82204.74
000026.SZ,2019-04-09,8.93,9.05,8.91,9.0,60235.01,54090.22
000026.SZ,2019-04-10,8.92,9.04,8.87,8.97,57144.0,51179.12
000026.SZ,2019-04-11,8.96,9.01,8.71,8.78,64771.75,57307.13
000026.SZ,2019-04-12,8.76,8.91,8.72,8.89,56981.42,50304.33
000026.SZ,2019-04-15,9.0,9.02,8.76,8.79,61206.0,54597.62
000026.SZ,2019-04-16,8.79,8.91,8.63,8.9,56937.0,50044.5
000026.SZ,2019-04-17,8.9,9.12,8.86,9.08,120321.21,108299.17
000026.SZ,2019-04-18,9.05,9.06,8.89,8.95,60034.83,53816.77
000026.SZ,2019-04-19,8.94,8.99,8.8,8.92,49715.01,44190.03
000026.SZ,2019-04-22,8.91,8.95,8.79,8.83,38042.98,33704.03
000026.SZ,2019-04-23,8.83,8.89,8.75,8.75,43622.08,38504.63
000026.SZ,2019-04-24,8.76,8.83,8.62,8.79,46558.31,40652.23
000026.SZ,2019-04-25,8.76,8.8,8.37,8.4,48327.9,41593.15
000026.SZ,2019-04-26,8.42,8.42,8.24,8.28,45488.25,37961.82
000026.SZ,2019-04-29,8.29,8.3,8.05,8.13,44802.25,36574.93
000026.SZ,2019-04-30,8.11,8.22,8.11,8.17,33142.0,27110.28
000026.SZ,2019-05-06,7.98,7.98,7.43,7.55,45492.19,35342.27
000026.SZ,2019-05-07,7.58,7.75,7.55,7.73,30309.49,23275.76
000026.SZ,2019-05-08,7.64,7.85,7.55,7.67,32256.12,24900.1
000026.SZ,2019-05-09,7.67,7.88,7.61,7.72,32726.0,25484.67
000026.SZ,2019-05-10,7.77,7.92,7.66,7.87,37950.38,29752.3
000026.SZ,2019-05-13,7.85,7.89,7.79,7.84,18579.0,14557.08
000026.SZ,2019-05-14,7.73,7.83,7.72,7.76,20271.25,15770.08
000026.SZ,2019-05-15,7.77,7.94,7.77,7.88,23575.0,18546.1
000026.SZ,2019-05-16,7.85,8.03,7.84,7.94,25272.4,20069.64
000026.SZ,2019-05-17,7.94,7.95,7.61,7.67,26948.0,20999.07
000026.SZ,2019-05-20,7.68,7.71,7.57,7.69,17815.0,13615.22
000026.SZ,2019-05-21,7.68,7.87,7.67,7.83,15712.02,12250.86
000026.SZ,2019-05-22,7.83,7.89,7.71,7.8,14291.0,11169.41
000026.SZ,2019-05-23,7.73,7.82,7.72,7.74,12734.0,9879.19
000026.SZ,2019-05-24,7.71,7.75,7.61,7.69,12875.89,9891.68
000026.SZ,2019-05-27,7.73,7.91,7.65,7.87,24694.26,19223.38
000026.SZ,2019-05-28,7.9,7.93,7.81,7.86,23397.85,18432.45
000026.SZ,2019-05-29,7.87,8.02,7.81,7.93,27509.0,21796.13
000026.SZ,2019-05-30,7.88,7.9,7.77,7.86,18716.53,14657.87
000026.SZ,2019-05-31,7.92,8.06,7.89,7.9,30293.89,24153.77
000026.SZ,2019-06-03,7.85,7.98,7.82,7.9,23178.55,18275.18
000026.SZ,2019-06-04,7.9,7.9,7.64,7.67,27010.87,20894.19
000026.SZ,2019-06-05,7.74,7.77,7.61,7.64,27158.08,20872.83
000026.SZ,2019-06-06,7.64,7.66,7.43,7.46,23899.45,17926.03
000026.SZ,2019-06-10,7.49,7.6,7.47,7.55,17047.0,12859.07
000026.SZ,2019-06-11,7.55,7.76,7.55,7.75,22146.0,17045.43
000026.SZ,2019-06-12,7.75,7.79,7.63,7.68,28914.8,22277.1
000026.SZ,2019-06-13,7.65,7.72,7.61,7.71,19717.79,15131.28
000026.SZ,2019-06-14,7.7,7.76,7.65,7.68,19086.0,14712.72
000026.SZ,2019-06-17,7.68,7.69,7.53,7.56,20127.0,15284.15
000026.SZ,2019-06-18,7.56,7.62,7.54,7.58,11034.0,8363.05
000026.SZ,2019-06-19,7.68,7.72,7.62,7.62,18732.48,14387.86
000026.SZ,2019-06-20,7.62,7.81,7.58,7.79,31947.0,24720.96
000026.SZ,2019-06-21,7.77,7.91,7.77,7.87,28087.39,22061.8
000026.SZ,2019-06-24,7.9,7.9,7.82,7.87,19284.0,15152.04
000026.SZ,2019-06-25,7.87,7.9,7.78,7.87,25902.31,20302.0
000026.SZ,2019-06-26,7.85,7.91,7.8,7.88,18177.63,14305.02
000026.SZ,2019-06-27,7.93,8.0,7.86,7.87,34232.59,27077.04
000026.SZ,2019-06-28,7.91,7.91,7.7,7.77,27456.0,21329.61
000026.SZ,2019-07-01,7.88,7.94,7.82,7.93,32123.96,25364.33
000026.SZ,2019-07-02,7.9,7.97,7.89,7.93,24072.38,19099.68
000026.SZ,2019-07-03,7.94,7.94,7.78,7.84,30705.71,24065.72
000026.SZ,2019-07-04,7.8,7.88,7.8,7.88,27945.5,21950.79
000026.SZ,2019-07-05,7.88,7.94,7.77,7.92,34733.0,27238.28
000026.SZ,2019-07-08,7.9,7.9,7.56,7.61,43797.0,33621.32
000026.SZ,2019-07-09,7.61,7.63,7.48,7.59,35983.08,27184.14
000026.SZ,2019-07-10,7.55,7.61,7.54,7.56,16635.68,12599.18
000026.SZ,2019-07-11,7.57,7.65,7.56,7.63,27534.0,20972.09
000026.SZ,2019-07-12,7.65,7.69,7.62,7.67,20844.54,15979.63
000026.SZ,2019-07-15,7.68,7.73,7.56,7.69,21925.01,16804.0
000026.SZ,2019-07-16,7.68,7.84,7.66,7.75,41015.81,31851.92
000026.SZ,2019-07-17,7.75,7.76,7.67,7.68,25895.44,19957.52
000026.SZ,2019-07-18,7.68,7.68,7.58,7.62,18690.01,14238.85
000026.SZ,2019-07-19,7.63,7.73,7.61,7.69,21009.75,16122.11
000026.SZ,2019-07-22,7.69,7.69,7.46,7.53,29169.67,21972.07
000026.SZ,2019-07-23,7.57,7.57,7.49,7.53,19667.23,14787.3
000026.SZ,2019-07-24,7.54,7.63,7.54,7.58,20481.24,15540.15
000026.SZ,2019-07-25,7.58,7.62,7.55,7.6,15341.23,11634.53
000026.SZ,2019-07-26,7.56,7.59,7.52,7.58,14506.43,10959.61
000026.SZ,2019-07-29,7.53,7.57,7.45,7.49,27121.8,20340.02
000026.SZ,2019-07-30,7.5,7.54,7.48,7.49,24806.64,18612.87
000026.SZ,2019-07-31,7.47,7.49,7.37,7.38,29001.3,21482.28
000026.SZ,2019-08-01,7.35,7.42,7.31,7.42,26552.9,19539.37
000026.SZ,2019-08-02,7.29,7.31,7.2,7.22,31908.3,23138.97
000026.SZ,2019-08-05,7.21,7.22,6.98,7.03,32881.0,23386.44
000026.SZ,2019-08-06,6.98,7.14,6.93,7.0,39635.26,27759.09
000026.SZ,2019-08-07,7.04,7.11,6.98,6.99,20337.0,14266.52
000026.SZ,2019-08-08,7.02,7.06,7.0,7.02,15546.17,10935.99
000026.SZ,2019-08-09,7.03,7.08,6.93,6.99,24580.46,17228.88
000026.SZ,2019-08-12,6.79,6.9,6.74,6.9,25085.34,17101.64
000026.SZ,2019-08-13,6.86,7.01,6.84,6.98,34818.73,24207.52
000026.SZ,2019-08-14,7.03,7.04,6.95,6.96,16481.7,11526.96
000026.SZ,2019-08-15,6.89,7.08,6.82,7.06,27512.01,19257.54
000026.SZ,2019-08-16,7.02,7.33,7.02,7.19,42811.35,30910.26
000026.SZ,2019-08-19,7.42,7.67,7.36,7.54,108013.0,80909.61
000026.SZ,2019-08-20,7.53,7.57,7.43,7.51,58976.99,44236.02
000026.SZ,2019-08-21,7.47,8.26,7.45,7.89,148063.33,116834.02
000026.SZ,2019-08-22,7.93,8.16,7.74,7.98,91225.97,72434.41
000026.SZ,2019-08-23,7.88,8.02,7.74,7.8,54003.39,42427.31
000026.SZ,2019-08-26,7.55,7.95,7.51,7.94,68358.22,53102.46
000026.SZ,2019-08-27,7.88,8.24,7.88,7.99,73064.7,58786.29
000026.SZ,2019-08-28,7.99,8.06,7.84,7.92,38578.03,30645.21
000026.SZ,2019-08-29,8.0,8.02,7.86,7.87,31916.0,25286.57
000026.SZ,2019-08-30,7.91,8.07,7.67,7.86,48536.64,38325.74
000026.SZ,2019-09-02,7.86,8.1,7.8,8.04,63455.49,50721.56
000026.SZ,2019-09-03,8.01,8.28,8.0,8.18,86133.65,70347.7
000026.SZ,2019-09-04,8.2,8.47,8.11,8.3,90944.54,75193.16
000026.SZ,2019-09-05,8.27,8.37,8.16,8.18,78210.84,64646.24
000026.SZ,2019-09-06,8.2,8.23,8.06,8.1,38178.01,31029.96
000026.SZ,2019-09-09,8.19,8.33,8.1,8.31,49803.59,41006.14
000026.SZ,2019-09-10,8.3,8.3,8.1,8.14,31730.91,25942.99
000026.SZ,2019-09-11,8.2,8.22,8.11,8.13,21754.0,17769.81
000026.SZ,2019-09-12,8.13,8.17,8.02,8.14,23240.0,18851.46
000026.SZ,2019-09-16,8.16,8.18,7.98,8.03,30506.0,24660.95
000026.SZ,2019-09-17,8.01,8.04,7.79,7.82,32587.01,25676.69
000026.SZ,2019-09-18,7.8,7.87,7.79,7.84,14695.0,11500.48
000026.SZ,2019-09-19,7.84,7.88,7.77,7.87,17507.0,13687.8
000026.SZ,2019-09-20,7.8,7.94,7.8,7.86,14159.0,11161.84
000026.SZ,2019-09-23,7.82,7.86,7.64,7.73,29594.26,22794.23
000026.SZ,2019-09-24,7.74,7.85,7.68,7.77,25856.74,20088.45
000026.SZ,2019-09-25,7.73,7.84,7.67,7.78,22672.01,17561.38
000026.SZ,2019-09-26,7.74,7.79,7.46,7.51,28475.83,21638.85
000026.SZ,2019-09-27,7.55,8.0,7.5,7.87,58126.3,45523.38
000026.SZ,2019-09-30,7.84,7.96,7.71,7.72,26340.4,20585.55
000026.SZ,2019-10-08,8.28,8.29,7.9,7.93,95213.72,76843.43
000026.SZ,2019-10-09,7.86,8.28,7.8,8.26,99883.23,81228.28
000026.SZ,2019-10-10,8.18,8.21,8.1,8.19,57056.34,46517.19
000026.SZ,2019-10-11,8.19,8.23,8.07,8.09,37472.0,30436.03
000026.SZ,2019-10-14,8.1,8.2,8.1,8.11,38616.4,31476.53
000026.SZ,2019-10-15,8.11,8.15,7.96,8.08,31394.73,25260.92
000026.SZ,2019-10-16,8.08,8.11,7.95,7.97,22439.33,17984.0
000026.SZ,2019-10-17,7.97,7.99,7.76,7.84,29308.5,23022.45
000026.SZ,2019-10-18,7.87,7.98,7.73,7.79,32188.44,25331.78
000026.SZ,2019-10-21,7.77,7.97,7.73,7.94,24896.4,19636.73
000026.SZ,2019-10-22,7.94,8.21,7.94,8.19,54428.07,44301.78
000026.SZ,2019-10-23,8.18,8.23,8.08,8.12,33479.0,27310.21
000026.SZ,2019-10-24,8.09,8.22,8.07,8.12,31310.83,25488.83
000026.SZ,2019-10-25,8.14,8.18,8.01,8.12,36267.0,29372.82
000026.SZ,2019-10-28,8.11,8.16,7.97,8.07,75446.41,60566.78
000026.SZ,2019-10-29,8.07,8.12,7.98,8.01,36128.82,29082.28
000026.SZ,2019-10-30,8.0,8.03,7.8,7.89,30161.9,23779.13
000026.SZ,2019-10-31,7.89,7.93,7.83,7.86,20300.0,15989.29
000026.SZ,2019-11-01,7.88,7.93,7.77,7.89,17590.0,13855.11
000026.SZ,2019-11-04,7.89,8.08,7.86,8.06,39349.36,31478.09
000026.SZ,2019-11-05,8.08,8.11,7.95,8.01,23085.35,18566.36
000026.SZ,2019-11-06,8.02,8.23,8.02,8.1,53595.83,43643.16
000026.SZ,2019-11-07,8.14,8.25,8.06,8.18,37827.84,30855.05
000026.SZ,2019-11-08,8.22,8.25,8.05,8.06,30883.99,25127.32
000026.SZ,2019-11-11,8.05,8.05,7.83,7.91,31648.3,25035.56
000026.SZ,2019-11-12,7.88,8.7,7.8,8.58,185912.32,156518.13
000026.SZ,2019-11-13,8.38,8.44,8.23,8.37,155067.37,129233.79
000026.SZ,2019-11-14,8.29,8.68,8.15,8.6,151108.76,127197.87
000026.SZ,2019-11-15,8.64,9.17,8.45,8.5,218007.35,192190.03
000026.SZ,2019-11-18,8.33,9.12,8.33,8.99,197801.2,174338.34
000026.SZ,2019-11-19,8.88,8.98,8.75,8.9,134960.34,119420.87
000026.SZ,2019-11-20,8.88,8.88,8.64,8.72,90194.01,78950.14
000026.SZ,2019-11-21,8.6,8.69,8.52,8.64,58654.58,50489.33
000026.SZ,2019-11-22,8.64,8.84,8.38,8.38,85282.26,73369.76
000026.SZ,2019-11-25,8.36,8.47,8.26,8.42,46225.0,38661.36
000026.SZ,2019-11-26,8.4,8.45,8.22,8.27,44545.38,36988.28
000026.SZ,2019-11-27,8.25,8.34,8.15,8.31,37289.01,30803.26
000026.SZ,2019-11-28,8.31,8.33,8.16,8.26,34426.81,28402.47
000026.SZ,2019-11-29,8.25,8.47,8.2,8.44,50410.15,42215.84
000026.SZ,2019-12-02,8.45,8.46,8.3,8.37,37982.07,31739.74
000026.SZ,2019-12-03,8.38,8.38,8.22,8.34,31721.81,26295.95
000026.SZ,2019-12-04,8.3,8.3,8.18,8.21,35671.5,29330.49
000026.SZ,2019-12-05,8.22,8.32,8.21,8.3,35808.82,29575.27
000026.SZ,2019-12-06,8.31,9.13,8.29,9.13,316617.37,283694.2
000026.SZ,2019-12-09,9.33,9.5,9.02,9.12,297179.45,274878.49
000026.SZ,2019-12-10,9.14,9.89,9.03,9.57,314884.76,298667.73
000026.SZ,2019-12-11,9.53,9.7,9.26,9.27,175976.0,166096.91
000026.SZ,2019-12-12,9.34,9.39,9.1,9.16,130949.13,120860.11
000026.SZ,2019-12-13,9.22,9.42,9.14,9.4,159513.34,148322.08
000026.SZ,2019-12-16,9.66,10.34,9.66,10.34,195317.3,197305.36
000026.SZ,2019-12-17,11.3,11.37,11.02,11.37,130652.21,147392.34
000026.SZ,2019-12-18,12.51,12.51,12.12,12.51,338103.79,422718.84
000026.SZ,2019-12-19,12.78,13.7,12.24,12.66,701392.91,905103.22
000026.SZ,2019-12-20,12.71,13.93,12.71,13.93,757440.46,1025554.05
000026.SZ,2019-12-23,13.07,13.07,12.54,12.54,104925.0,133856.95
000026.SZ,2019-12-24,11.35,11.76,11.29,11.67,596593.49,684758.08
000026.SZ,2019-12-25,11.46,12.09,11.16,11.91,467773.69,543098.31
000026.SZ,2019-12-26,11.77,11.78,11.23,11.46,341421.34,393090.2
000026.SZ,2019-12-27,11.5,11.97,11.2,11.2,370948.58,428414.32
000026.SZ,2019-12-30,10.88,11.0,10.22,10.9,339577.8,361838.97
000026.SZ,2019-12-31,10.84,11.2,10.71,11.09,224763.35,247176.07
000026.SZ,2020-01-02,11.26,11.52,11.02,11.31,271761.56,306711.28
000026.SZ,2020-01-03,11.3,11.46,11.06,11.19,235593.63,265656.0
000026.SZ,2020-01-06,11.17,11.55,10.99,11.5,250132.44,282990.69
000026.SZ,2020-01-07,11.42,11.66,11.22,11.46,234260.56,265608.28
000026.SZ,2020-01-08,11.26,11.35,10.6,10.81,237127.31,261718.73
000026.SZ,2020-01-09,11.02,11.1,10.85,10.98,123604.07,135303.77
000026.SZ,2020-01-10,11.03,12.03,10.9,11.44,332923.01,383859.87
000026.SZ,2020-01-13,11.42,12.48,11.3,12.16,335940.59,401381.34
000026.SZ,2020-01-14,12.05,12.08,11.73,11.79,231763.52,274578.66
000026.SZ,2020-01-15,11.75,11.87,11.34,11.71,182059.43,210568.0
000026.SZ,2020-01-16,11.6,12.06,11.43,12.03,226553.0,267498.96
000026.SZ,2020-01-17,11.91,11.96,11.58,11.6,143876.72,169214.11
000026.SZ,2020-01-20,11.37,11.53,11.3,11.45,115371.32,131848.51
000026.SZ,2020-01-21,11.42,11.47,10.85,10.91,160155.4,177649.54
000026.SZ,2020-01-22,10.89,11.13,10.63,10.97,103515.08,113203.74
000026.SZ,2020-01-23,10.96,10.96,10.12,10.3,149887.14,157168.43
000026.SZ,2020-02-03,9.27,9.27,9.27,9.27,12592.0,11672.78
000026.SZ,2020-02-04,8.35,9.17,8.35,8.93,150046.53,132814.75
000026.SZ,2020-02-05,9.01,9.35,8.88,9.12,128491.0,117442.2
000026.SZ,2020-02-06,9.14,9.45,9.02,9.35,122537.68,113864.87
000026.SZ,2020-02-07,9.37,9.55,9.08,9.46,145763.1,136205.4
000026.SZ,2020-02-10,9.38,9.74,9.3,9.69,140172.61,133931.55
000026.SZ,2020-02-11,9.67,10.07,9.49,9.75,166707.01,162312.95
000026.SZ,2020-02-12,9.59,9.79,9.53,9.71,126254.0,122058.67
000026.SZ,2020-02-13,9.6,9.65,9.25,9.36,149914.63,141599.11
000026.SZ,2020-02-14,9.42,9.55,9.27,9.39,83583.63,78686.98
000026.SZ,2020-02-17,9.38,9.93,9.37,9.88,179832.7,174967.63
000026.SZ,2020-02-18,9.98,10.26,9.83,10.17,196484.98,197241.58
000026.SZ,2020-02-19,10.16,10.28,9.95,10.0,162802.14,164813.1
000026.SZ,2020-02-20,10.05,10.43,10.0,10.37,193073.1,197924.24
000026.SZ,2020-02-21,10.41,10.6,10.22,10.54,188499.21,196506.66
000026.SZ,2020-02-24,10.46,10.48,10.2,10.34,150650.41,155373.27
000026.SZ,2020-02-25,9.99,10.2,9.64,10.12,158184.34,158261.86
000026.SZ,2020-02-26,10.1,10.37,9.86,9.91,134548.0,136210.58
000026.SZ,2020-02-27,9.87,10.09,9.74,9.84,86048.0,85158.92
000026.SZ,2020-02-28,9.37,9.54,8.94,8.99,126273.0,116701.82
000026.SZ,2020-03-02,9.06,9.43,9.0,9.35,91740.64,84661.28
000026.SZ,2020-03-03,9.46,9.67,9.32,9.4,90557.82,85987.24
000026.SZ,2020-03-04,9.38,9.63,9.26,9.56,69717.25,66079.9
000026.SZ,2020-03-05,9.65,9.8,9.57,9.79,98049.85,95114.45
000026.SZ,2020-03-06,9.67,10.03,9.61,9.84,116010.86,113638.41
000026.SZ,2020-03-09,9.62,9.7,9.26,9.26,97668.01,92129.98
000026.SZ,2020-03-10,9.1,9.52,8.96,9.51,93194.54,86458.26
000026.SZ,2020-03-11,9.58,9.61,9.36,9.51,89324.15,84653.99
000026.SZ,2020-03-12,9.38,9.45,9.14,9.18,66695.86,61614.55
000026.SZ,2020-03-13,8.81,9.09,8.7,8.9,86926.36,77046.19
000026.SZ,2020-03-16,9.0,9.13,8.51,8.51,94492.06,83655.21
000026.SZ,2020-03-17,8.6,8.74,8.3,8.68,67321.66,57280.42
000026.SZ,2020-03-18,8.72,8.84,8.53,8.57,60235.0,52309.91
000026.SZ,2020-03-19,8.55,8.9,8.54,8.89,64972.68,56547.91
000026.SZ,2020-03-20,8.88,9.01,8.72,9.0,68128.63,60704.79
000026.SZ,2020-03-23,8.86,8.86,8.58,8.63,60410.0,52689.1
000026.SZ,2020-03-24,8.79,8.8,8.45,8.75,48878.2,42355.38
000026.SZ,2020-03-25,8.86,8.96,8.8,8.89,57155.0,50720.79
000026.SZ,2020-03-26,8.85,8.97,8.73,8.9,53941.87,47842.64
000026.SZ,2020-03-27,8.95,9.16,8.83,8.86,63006.0,56715.59
000026.SZ,2020-03-30,8.79,8.79,8.46,8.52,48765.55,41848.38
000026.SZ,2020-03-31,8.61,8.66,8.47,8.49,34630.0,29566.9
000026.SZ,2020-04-01,8.49,8.75,8.46,8.51,47009.0,40395.52
000026.SZ,2020-04-02,8.46,8.66,8.45,8.63,38019.55,32508.67
000026.SZ,2020-04-03,8.64,8.66,8.47,8.59,35910.55,30786.07
000026.SZ,2020-04-07,8.72,8.87,8.68,8.85,57926.56,50887.96
000026.SZ,2020-04-08,8.77,9.23,8.72,9.11,92142.5,82978.07
000026.SZ,2020-04-09,9.11,9.46,9.05,9.29,107733.15,99999.27
000026.SZ,2020-04-10,9.0,9.04,8.5,8.7,133974.8,117965.14
000026.SZ,2020-04-13,8.66,8.86,8.53,8.77,73769.41,63884.6
000026.SZ,2020-04-14,8.73,8.86,8.68,8.83,41606.97,36459.42
000026.SZ,2020-04-15,8.79,8.79,8.55,8.58,48950.1,42293.17
000026.SZ,2020-04-16,8.55,8.63,8.53,8.59,29936.0,25721.01
000026.SZ,2020-04-17,8.62,8.72,8.55,8.59,40735.0,35116.32
000026.SZ,2020-04-20,8.57,8.7,8.53,8.66,22727.0,19596.09
000026.SZ,2020-04-21,8.62,8.66,8.54,8.63,25186.33,21625.08
000026.SZ,2020-04-22,8.54,8.72,8.53,8.65,23945.0,20699.19
000026.SZ,2020-04-23,8.61,8.85,8.6,8.75,57020.48,49948.71
000026.SZ,2020-04-24,8.75,9.04,8.75,8.94,82767.0,73738.81
000026.SZ,2020-04-27,8.92,8.92,8.78,8.91,33704.0,29792.25
000026.SZ,2020-04-28,8.85,8.88,8.32,8.54,44856.0,38612.82
000026.SZ,2020-04-29,8.49,8.64,8.27,8.31,38228.0,32234.95
000026.SZ,2020-04-30,8.32,8.45,8.14,8.41,61436.0,50787.84
000026.SZ,2020-05-06,8.34,8.38,8.22,8.36,33345.0,27682.64
000026.SZ,2020-05-07,8.36,8.42,8.31,8.35,22365.0,18710.14
000026.SZ,2020-05-08,8.39,8.48,8.33,8.39,34378.25,28909.16
000026.SZ,2020-05-11,8.39,8.59,8.39,8.43,35576.98,30087.79
000026.SZ,2020-05-12,8.43,8.5,8.23,8.28,27508.0,22934.67
000026.SZ,2020-05-13,8.28,8.3,8.0,8.15,48218.28,39072.73
000026.SZ,2020-05-14,8.15,8.97,8.1,8.97,200146.74,176002.74
000026.SZ,2020-05-15,9.0,9.55,8.89,9.14,231089.18,213634.52
000026.SZ,2020-05-18,9.09,9.35,9.04,9.12,137289.28,125899.39
000026.SZ,2020-05-19,9.17,9.24,9.0,9.15,89125.0,81361.07
000026.SZ,2020-05-20,9.5,9.75,9.16,9.21,171878.0,161696.71
000026.SZ,2020-05-21,9.11,9.19,8.87,9.05,127071.28,114615.73
000026.SZ,2020-05-22,9.05,9.06,8.4,8.43,102412.0,88054.89
000026.SZ,2020-05-25,8.39,8.39,8.17,8.35,56699.8,46765.85
000026.SZ,2020-05-26,8.32,8.51,8.29,8.46,39033.28,32798.9
000026.SZ,2020-05-27,8.46,8.5,8.31,8.38,40700.29,34172.91
000026.SZ,2020-05-28,8.37,8.44,8.21,8.3,34309.8,28508.64
000026.SZ,2020-05-29,8.26,8.45,8.22,8.36,33658.0,28107.5
000026.SZ,2020-06-01,8.4,8.73,8.4,8.68,49766.4,42640.4
000026.SZ,2020-06-02,8.72,8.86,8.64,8.78,48121.02,42247.9
000026.SZ,2020-06-03,8.79,8.95,8.63,8.84,60650.96,53372.76
000026.SZ,2020-06-04,8.88,9.07,8.77,8.89,52433.96,46759.99
000026.SZ,2020-06-05,8.85,8.91,8.7,8.76,32701.4,28764.84
000026.SZ,2020-06-08,8.88,8.88,8.73,8.76,29487.0,25925.03
000026.SZ,2020-06-09,8.76,8.8,8.66,8.79,24874.01,21720.24
000026.SZ,2020-06-10,8.77,8.79,8.65,8.68,17163.35,14954.85
000026.SZ,2020-06-11,8.71,8.83,8.6,8.8,36548.0,31813.91
000026.SZ,2020-06-12,8.69,8.77,8.62,8.73,25916.0,22533.81
000026.SZ,2020-06-15,8.73,9.04,8.68,8.88,46814.01,41742.7
000026.SZ,2020-06-16,8.87,9.2,8.86,9.17,61985.35,56300.43
000026.SZ,2020-06-17,9.17,9.3,9.09,9.15,49452.22,45377.58
000026.SZ,2020-06-18,9.15,9.29,8.97,9.14,55274.77,50204.67
000026.SZ,2020-06-19,9.09,9.12,9.0,9.08,35997.0,32615.44
000026.SZ,2020-06-22,9.15,9.17,9.0,9.05,29525.0,26799.59
000026.SZ,2020-06-23,9.05,9.08,9.0,9.03,23603.35,21318.45
000026.SZ,2020-06-24,9.03,9.04,8.87,8.92,30190.02,26942.51
000026.SZ,2020-06-29,8.89,8.92,8.69,8.77,30610.0,26795.7
000026.SZ,2020-06-30,8.78,8.96,8.76,8.93,33727.0,29849.71
000026.SZ,2020-07-01,8.7,8.81,8.65,8.78,38669.36,33801.77
000026.SZ,2020-07-02,8.79,8.96,8.79,8.92,50525.63,44757.07
000026.SZ,2020-07-03,8.88,9.15,8.88,9.08,71317.97,64295.72
000026.SZ,2020-07-06,9.24,9.97,9.24,9.81,128532.58,124197.32
000026.SZ,2020-07-07,9.8,10.17,9.73,9.91,121895.04,121113.67
000026.SZ,2020-07-08,9.8,10.82,9.8,10.55,168438.08,176064.72
000026.SZ,2020-07-09,10.53,10.71,10.0,10.32,151797.88,157618.96
000026.SZ,2020-07-10,10.32,11.35,10.3,11.35,235918.63,263013.93
000026.SZ,2020-07-13,12.49,12.49,12.49,12.49,21716.01,27123.3
000026.SZ,2020-07-14,13.5,13.59,12.0,12.82,584777.98,748667.18
000026.SZ,2020-07-15,12.75,14.1,12.61,13.0,365173.14,485551.24
000026.SZ,2020-07-16,12.64,12.97,11.7,11.7,301716.43,361565.67
000026.SZ,2020-07-17,11.46,12.29,11.22,12.15,194892.41,228655.22
000026.SZ,2020-07-20,12.14,13.37,12.06,13.15,209045.04,266436.9
000026.SZ,2020-07-21,13.28,13.9,12.71,13.36,220210.34,293867.04
000026.SZ,2020-07-22,13.35,14.58,13.0,14.36,218183.4,303533.53
000026.SZ,2020-07-23,14.0,15.0,13.55,14.35,160851.82,227409.35
000026.SZ,2020-07-24,14.78,15.7,14.18,14.2,253891.28,375775.08
000026.SZ,2020-07-27,14.92,15.5,14.45,15.15,179327.16,268035.05
000026.SZ,2020-07-28,15.4,15.56,14.68,15.03,148892.46,225294.69
000026.SZ,2020-07-29,14.75,15.39,14.62,15.28,125071.12,188418.64
000026.SZ,2020-07-30,15.92,16.81,15.5,16.81,204895.55,334664.08
000026.SZ,2020-07-31,17.0,18.49,16.85,18.49,185281.36,329384.19
000026.SZ,2020-08-03,19.1,19.58,17.91,18.56,248018.25,462017.38
000026.SZ,2020-08-04,18.17,18.48,17.18,17.44,235168.0,417582.53
000026.SZ,2020-08-05,17.55,18.38,17.18,18.18,143757.71,257231.34
000026.SZ,2020-08-06,18.22,18.29,17.3,17.62,112737.9,199165.82
000026.SZ,2020-08-07,17.61,17.76,16.96,17.5,101720.97,176021.63
000026.SZ,2020-08-10,17.58,18.55,17.11,17.48,128800.59,228612.95
000026.SZ,2020-08-11,17.5,17.69,16.4,16.42,170484.86,290021.37
000026.SZ,2020-08-12,16.53,16.99,15.68,16.45,154594.47,249795.56
000026.SZ,2020-08-13,16.25,16.53,16.02,16.21,88409.34,143944.7
000026.SZ,2020-08-14,16.55,16.6,15.78,16.4,108185.53,176434.94
000026.SZ,2020-08-17,16.2,17.56,16.12,16.48,142558.0,240153.83
000026.SZ,2020-08-18,16.48,16.76,15.87,16.2,113215.16,183673.13
000026.SZ,2020-08-19,16.11,16.49,15.61,15.84,82408.73,132526.27
000026.SZ,2020-08-20,15.8,15.88,15.0,15.29,103320.98,159549.24
000026.SZ,2020-08-21,15.3,16.18,15.3,15.78,129576.95,203837.74
000026.SZ,2020-08-24,15.9,17.3,15.72,16.83,159282.86,264201.34
000026.SZ,2020-08-25,16.91,17.14,16.43,16.51,111486.4,185592.32
000026.SZ,2020-08-26,16.5,17.26,16.0,16.22,111483.69,185530.2
000026.SZ,2020-08-27,16.22,16.64,15.8,15.95,67686.01,108922.87
000026.SZ,2020-08-28,15.9,16.25,15.6,16.14,63739.01,101451.19
000026.SZ,2020-08-31,16.23,16.85,16.16,16.44,74485.0,122738.32
000026.SZ,2020-09-01,16.35,16.98,16.18,16.58,67771.1,111931.81
000026.SZ,2020-09-02,16.75,17.48,16.5,17.25,134163.95,229301.02
000026.SZ,2020-09-03,17.49,18.98,17.19,18.98,252119.96,466518.3
000026.SZ,2020-09-04,18.67,19.41,17.6,19.11,229923.13,421475.0
000026.SZ,2020-09-07,18.86,19.15,17.97,18.05,134808.09,249295.25
000026.SZ,2020-09-08,17.8,17.92,16.85,17.3,133592.42,230856.01
000026.SZ,2020-09-09,16.99,17.03,16.26,16.4,92680.44,153866.04
000026.SZ,2020-09-10,16.46,16.87,16.0,16.1,51384.4,85116.35
000026.SZ,2020-09-11,16.38,17.47,16.1,17.47,95057.61,161252.73
000026.SZ,2020-09-14,17.46,17.55,16.63,17.0,60116.4,101975.72
000026.SZ,2020-09-15,17.28,17.96,16.5,17.6,82012.03,144260.59
000026.SZ,2020-09-16,17.85,17.85,17.35,17.5,48428.42,85050.86
000026.SZ,2020-09-17,17.68,18.35,17.4,17.45,69547.31,124532.41
000026.SZ,2020-09-18,17.47,18.27,17.47,18.21,66549.09,119475.28
000026.SZ,2020-09-21,18.05,18.15,17.22,17.47,75373.35,132402.61
000026.SZ,2020-09-22,17.44,17.49,16.86,16.93,44406.08,76467.07
000026.SZ,2020-09-23,17.1,18.35,16.95,17.88,85651.44,151953.4
000026.SZ,2020-09-24,17.7,17.95,17.2,17.24,55043.33,96172.2
000026.SZ,2020-09-25,17.41,17.84,16.95,17.26,40235.0,69402.99
000026.SZ,2020-09-28,17.3,17.32,16.4,16.69,61626.56,102984.24
000026.SZ,2020-09-29,16.61,16.69,15.98,16.21,68494.1,111434.75
000026.SZ,2020-09-30,16.42,16.62,16.06,16.49,41197.18,67304.56
000026.SZ,2020-10-09,16.63,18.14,16.21,16.56,164049.16,281240.65
000026.SZ,2020-10-12,16.68,17.15,16.3,16.84,108933.43,182164.46
000026.SZ,2020-10-13,16.91,17.7,16.73,17.5,106883.51,184283.14
000026.SZ,2020-10-14,17.46,17.46,16.1,16.29,135738.11,225138.56
000026.SZ,2020-10-15,16.3,16.47,15.16,15.89,115735.53,180918.57
000026.SZ,2020-10-16,15.55,16.43,15.46,16.4,77202.35,124092.06
000026.SZ,2020-10-19,16.25,16.52,15.85,16.25,50135.84,81106.21
000026.SZ,2020-10-20,16.11,16.75,15.12,15.25,208507.75,330692.15
000026.SZ,2020-10-21,15.41,15.8,14.31,14.7,139996.83,208846.21
000026.SZ,2020-10-22,15.1,15.1,13.77,14.04,190079.09,269377.38
000026.SZ,2020-10-23,14.18,14.42,13.9,14.22,113328.8,161011.39
000026.SZ,2020-10-26,14.2,14.23,13.67,14.06,58991.05,82781.36
000026.SZ,2020-10-27,14.27,14.35,14.08,14.2,54559.34,77627.72
000026.SZ,2020-10-28,14.2,14.26,13.89,14.03,59492.0,83853.45
000026.SZ,2020-10-29,14.06,14.21,13.78,14.18,66164.0,92680.42
000026.SZ,2020-10-30,14.17,14.19,13.64,13.79,65960.45,91358.41
000026.SZ,2020-11-02,13.8,13.88,13.3,13.48,101098.0,136437.12
000026.SZ,2020-11-03,13.54,14.11,13.54,13.94,85795.62,118602.82
000026.SZ,2020-11-04,13.98,14.16,13.66,13.94,83809.68,116845.05
000026.SZ,2020-11-05,13.94,14.25,13.73,13.94,87786.0,121992.47
000026.SZ,2020-11-06,13.98,13.98,13.54,13.8,65767.01,90112.12
000026.SZ,2020-11-09,13.79,14.0,13.68,13.78,85855.23,118680.32
000026.SZ,2020-11-10,13.7,13.74,12.4,12.4,271969.69,348774.69
000026.SZ,2020-11-11,12.43,13.08,12.33,12.54,225432.99,283205.82
000026.SZ,2020-11-12,12.33,13.15,12.31,12.9,149957.54,193218.08
000026.SZ,2020-11-13,12.74,12.85,12.36,12.55,114153.59,143025.47
000026.SZ,2020-11-16,12.54,12.68,12.21,12.5,72934.89,90709.62
000026.SZ,2020-11-17,12.47,12.51,12.15,12.32,69213.99,85070.74
000026.SZ,2020-11-18,12.38,12.43,12.13,12.2,67510.78,82725.41
000026.SZ,2020-11-19,12.25,12.59,12.08,12.54,92112.39,113773.47
000026.SZ,2020-11-20,12.49,12.99,12.35,12.88,89205.5,113493.57
000026.SZ,2020-11-23,13.0,13.36,12.72,13.15,89093.45,116368.33
000026.SZ,2020-11-24,13.2,13.2,12.77,12.82,58278.01,75278.31
000026.SZ,2020-11-25,12.88,12.93,12.49,12.53,58146.28,73731.33
000026.SZ,2020-11-26,12.52,12.66,12.3,12.4,38141.99,47528.53
000026.SZ,2020-11-27,12.49,12.53,12.14,12.32,57841.01,71013.32
000026.SZ,2020-11-30,12.41,12.43,12.08,12.11,66196.5,80861.57
000026.SZ,2020-12-01,12.27,12.55,12.15,12.55,91227.55,113305.25
000026.SZ,2020-12-02,12.6,12.74,12.35,12.42,58965.45,73597.08
000026.SZ,2020-12-03,12.49,12.54,12.33,12.47,47845.0,59618.98
000026.SZ,2020-12-04,12.52,12.7,12.34,12.63,41978.21,52574.21
000026.SZ,2020-12-07,12.7,12.76,12.54,12.63,59635.9,75456.98
000026.SZ,2020-12-08,12.63,12.71,12.4,12.5,49677.87,62449.18
000026.SZ,2020-12-09,12.57,12.6,12.08,12.08,53682.4,65998.14
000026.SZ,2020-12-10,12.05,12.24,11.9,12.12,57917.2,69884.68
000026.SZ,2020-12-11,12.06,12.15,11.52,11.64,45821.0,53848.76
000026.SZ,2020-12-14,11.6,11.68,11.29,11.49,63283.61,72614.8
000026.SZ,2020-12-15,11.46,11.74,11.43,11.5,47618.11,54997.83
000026.SZ,2020-12-16,11.59,11.71,11.44,11.55,46963.98,54295.06
000026.SZ,2020-12-17,11.46,12.05,11.34,11.87,64200.86,75007.77
000026.SZ,2020-12-18,11.89,12.18,11.73,11.81,68807.76,82078.9
000026.SZ,2020-12-21,11.82,11.97,11.49,11.64,61094.58,71075.17
000026.SZ,2020-12-22,11.56,11.63,11.2,11.36,64363.34,73184.53
000026.SZ,2020-12-23,11.26,11.4,11.07,11.23,54017.01,60862.17
000026.SZ,2020-12-24,11.3,11.32,10.88,11.03,60499.0,66923.77
000026.SZ,2020-12-25,11.06,11.15,10.78,10.87,41677.9,45395.36
000026.SZ,2020-12-28,10.87,10.96,10.6,10.65,47425.0,51251.26
000026.SZ,2020-12-29,10.65,11.21,10.65,10.95,67529.23,74136.88
000026.SZ,2020-12-30,10.97,11.73,10.8,11.57,87334.03,99260.3
000026.SZ,2020-12-31,11.57,11.63,11.09,11.43,96280.85,109541.71
000026.SZ,2021-01-04,11.33,12.17,11.28,11.83,103034.82,120609.78
000026.SZ,2021-01-05,11.82,12.26,11.6,12.11,121408.15,145552.72
000026.SZ,2021-01-06,12.02,12.06,11.7,11.78,81643.24,96534.95
000026.SZ,2021-01-07,11.63,11.77,11.09,11.26,82714.82,93823.16
000026.SZ,2021-01-08,11.09,11.43,10.89,11.26,78564.82,88318.5
000026.SZ,2021-01-11,11.29,11.47,10.93,11.0,61808.0,68758.68
000026.SZ,2021-01-12,10.98,11.29,10.87,11.19,48624.62,54151.95
000026.SZ,2021-01-13,11.19,11.24,10.93,10.97,51718.4,57150.39
000026.SZ,2021-01-14,10.84,10.97,10.75,10.91,56733.81,61460.47
000026.SZ,2021-01-15,10.82,11.63,10.77,11.49,107444.91,121695.95
000026.SZ,2021-01-18,11.42,12.17,11.42,11.84,129856.91,154931.15
000026.SZ,2021-01-19,11.88,12.61,11.85,12.46,137583.13,169188.2
000026.SZ,2021-01-20,12.53,12.66,12.01,12.63,112793.17,140030.82
000026.SZ,2021-01-21,12.51,13.11,12.47,12.73,119072.95,152493.72
000026.SZ,2021-01-22,12.68,12.78,12.42,12.65,72622.15,91674.7
000026.SZ,2021-01-25,12.54,12.68,12.23,12.32,75831.04,93947.28
000026.SZ,2021-01-26,12.27,12.34,11.85,11.89,89657.5,108214.91
000026.SZ,2021-01-27,11.9,13.08,11.9,13.08,89158.35,112934.8
000026.SZ,2021-01-28,13.44,13.44,12.55,12.8,156484.04,200355.16
000026.SZ,2021-01-29,12.75,12.85,12.12,12.54,104301.24,129771.45
000026.SZ,2021-02-01,12.63,13.04,12.2,12.6,109580.32,136861.57
000026.SZ,2021-02-02,12.5,12.55,11.92,12.15,128549.72,155469.01
000026.SZ,2021-02-03,12.14,12.65,12.0,12.33,121001.32,149819.55
000026.SZ,2021-02-04,12.32,12.32,11.2,11.23,130978.89,151857.68
000026.SZ,2021-02-05,11.61,12.35,11.6,12.35,81117.9,98460.41
000026.SZ,2021-02-08,12.67,13.23,12.4,13.1,249884.04,322889.89
000026.SZ,2021-02-09,13.06,13.13,12.64,13.08,163939.18,211526.16
000026.SZ,2021-02-10,13.02,13.93,12.96,13.49,158560.01,211332.23
000026.SZ,2021-02-18,13.68,14.52,13.53,14.13,144417.11,204016.54
000026.SZ,2021-02-19,14.09,14.45,13.67,13.96,141773.85,199060.19
000026.SZ,2021-02-22,14.08,14.28,13.5,13.5,162158.59,223676.39
000026.SZ,2021-02-23,13.44,13.71,13.16,13.58,98288.77,132466.84
000026.SZ,2021-02-24,13.5,13.52,12.99,13.23,93446.76,123489.51
000026.SZ,2021-02-25,13.18,13.28,12.85,13.15,83413.39,108668.77
000026.SZ,2021-02-26,12.99,13.1,12.63,13.01,70279.09,90753.02
000026.SZ,2021-03-01,13.1,13.87,13.1,13.82,126024.37,171310.59
000026.SZ,2021-03-02,13.89,13.91,13.45,13.81,88139.91,120239.05
000026.SZ,2021-03-03,13.82,14.3,13.68,14.25,126273.67,176792.87
000026.SZ,2021-03-04,14.25,14.67,13.93,14.34,138276.54,198082.01
000026.SZ,2021-03-05,14.06,14.53,13.83,13.93,95818.53,135333.39
000026.SZ,2021-03-08,14.05,14.43,14.0,14.04,81558.54,115780.87
000026.SZ,2021-03-09,14.32,14.42,13.51,13.98,97443.99,136710.75
000026.SZ,2021-03-10,14.04,14.27,13.25,13.32,88872.86,120732.63
000026.SZ,2021-03-11,13.52,14.48,13.19,14.26,111362.02,156337.54
000026.SZ,2021-03-12,14.3,14.45,14.05,14.43,78665.02,112175.34
000026.SZ,2021-03-15,14.25,15.75,14.24,15.7,181432.98,275353.8
000026.SZ,2021-03-16,15.51,15.68,15.04,15.65,122148.09,186715.99
000026.SZ,2021-03-17,15.39,15.5,15.1,15.19,70159.25,106949.2
000026.SZ,2021-03-18,15.16,15.61,14.8,15.3,94530.65,143414.78
000026.SZ,2021-03-19,15.1,15.45,14.91,15.17,52496.35,79661.26
000026.SZ,2021-03-22,15.18,16.09,15.0,16.0,106632.73,167750.91
000026.SZ,2021-03-23,16.0,16.12,15.53,16.0,74784.08,118540.55
000026.SZ,2021-03-24,15.9,16.4,15.41,16.0,87098.01,138506.84
000026.SZ,2021-03-25,16.0,16.22,15.49,15.49,64910.27,102612.59
000026.SZ,2021-03-26,15.45,15.7,15.11,15.5,69081.61,106802.46
000026.SZ,2021-03-29,15.36,15.62,15.15,15.5,51853.74,79796.66
000026.SZ,2021-03-30,15.53,15.56,15.09,15.27,55762.3,84920.71
000026.SZ,2021-03-31,15.23,15.91,15.1,15.79,62814.04,97706.01
000026.SZ,2021-04-01,16.34,17.0,15.95,16.12,155098.57,254531.91
000026.SZ,2021-04-02,16.41,16.45,15.65,15.69,87594.23,139180.31
000026.SZ,2021-04-06,15.81,16.09,15.39,15.7,65274.01,102925.38
000026.SZ,2021-04-07,15.76,16.25,15.6,15.95,73164.53,116516.38
000026.SZ,2021-04-08,15.85,15.94,15.53,15.79,43092.36,67829.5
000026.SZ,2021-04-09,15.79,16.11,15.71,15.95,47216.05,75204.24
000026.SZ,2021-04-12,16.12,16.18,14.56,14.92,126093.71,191251.46
000026.SZ,2021-04-13,15.13,15.38,14.36,14.48,89397.07,132934.64
000026.SZ,2021-04-14,14.32,15.31,14.32,15.27,108492.41,162776.65
000026.SZ,2021-04-15,15.35,15.58,15.16,15.45,78839.95,121376.89
000026.SZ,2021-04-16,15.4,16.2,15.18,16.02,88329.09,139814.12
000026.SZ,2021-04-19,16.02,16.25,15.63,16.11,79633.0,127862.35
000026.SZ,2021-04-20,16.2,16.83,15.99,16.63,95172.35,157541.73
000026.SZ,2021-04-21,16.59,16.77,16.31,16.65,49754.55,82334.3
000026.SZ,2021-04-22,16.8,16.83,16.4,16.63,48426.95,80549.52
000026.SZ,2021-04-23,16.61,16.76,16.45,16.49,54190.98,89816.16
000026.SZ,2021-04-26,16.69,16.69,15.97,16.06,59688.78,97248.0
000026.SZ,2021-04-27,16.1,16.23,15.8,15.99,45647.5,73049.8
000026.SZ,2021-04-28,16.03,16.88,16.0,16.8,64395.51,106942.53
000026.SZ,2021-04-29,16.81,16.93,16.35,16.52,52022.88,86273.26
000026.SZ,2021-04-30,16.27,16.73,16.14,16.66,51245.17,84515.83
000026.SZ,2021-05-06,16.5,16.8,16.14,16.48,56820.25,93314.12
000026.SZ,2021-05-07,16.49,16.96,16.3,16.35,72936.68,121399.76
000026.SZ,2021-05-10,16.36,16.51,16.0,16.24,44607.77,72559.01
000026.SZ,2021-05-11,16.19,16.29,15.48,15.8,46536.52,73595.4
000026.SZ,2021-05-12,15.67,16.79,15.67,16.74,59456.09,97172.69
000026.SZ,2021-05-13,16.6,16.85,16.0,16.28,51390.92,84246.5
000026.SZ,2021-05-14,16.22,16.42,16.03,16.09,40160.71,65101.77
000026.SZ,2021-05-17,16.0,16.36,15.4,15.49,87530.01,137763.54
000026.SZ,2021-05-18,15.49,15.99,15.42,15.49,59434.0,93023.58
000026.SZ,2021-05-19,15.46,15.52,14.99,15.02,65224.26,98880.87
000026.SZ,2021-05-20,14.88,15.14,14.64,14.87,39072.83,58056.83
000026.SZ,2021-05-21,14.98,15.08,14.51,14.73,54706.52,80677.99
000026.SZ,2021-05-24,14.98,15.45,14.82,15.0,79758.16,120253.16
000026.SZ,2021-05-25,14.86,15.1,14.8,14.99,66550.72,99612.92
000026.SZ,2021-05-26,15.06,15.22,14.84,14.91,52438.99,78697.86
000026.SZ,2021-05-27,14.87,15.0,14.76,14.86,46161.37,68595.52
000026.SZ,2021-05-28,14.87,15.1,14.72,14.79,55433.34,82364.21
000026.SZ,2021-05-31,14.83,14.96,14.42,14.86,80083.67,117948.0
000026.SZ,2021-06-01,14.58,14.63,14.21,14.5,75463.06,109390.78
000026.SZ,2021-06-02,14.61,15.06,14.11,14.43,119404.1,174486.22
000026.SZ,2021-06-03,14.39,14.51,13.95,13.98,62679.9,89241.0
000026.SZ,2021-06-04,13.91,14.46,13.91,14.0,78560.32,111019.54
000026.SZ,2021-06-07,14.19,14.6,13.95,14.46,57117.27,81805.07
000026.SZ,2021-06-08,14.49,15.4,14.41,15.34,122974.74,186170.27
000026.SZ,2021-06-09,15.23,15.4,14.83,15.27,69649.74,105688.62
000026.SZ,2021-06-10,15.44,15.45,14.95,15.06,36087.22,54366.2
000026.SZ,2021-06-11,15.1,15.14,14.64,14.81,39020.21,57678.01
000026.SZ,2021-06-15,14.76,14.79,14.19,14.22,38272.88,54860.22
000026.SZ,2021-06-16,14.21,14.37,13.86,13.98,35514.8,49830.29
000026.SZ,2021-06-17,14.08,14.22,13.92,14.13,28188.96,39660.34
000026.SZ,2021-06-18,14.09,14.09,13.5,13.75,41819.48,57896.89
000026.SZ,2021-06-21,13.75,13.85,13.45,13.74,51472.8,70052.71
000026.SZ,2021-06-22,13.74,13.77,13.24,13.47,75993.86,102530.55
000026.SZ,2021-06-23,13.46,13.72,13.2,13.65,58128.32,78630.92
000026.SZ,2021-06-24,13.66,13.66,13.24,13.29,42455.27,56637.71
000026.SZ,2021-06-25,13.27,13.52,13.19,13.41,40754.14,54552.3
000026.SZ,2021-06-28,13.4,13.75,13.4,13.66,47667.8,64902.73
000026.SZ,2021-06-29,13.66,13.75,13.56,13.62,40006.16,54579.55
000026.SZ,2021-06-30,13.58,14.13,13.43,13.92,69392.37,96036.98
000026.SZ,2021-07-01,13.88,14.08,13.59,13.67,48206.01,66804.87
000026.SZ,2021-07-02,13.79,13.8,13.31,13.66,52101.81,70598.12
000026.SZ,2021-07-05,14.0,14.11,13.42,14.02,100410.78,138911.29
000026.SZ,2021-07-06,14.11,14.49,13.98,14.1,68668.91,96734.77
000026.SZ,2021-07-07,14.12,14.71,14.05,14.52,70711.3,102572.25
000026.SZ,2021-07-08,14.56,15.09,14.45,14.6,81026.63,119561.96
000026.SZ,2021-07-09,14.51,14.64,14.34,14.4,59744.13,86475.38
000026.SZ,2021-07-12,14.47,14.74,14.4,14.61,54573.9,79726.28
000026.SZ,2021-07-13,14.63,14.69,14.13,14.28,75291.34,107758.4
000026.SZ,2021-07-14,14.22,14.57,14.17,14.26,41414.06,59408.83
000026.SZ,2021-07-15,14.37,14.5,14.0,14.42,46881.8,66753.06
000026.SZ,2021-07-16,14.54,14.54,14.06,14.07,40213.24,57007.87
000026.SZ,2021-07-19,14.07,14.14,13.59,13.83,33011.64,45611.93
000026.SZ,2021-07-20,13.59,13.8,13.48,13.74,29490.61,40197.48
000026.SZ,2021-07-21,13.74,13.89,13.5,13.54,34680.07,47250.34
000026.SZ,2021-07-22,13.55,13.78,13.46,13.61,31339.05,42713.39
000026.SZ,2021-07-23,13.6,13.61,13.0,13.25,54965.61,72880.29
000026.SZ,2021-07-26,13.23,13.23,12.49,12.69,62617.74,79817.62
000026.SZ,2021-07-27,12.73,12.73,12.21,12.21,61369.51,76361.24
000026.SZ,2021-07-28,12.21,12.3,11.64,12.14,40231.27,48321.95
000026.SZ,2021-07-29,12.28,12.44,12.12,12.26,41741.33,51187.55
000026.SZ,2021-07-30,12.15,12.32,11.77,12.17,51735.87,62217.31
000026.SZ,2021-08-02,12.13,12.52,12.04,12.32,44722.87,54981.56
000026.SZ,2021-08-03,12.22,12.67,12.2,12.43,42257.3,52683.09
000026.SZ,2021-08-04,12.47,12.55,12.14,12.18,54071.26,66401.4
000026.SZ,2021-08-05,12.24,12.43,11.98,12.32,50438.89,61819.23
000026.SZ,2021-08-06,12.32,12.5,12.2,12.37,40403.0,49882.8
000026.SZ,2021-08-09,12.38,12.75,12.23,12.72,51871.57,65115.5
000026.SZ,2021-08-10,12.75,12.93,12.62,12.84,43972.15,56400.08
000026.SZ,2021-08-11,12.84,12.98,12.65,12.81,42108.02,53736.77
000026.SZ,2021-08-12,12.71,12.93,12.71,12.79,25748.0,33026.75
000026.SZ,2021-08-13,12.8,12.84,12.6,12.69,34122.38,43298.29
000026.SZ,2021-08-16,12.69,12.96,12.58,12.85,31596.08,40400.95
000026.SZ,2021-08-17,12.85,12.87,12.44,12.52,37742.76,47838.06
000026.SZ,2021-08-18,12.44,12.67,12.44,12.67,27072.82,34043.33
000026.SZ,2021-08-19,12.6,12.6,12.23,12.45,51151.02,63119.79
000026.SZ,2021-08-20,12.5,12.74,12.3,12.34,50710.67,63166.55
000026.SZ,2021-08-23,12.34,12.89,12.3,12.69,73168.79,92747.28
000026.SZ,2021-08-24,12.75,12.8,12.55,12.67,56772.37,71875.45
000026.SZ,2021-08-25,12.69,13.15,12.56,12.98,74873.72,96911.51
000026.SZ,2021-08-26,13.03,13.06,12.73,12.75,51079.94,65570.16
000026.SZ,2021-08-27,12.69,12.86,12.63,12.76,39689.0,50524.65
000026.SZ,2021-08-30,12.78,12.87,12.47,12.48,61776.34,78157.06
000026.SZ,2021-08-31,12.42,12.83,12.34,12.72,58697.23,74514.31
000026.SZ,2021-09-01,12.72,12.72,12.38,12.55,58107.18,72752.27
000026.SZ,2021-09-02,12.48,12.67,12.46,12.62,35520.0,44707.02
000026.SZ,2021-09-03,12.62,12.83,12.55,12.69,61475.72,78137.39
000026.SZ,2021-09-06,12.67,12.92,12.63,12.88,54078.1,69168.47
000026.SZ,2021-09-07,12.94,12.94,12.78,12.88,48478.36,62246.26
000026.SZ,2021-09-08,12.9,12.94,12.8,12.94,49207.65,63374.55
000026.SZ,2021-09-09,12.92,12.95,12.76,12.85,52181.48,67035.88
000026.SZ,2021-09-10,12.85,13.42,12.82,13.1,107556.83,141714.0
000026.SZ,2021-09-13,13.12,13.18,12.85,12.92,60869.21,78623.51
000026.SZ,2021-09-14,12.92,12.94,12.48,12.54,59935.9,76252.88
000026.SZ,2021-09-15,12.5,12.5,12.18,12.22,67262.52,82875.6
000026.SZ,2021-09-16,12.21,12.45,12.2,12.27,43118.86,53125.49
000026.SZ,2021-09-17,12.27,12.33,11.88,12.0,52968.95,63726.5
000026.SZ,2021-09-22,11.86,11.94,11.65,11.72,60856.97,71498.27
000026.SZ,2021-09-23,11.81,12.22,11.76,12.08,61101.9,73460.32
000026.SZ,2021-09-24,12.06,12.07,11.75,11.82,42823.99,50750.23
000026.SZ,2021-09-27,11.8,11.8,11.42,11.48,37004.69,42939.45
000026.SZ,2021-09-28,11.49,11.63,11.4,11.55,32388.81,37230.35
000026.SZ,2021-09-29,11.51,11.75,11.41,11.5,43698.96,50517.3
000026.SZ,2021-09-30,11.5,11.66,11.5,11.63,33763.99,39086.4
000026.SZ,2021-10-08,11.88,11.88,11.64,11.74,40703.48,47768.84
000026.SZ,2021-10-11,11.7,11.82,11.59,11.63,37936.35,44347.36
000026.SZ,2021-10-12,11.97,12.09,11.73,11.85,87774.93,104306.11
000026.SZ,2021-10-13,11.92,12.1,11.62,11.83,58481.14,68910.68
000026.SZ,2021-10-14,11.77,12.12,11.74,11.94,57196.37,68408.54
000026.SZ,2021-10-15,11.89,11.89,11.74,11.82,35021.28,41344.48
000026.SZ,2021-10-18,11.83,11.88,11.49,11.7,73998.86,85817.71
000026.SZ,2021-10-19,11.67,11.85,11.6,11.78,47438.1,55611.71
000026.SZ,2021-10-20,11.78,11.93,11.72,11.83,43894.83,51902.64
000026.SZ,2021-10-21,11.81,11.83,11.53,11.54,56271.26,65374.48
000026.SZ,2021-10-22,11.58,12.0,11.49,11.85,86564.42,101988.87
000026.SZ,2021-10-25,11.88,11.95,11.53,11.68,63200.74,73423.49
000026.SZ,2021-10-26,11.6,11.66,11.45,11.51,62923.48,72516.39
000026.SZ,2021-10-27,11.49,11.5,10.73,10.86,87705.81,96372.82
000026.SZ,2021-10-28,10.81,10.82,10.37,10.43,52894.61,55824.86
000026.SZ,2021-10-29,10.38,10.92,10.38,10.79,56846.88,60878.94
000026.SZ,2021-11-01,10.76,11.32,10.7,11.26,69606.89,77518.87
000026.SZ,2021-11-02,11.25,11.39,10.83,10.95,54733.79,60452.97
000026.SZ,2021-11-03,10.95,10.98,10.74,10.89,25914.88,28127.3
000026.SZ,2021-11-04,10.89,11.02,10.78,10.97,28787.61,31521.63
000026.SZ,2021-11-05,11.0,11.22,10.89,11.1,32628.88,36252.64
000026.SZ,2021-11-08,11.04,11.13,10.93,11.0,33472.64,36923.6
000026.SZ,2021-11-09,10.94,11.13,10.78,11.04,24762.0,27293.56
000026.SZ,2021-11-10,11.0,11.05,10.84,11.03,27407.0,29971.9
000026.SZ,2021-11-11,11.0,11.33,10.95,11.23,40709.22,45647.15
000026.SZ,2021-11-12,11.2,11.31,11.14,11.25,37001.23,41577.37
000026.SZ,2021-11-15,11.27,11.75,11.23,11.66,69632.22,80420.52
000026.SZ,2021-11-16,11.66,11.84,11.55,11.63,50727.01,59251.18
000026.SZ,2021-11-17,11.63,11.74,11.57,11.66,38357.01,44659.57
000026.SZ,2021-11-18,11.67,11.77,11.61,11.73,38190.01,44708.13
000026.SZ,2021-11-19,11.75,11.78,11.5,11.69,35839.78,41649.34
000026.SZ,2021-11-22,11.65,12.25,11.65,11.99,88692.5,106449.59
000026.SZ,2021-11-23,11.95,12.04,11.83,11.94,40750.41,48673.82
000026.SZ,2021-11-24,11.93,12.2,11.88,12.05,41195.01,49722.69
000026.SZ,2021-11-25,12.07,12.17,11.95,12.01,37005.84,44632.98
000026.SZ,2021-11-26,12.0,12.0,11.79,11.83,46058.01,54650.23
000026.SZ,2021-11-29,11.63,11.75,11.45,11.54,54492.28,63043.7
000026.SZ,2021-11-30,11.65,12.03,11.6,11.94,87595.43,103550.21
000026.SZ,2021-12-01,11.94,12.05,11.83,11.9,43388.0,51729.36
000026.SZ,2021-12-02,11.9,11.97,11.68,11.69,34047.89,40173.94
000026.SZ,2021-12-03,11.77,11.77,11.61,11.72,28876.89,33782.92
000026.SZ,2021-12-06,11.73,11.82,11.35,11.41,60950.49,70181.09
000026.SZ,2021-12-07,11.47,11.62,11.4,11.48,39353.31,45315.75
000026.SZ,2021-12-08,11.51,11.67,11.41,11.64,35068.41,40537.02
000026.SZ,2021-12-09,11.7,11.82,11.5,11.76,50572.8,59198.69
000026.SZ,2021-12-10,11.72,12.65,11.66,12.19,146310.66,178836.99
000026.SZ,2021-12-13,12.52,12.57,11.81,11.98,122851.1,147968.04
000026.SZ,2021-12-14,11.96,11.96,11.75,11.77,81621.62,96223.62
000026.SZ,2021-12-15,11.77,11.84,11.65,11.7,53769.18,63148.56
000026.SZ,2021-12-16,11.74,11.78,11.67,11.77,48125.56,56433.44
000026.SZ,2021-12-17,11.75,11.78,11.6,11.64,34716.05,40462.94
000026.SZ,2021-12-20,11.58,11.62,11.39,11.42,52528.27,60389.46
000026.SZ,2021-12-21,11.48,11.61,11.41,11.61,36034.05,41545.96
000026.SZ,2021-12-22,11.67,11.92,11.63,11.79,73491.91,86776.96
000026.SZ,2021-12-23,11.79,11.84,11.67,11.72,40473.0,47572.1
000026.SZ,2021-12-24,11.72,11.76,11.44,11.45,59896.86,69038.74
000026.SZ,2021-12-27,11.41,11.56,11.41,11.52,21468.0,24663.96
000026.SZ,2021-12-28,11.56,11.62,11.51,11.58,22052.12,25507.9
000026.SZ,2021-12-29,11.58,11.59,11.4,11.42,47391.43,54220.26
000026.SZ,2021-12-30,11.42,11.69,11.37,11.66,53342.95,61721.93
000026.SZ,2021-12-31,11.69,11.92,11.63,11.85,63700.7,75098.17
000026.SZ,2022-01-04,11.9,12.68,11.84,12.59,221743.13,275703.95
000026.SZ,2022-01-05,12.62,12.68,12.06,12.22,134705.29,166345.25
000026.SZ,2022-01-06,12.24,12.42,12.16,12.34,62032.89,76249.56
000026.SZ,2022-01-07,12.38,12.4,12.15,12.16,67870.93,83343.5
000026.SZ,2022-01-10,12.2,12.46,11.99,12.35,51122.41,62714.17
000026.SZ,2022-01-11,12.35,12.56,12.28,12.41,49820.0,61856.55
000026.SZ,2022-01-12,12.49,12.53,12.25,12.3,49283.48,60655.69
000026.SZ,2022-01-13,12.29,12.47,12.22,12.22,56675.96,69935.43
000026.SZ,2022-01-14,12.2,12.28,11.97,12.0,48135.0,58257.46
000026.SZ,2022-01-17,12.03,12.36,11.98,12.34,61984.31,75446.02
000026.SZ,2022-01-18,12.32,12.39,11.78,11.8,112004.13,134033.53
000026.SZ,2022-01-19,11.79,12.12,11.78,12.0,59961.0,71801.72
000026.SZ,2022-01-20,12.09,12.09,11.6,11.7,68502.0,80597.55
000026.SZ,2022-01-21,11.7,11.79,11.62,11.75,32387.0,37971.74
000026.SZ,2022-01-24,11.7,11.71,11.46,11.49,40963.0,47253.22
000026.SZ,2022-01-25,11.47,11.56,10.92,10.93,54937.0,61487.55
000026.SZ,2022-01-26,10.95,11.11,10.93,11.08,33701.0,37167.58
000026.SZ,2022-01-27,11.06,11.15,10.7,10.7,42058.59,45652.88
000026.SZ,2022-01-28,10.75,11.07,10.71,11.02,33608.0,36702.59
000026.SZ,2022-02-07,11.15,11.17,10.93,11.11,51287.32,56679.23
000026.SZ,2022-02-08,11.02,11.42,11.02,11.28,47216.27,53122.98
000026.SZ,2022-02-09,11.29,11.48,11.22,11.42,55324.02,62790.69
000026.SZ,2022-02-10,11.41,11.41,11.25,11.34,30327.0,34338.52
000026.SZ,2022-02-11,11.29,11.37,11.13,11.16,44427.0,49987.97
000026.SZ,2022-02-14,11.14,11.22,11.01,11.07,40550.0,45021.3
000026.SZ,2022-02-15,11.1,11.18,10.98,11.14,33776.0,37533.41
000026.SZ,2022-02-16,11.18,11.27,11.14,11.18,38353.91,42950.19
000026.SZ,2022-02-17,11.18,11.22,11.13,11.13,36389.0,40664.71
000026.SZ,2022-02-18,11.06,11.21,11.02,11.21,27511.02,30626.17
000026.SZ,2022-02-21,11.21,11.7,11.11,11.66,98444.88,113295.48
000026.SZ,2022-02-22,11.6,11.71,11.31,11.44,68474.66,78687.08
000026.SZ,2022-02-23,11.44,11.51,11.39,11.43,47730.69,54665.76
000026.SZ,2022-02-24,11.4,11.42,10.91,11.06,65635.04,73495.59
000026.SZ,2022-02-25,11.15,11.25,10.97,11.1,36400.1,40567.54
000026.SZ,2022-02-28,11.07,11.1,10.77,10.88,44703.49,48665.89
000026.SZ,2022-03-01,10.91,11.02,10.89,11.0,32179.62,35232.71
000026.SZ,2022-03-02,10.95,11.06,10.9,11.05,25429.81,27926.87
000026.SZ,2022-03-03,11.1,11.15,10.99,11.07,37058.0,41012.28
000026.SZ,2022-03-04,11.0,11.1,10.9,10.93,30484.0,33526.45
000026.SZ,2022-03-07,10.91,11.03,10.79,10.84,45255.74,49265.18
000026.SZ,2022-03-08,10.87,10.92,10.44,10.53,46097.91,48974.98
000026.SZ,2022-03-09,10.5,10.58,9.8,10.27,54602.93,55750.66
000026.SZ,2022-03-10,10.3,10.47,10.15,10.19,67610.76,69712.64
000026.SZ,2022-03-11,10.0,10.14,9.75,10.07,57985.84,57577.78
000026.SZ,2022-03-14,9.98,10.03,9.69,9.7,58304.0,57315.8
000026.SZ,2022-03-15,9.65,9.65,9.02,9.05,76351.92,70867.31
000026.SZ,2022-03-16,9.15,9.32,8.89,9.27,55891.44,51085.45
000026.SZ,2022-03-17,9.4,9.78,9.3,9.48,59978.82,57106.61
000026.SZ,2022-03-18,9.43,9.63,9.41,9.57,35914.43,34309.85
000026.SZ,2022-03-21,9.6,9.68,9.35,9.49,50358.0,47761.08
000026.SZ,2022-03-22,9.46,9.73,9.38,9.67,49026.17,46807.89
000026.SZ,2022-03-23,9.67,9.7,9.57,9.64,22744.81,21938.35
000026.SZ,2022-03-24,9.64,9.69,9.48,9.52,36110.73,34549.4
000026.SZ,2022-03-25,9.55,9.8,9.53,9.71,50916.79,49432.4
000026.SZ,2022-03-28,9.61,9.74,9.49,9.59,36824.81,35312.8
000026.SZ,2022-03-29,9.64,9.64,9.4,9.45,27859.0,26442.72
000026.SZ,2022-03-30,9.53,9.67,9.4,9.63,26449.0,25298.44
000026.SZ,2022-03-31,9.6,9.78,9.58,9.72,28805.0,27955.9
000026.SZ,2022-04-01,9.65,9.77,9.58,9.73,31156.25,30167.51
000026.SZ,2022-04-06,9.73,10.08,9.69,10.0,43289.0,43150.77
000026.SZ,2022-04-07,9.96,9.97,9.76,9.76,31746.9,31300.79
000026.SZ,2022-04-08,9.73,9.81,9.57,9.77,22245.0,21572.18
000026.SZ,2022-04-11,9.75,9.82,9.45,9.56,33282.0,32126.96
000026.SZ,2022-04-12,9.58,9.8,9.46,9.8,28912.27,27796.7
000026.SZ,2022-04-13,9.73,9.74,9.57,9.58,27086.87,26113.47
000026.SZ,2022-04-14,9.65,9.8,9.55,9.73,29478.87,28586.19
000026.SZ,2022-04-15,9.7,9.73,9.52,9.57,25738.27,24735.47
000026.SZ,2022-04-18,9.53,9.65,9.38,9.6,22155.91,21078.54
000026.SZ,2022-04-19,9.55,9.74,9.53,9.74,22402.97,21616.02
000026.SZ,2022-04-20,9.73,10.16,9.66,10.0,76896.5,76728.08
000026.SZ,2022-04-21,9.95,10.06,9.59,9.6,49336.62,48418.06
000026.SZ,2022-04-22,9.53,9.89,9.52,9.86,41523.0,40504.66
000026.SZ,2022-04-25,9.5,9.59,8.87,8.87,75387.0,68360.19
000026.SZ,2022-04-26,8.7,8.84,8.41,8.42,48965.9,42254.71
000026.SZ,2022-04-27,8.36,8.65,8.07,8.65,34895.38,29199.5
000026.SZ,2022-04-28,8.55,8.87,8.42,8.58,23891.57,20612.8
000026.SZ,2022-04-29,8.66,8.94,8.46,8.91,32149.69,28294.62
000026.SZ,2022-05-05,8.92,9.08,8.76,8.95,21843.0,19543.41
000026.SZ,2022-05-06,8.81,8.84,8.7,8.79,19568.9,17199.06
000026.SZ,2022-05-09,8.78,8.93,8.71,8.91,15193.0,13480.81
000026.SZ,2022-05-10,8.79,9.01,8.72,8.98,27481.0,24439.75
000026.SZ,2022-05-11,8.92,9.19,8.91,8.98,29747.0,27005.42
000026.SZ,2022-05-12,8.96,9.1,8.91,9.04,24872.91,22460.86
000026.SZ,2022-05-13,9.06,9.09,8.94,9.01,24339.01,21923.37
000026.SZ,2022-05-16,9.05,9.09,8.91,8.98,28633.01,25704.74
000026.SZ,2022-05-17,8.97,8.98,8.75,8.87,25813.0,22839.36
000026.SZ,2022-05-18,8.88,9.05,8.82,8.99,30423.01,27263.96
000026.SZ,2022-05-19,8.85,8.97,8.81,8.92,30060.24,26724.58
000026.SZ,2022-05-20,8.92,9.13,8.92,9.1,43869.01,39729.74
000026.SZ,2022-05-23,9.14,9.14,9.03,9.09,30048.56,27291.26
000026.SZ,2022-05-24,9.1,9.18,8.76,8.78,44165.0,39698.47
000026.SZ,2022-05-25,8.75,8.99,8.75,8.97,26590.21,23709.45
000026.SZ,2022-05-26,9.07,9.17,8.97,9.09,49285.37,44725.4
000026.SZ,2022-05-27,10.0,10.0,10.0,10.0,32411.21,32411.21
000026.SZ,2022-05-30,11.0,11.0,10.66,11.0,179316.28,196803.79
000026.SZ,2022-05-31,11.0,11.05,10.33,10.5,300205.65,319690.27
000026.SZ,2022-06-01,10.4,11.55,10.4,10.88,270530.74,296367.48
000026.SZ,2022-06-02,10.9,11.22,10.62,10.75,205749.93,223723.93
000026.SZ,2022-06-06,10.65,10.65,10.21,10.38,140733.49,145417.87
000026.SZ,2022-06-07,10.43,10.68,10.25,10.51,125580.52,131015.5
000026.SZ,2022-06-08,10.36,10.42,10.0,10.33,107566.32,110261.59
000026.SZ,2022-06-09,10.34,10.7,10.27,10.59,128045.32,135113.58
000026.SZ,2022-06-10,10.12,10.27,10.02,10.17,88364.82,89929.71
000026.SZ,2022-06-13,10.05,10.15,9.86,10.06,65235.86,65222.99
000026.SZ,2022-06-14,9.98,10.02,9.76,10.01,46738.0,46307.52
000026.SZ,2022-06-15,10.05,10.46,10.03,10.37,106538.85,109497.83
000026.SZ,2022-06-16,10.36,10.37,10.2,10.26,50816.86,52202.11
000026.SZ,2022-06-17,10.18,10.34,10.11,10.23,44403.95,45372.23
000026.SZ,2022-06-20,10.16,10.27,10.1,10.23,36234.36,36881.66
000026.SZ,2022-06-21,10.25,10.42,10.09,10.15,41478.57,42438.86
000026.SZ,2022-06-22,10.1,10.15,9.92,9.96,36856.97,36993.59
000026.SZ,2022-06-23,9.97,10.3,9.93,10.29,57459.79,58464.29
000026.SZ,2022-06-24,10.25,10.27,10.1,10.17,51901.0,52776.46
000026.SZ,2022-06-27,10.19,10.32,10.12,10.18,39126.0,39906.25
000026.SZ,2022-06-28,10.1,10.32,10.04,10.32,61061.92,62556.29
000026.SZ,2022-06-29,10.28,10.46,10.18,10.29,64642.93,66864.28
000026.SZ,2022-06-30,10.32,10.78,10.22,10.69,92919.37,98464.61
000026.SZ,2022-07-01,10.68,10.68,10.32,10.35,52243.1,54679.72
000026.SZ,2022-07-04,10.32,10.39,10.15,10.28,37390.6,38227.23
000026.SZ,2022-07-05,10.28,10.32,10.05,10.14,33117.01,33646.19
000026.SZ,2022-07-06,10.07,10.17,9.89,9.98,39433.0,39421.32
000026.SZ,2022-07-07,10.01,10.13,9.98,10.09,23920.0,24031.53
000026.SZ,2022-07-08,10.05,10.12,10.01,10.01,17604.0,17715.47
000026.SZ,2022-07-11,9.99,10.07,9.82,9.98,16987.0,16918.57
000026.SZ,2022-07-12,9.97,10.07,9.87,9.88,19742.6,19677.67
000026.SZ,2022-07-13,9.9,9.99,9.81,9.93,14587.0,14493.5
000026.SZ,2022-07-14,9.91,10.03,9.88,9.99,20571.0,20498.27
000026.SZ,2022-07-15,9.97,9.99,9.36,9.41,56499.0,54498.68
000026.SZ,2022-07-18,9.4,9.85,9.39,9.81,37963.0,36836.26
000026.SZ,2022-07-19,9.78,9.88,9.75,9.85,21524.0,21124.54
000026.SZ,2022-07-20,9.85,9.89,9.77,9.87,24926.07,24478.46
000026.SZ,2022-07-21,9.92,9.92,9.73,9.74,19536.0,19112.79
000026.SZ,2022-07-22,9.72,9.78,9.55,9.65,19194.6,18543.12
000026.SZ,2022-07-25,9.67,9.72,9.56,9.57,18413.0,17729.28
000026.SZ,2022-07-26,9.57,9.63,9.42,9.63,15404.0,14677.05
000026.SZ,2022-07-27,9.61,9.61,9.5,9.59,19310.01,18467.78
000026.SZ,2022-07-28,9.59,9.73,9.58,9.67,19441.0,18799.95
000026.SZ,2022-07-29,9.69,9.74,9.53,9.74,29985.0,28889.87
000026.SZ,2022-08-01,9.73,9.77,9.58,9.76,26781.0,25947.27
000026.SZ,2022-08-02,9.72,9.73,9.18,9.33,35824.27,33595.68
000026.SZ,2022-08-03,9.3,9.43,9.19,9.34,31325.95,29221.76
000026.SZ,2022-08-04,9.36,9.48,9.24,9.46,27814.73,26040.41
000026.SZ,2022-08-05,9.48,9.6,9.41,9.58,22571.0,21484.5
000026.SZ,2022-08-08,9.57,10.22,9.53,9.93,85769.81,85478.58
000026.SZ,2022-08-09,9.96,9.96,9.68,9.8,40966.0,40112.52
000026.SZ,2022-08-10,9.78,10.78,9.74,10.78,130716.82,136349.12
000026.SZ,2022-08-11,10.8,10.88,10.41,10.48,176805.81,187097.8
000026.SZ,2022-08-12,10.41,10.58,10.34,10.43,74590.98,77791.91
000026.SZ,2022-08-15,10.37,10.43,10.25,10.33,50964.54,52583.43
000026.SZ,2022-08-16,10.34,10.4,10.26,10.32,38301.04,39529.03
000026.SZ,2022-08-17,10.31,10.37,10.23,10.31,33563.0,34549.67
000026.SZ,2022-08-18,10.26,10.37,10.22,10.32,34307.46,35388.86
000026.SZ,2022-08-19,10.36,10.5,10.18,10.2,44882.96,46376.08
000026.SZ,2022-08-22,10.05,10.23,9.91,10.23,45791.24,46286.34
000026.SZ,2022-08-23,10.2,10.32,10.08,10.26,32591.72,33218.23
000026.SZ,2022-08-24,10.3,10.34,10.03,10.08,39192.72,39820.08
000026.SZ,2022-08-25,10.15,10.16,9.9,10.15,31101.63,31268.91
000026.SZ,2022-08-26,10.16,10.22,9.96,10.0,29283.6,29558.73
000026.SZ,2022-08-29,9.9,10.09,9.81,10.07,21516.0,21489.23
000026.SZ,2022-08-30,10.09,10.21,10.04,10.14,27477.72,27838.45
000026.SZ,2022-08-31,10.08,10.13,9.87,9.93,30188.0,30054.24
000026.SZ,2022-09-01,10.0,10.09,9.89,9.95,15888.0,15840.38
000026.SZ,2022-09-02,9.96,10.14,9.9,10.09,21839.92,21923.24
000026.SZ,2022-09-05,10.11,10.16,10.0,10.12,15271.98,15390.69
000026.SZ,2022-09-06,10.09,10.2,10.08,10.18,25248.02,25620.86
000026.SZ,2022-09-07,10.21,10.24,10.11,10.15,28293.02,28783.74
000026.SZ,2022-09-08,10.14,10.14,10.01,10.05,21769.2,21920.79
000026.SZ,2022-09-09,9.98,10.13,9.97,10.04,26395.32,26492.13
000026.SZ,2022-09-13,10.07,10.28,10.01,10.17,29900.0,30422.47
000026.SZ,2022-09-14,9.98,10.14,9.9,10.07,23165.04,23185.08
000026.SZ,2022-09-15,10.13,10.21,9.79,9.9,32586.0,32542.98
000026.SZ,2022-09-16,9.9,9.91,9.47,9.53,33785.0,32663.19
000026.SZ,2022-09-19,9.45,9.5,9.24,9.31,17348.0,16202.05
000026.SZ,2022-09-20,9.35,9.58,9.35,9.58,15793.9,14988.12
000026.SZ,2022-09-21,9.55,9.64,9.41,9.58,11929.0,11356.29
000026.SZ,2022-09-22,9.5,9.63,9.45,9.46,11727.0,11152.17
000026.SZ,2022-09-23,9.56,9.56,9.27,9.3,11142.91,10433.5
000026.SZ,2022-09-26,9.28,9.28,9.02,9.07,18708.0,17136.14
000026.SZ,2022-09-27,9.18,9.47,9.08,9.44,18778.0,17468.92
000026.SZ,2022-09-28,9.41,9.44,9.19,9.22,16966.0,15817.98
000026.SZ,2022-09-29,9.29,9.44,8.96,9.01,19796.0,18013.65
000026.SZ,2022-09-30,8.99,9.03,8.88,8.9,12409.0,11128.82
000026.SZ,2022-10-10,9.0,9.0,8.69,8.72,12628.0,11145.98
000026.SZ,2022-10-11,8.72,8.86,8.62,8.8,12605.4,11008.69
000026.SZ,2022-10-12,8.79,9.07,8.75,9.05,14882.4,13288.63
000026.SZ,2022-10-13,9.06,9.15,9.0,9.04,13341.01,12104.49
000026.SZ,2022-10-14,9.08,9.2,9.08,9.12,15115.01,13840.13
000026.SZ,2022-10-17,9.08,9.25,9.07,9.25,13570.69,12483.3
000026.SZ,2022-10-18,9.29,9.3,9.2,9.21,11826.0,10927.61
000026.SZ,2022-10-19,9.25,9.25,9.05,9.12,15594.91,14222.51
000026.SZ,2022-10-20,9.13,9.18,9.01,9.07,20318.57,18455.86
000026.SZ,2022-10-21,9.08,9.13,9.03,9.07,11260.83,10221.26
000026.SZ,2022-10-24,9.08,9.13,8.82,8.85,24581.8,22068.4
000026.SZ,2022-10-25,8.83,9.21,8.73,9.15,27728.84,24806.7
000026.SZ,2022-10-26,9.15,9.34,9.06,9.3,36595.12,33780.66
000026.SZ,2022-10-27,9.3,9.56,9.23,9.41,41564.59,39168.94
000026.SZ,2022-10-28,9.36,9.38,9.07,9.17,24284.01,22457.41
000026.SZ,2022-10-31,9.18,9.31,9.09,9.28,18060.0,16685.12
000026.SZ,2022-11-01,9.28,9.41,9.23,9.41,19718.68,18440.63
000026.SZ,2022-11-02,9.41,9.56,9.35,9.54,28850.69,27382.32
000026.SZ,2022-11-03,9.45,9.6,9.42,9.56,16973.67,16163.81
000026.SZ,2022-11-04,9.54,9.72,9.52,9.63,29698.0,28635.75
000026.SZ,2022-11-07,9.64,9.75,9.56,9.71,18205.91,17588.99
000026.SZ,2022-11-08,9.67,9.74,9.62,9.72,13170.6,12738.6
000026.SZ,2022-11-09,9.7,9.74,9.63,9.64,17749.6,17176.01
000026.SZ,2022-11-10,9.61,9.81,9.56,9.77,24880.99,24229.86
000026.SZ,2022-11-11,9.86,9.93,9.76,9.89,34048.1,33556.89
000026.SZ,2022-11-14,9.89,10.34,9.8,10.1,52476.13,52739.67
000026.SZ,2022-11-15,10.07,10.28,9.93,10.19,47085.64,47530.82
000026.SZ,2022-11-16,10.21,10.29,10.1,10.2,24278.0,24765.84
000026.SZ,2022-11-17,10.19,10.25,10.11,10.23,18469.0,18822.21
000026.SZ,2022-11-18,10.25,10.58,10.21,10.49,56455.0,58764.34
000026.SZ,2022-11-21,10.59,10.59,10.3,10.52,34497.0,36071.47
000026.SZ,2022-11-22,10.56,10.61,10.39,10.56,48807.0,51220.31
000026.SZ,2022-11-23,10.62,10.62,10.29,10.36,37914.37,39377.01
000026.SZ,2022-11-24,10.39,10.55,10.31,10.39,31621.91,32985.88
000026.SZ,2022-11-25,10.39,10.41,10.24,10.28,24640.98,25430.92
000026.SZ,2022-11-28,10.28,10.28,10.04,10.15,24926.0,25275.71
000026.SZ,2022-11-29,10.23,10.48,10.12,10.45,37343.6,38664.69
000026.SZ,2022-11-30,10.45,10.5,10.37,10.44,22045.6,22992.96
000026.SZ,2022-12-01,10.61,11.48,10.38,11.48,223558.11,253292.13
000026.SZ,2022-12-02,10.91,11.69,10.75,11.17,288014.99,318426.39
000026.SZ,2022-12-05,11.01,11.32,10.95,11.28,170927.34,190410.48
000026.SZ,2022-12-06,11.25,11.25,10.85,10.9,105115.05,115465.06
000026.SZ,2022-12-07,10.95,10.98,10.73,10.82,74641.92,80817.62
000026.SZ,2022-12-08,10.82,10.95,10.66,10.94,67393.25,72980.35
000026.SZ,2022-12-09,10.99,10.99,10.59,10.73,64742.0,69322.98
000026.SZ,2022-12-12,10.74,10.81,10.64,10.75,35690.0,38337.82
000026.SZ,2022-12-13,10.61,10.77,10.54,10.64,55701.0,59245.14
000026.SZ,2022-12-14,10.58,10.68,10.5,10.53,31941.0,33762.64
000026.SZ,2022-12-15,10.5,10.62,10.38,10.43,37994.91,39736.68
000026.SZ,2022-12-16,10.36,10.46,10.26,10.35,32178.0,33267.03
000026.SZ,2022-12-19,10.39,10.43,10.04,10.11,29256.59,29746.0
000026.SZ,2022-12-20,10.17,10.19,9.96,10.11,24018.59,24196.51
000026.SZ,2022-12-21,10.12,10.2,10.05,10.09,18279.59,18491.5
000026.SZ,2022-12-22,10.19,10.26,10.0,10.08,25552.01,25871.57
000026.SZ,2022-12-23,10.05,10.26,9.88,10.21,43230.96,43681.33
000026.SZ,2022-12-26,10.28,10.3,9.98,10.09,41909.02,42276.48
000026.SZ,2022-12-27,10.06,10.43,10.0,10.36,47361.0,48598.66
000026.SZ,2022-12-28,10.29,10.6,10.27,10.44,49031.0,51129.18
000026.SZ,2022-12-29,10.31,10.39,10.16,10.19,31480.6,32258.17
000026.SZ,2022-12-30,10.26,10.45,10.07,10.44,40936.53,42234.32
000026.SZ,2023-01-03,10.42,10.54,10.33,10.54,39656.91,41560.88
000026.SZ,2023-01-04,10.58,10.8,10.45,10.73,47278.0,50506.34
000026.SZ,2023-01-05,10.77,10.77,10.56,10.66,32211.21,34261.54
000026.SZ,2023-01-06,10.66,10.69,10.49,10.55,28608.0,30294.28
000026.SZ,2023-01-09,10.59,10.67,10.48,10.63,29227.0,30956.18
000026.SZ,2023-01-10,10.65,10.65,10.5,10.53,21248.0,22417.59
000026.SZ,2023-01-11,10.52,10.54,10.36,10.38,21007.0,21915.83
000026.SZ,2023-01-12,11.42,11.42,10.66,10.7,231664.85,257826.18
000026.SZ,2023-01-13,10.64,10.76,10.29,10.57,138363.89,144814.3
000026.SZ,2023-01-16,10.46,10.89,10.4,10.7,82097.0,87723.74
000026.SZ,2023-01-17,10.77,11.77,10.65,11.77,245135.11,281639.45
000026.SZ,2023-01-18,12.95,12.95,12.94,12.95,253870.0,328761.23
000026.SZ,2023-01-19,13.01,13.5,11.93,12.0,571419.55,718189.94
000026.SZ,2023-01-20,11.98,12.2,11.27,11.47,358009.1,415973.03
000026.SZ,2023-01-30,11.67,12.62,11.5,12.25,467289.44,574177.54
000026.SZ,2023-01-31,12.06,12.14,11.71,11.92,272307.16,322432.59
000026.SZ,2023-02-01,11.82,13.11,11.75,13.11,521740.41,663452.23
000026.SZ,2023-02-02,13.22,13.55,12.39,12.49,526945.05,671975.19
000026.SZ,2023-02-03,12.58,13.65,12.58,12.82,442333.68,576179.65
000026.SZ,2023-02-06,12.8,12.9,12.01,12.47,309030.19,381015.91
000026.SZ,2023-02-07,12.24,12.33,11.93,12.2,240794.93,290991.0
000026.SZ,2023-02-08,12.01,12.09,11.86,11.9,158956.38,190128.42
000026.SZ,2023-02-09,11.88,12.08,11.77,12.05,135326.23,162047.38
000026.SZ,2023-02-10,12.04,12.17,11.9,12.07,123207.47,148437.01
000026.SZ,2023-02-13,12.15,12.47,12.09,12.18,154412.24,188668.4
000026.SZ,2023-02-14,12.2,12.27,11.84,11.93,129851.04,155118.35
000026.SZ,2023-02-15,11.82,11.91,11.56,11.72,127238.09,148426.57
000026.SZ,2023-02-16,11.7,11.75,11.2,11.35,119222.03,137744.31
000026.SZ,2023-02-17,11.36,11.45,11.28,11.35,63907.98,72598.54
000026.SZ,2023-02-20,11.44,11.61,11.2,11.6,76854.0,88283.57
000026.SZ,2023-02-21,11.55,11.68,11.51,11.63,61057.0,70764.33
000026.SZ,2023-02-22,11.58,11.63,11.51,11.6,33089.0,38314.51
000026.SZ,2023-02-23,11.61,11.69,11.46,11.56,43583.0,50452.15
000026.SZ,2023-02-24,11.61,11.61,11.46,11.54,33088.0,38111.64
000026.SZ,2023-02-27,11.53,11.59,11.41,11.53,34385.27,39513.09
000026.SZ,2023-02-28,11.56,11.7,11.49,11.65,49285.0,57101.1
000026.SZ,2023-03-01,11.6,11.68,11.55,11.68,46615.0,54200.83
000026.SZ,2023-03-02,11.62,11.76,11.61,11.66,46272.22,54112.43
000026.SZ,2023-03-03,11.63,11.71,11.57,11.67,48377.81,56360.04
000026.SZ,2023-03-06,11.73,11.98,11.68,11.87,110084.5,130280.75
000026.SZ,2023-03-07,11.93,11.93,11.52,11.54,85647.56,100438.9
000026.SZ,2023-03-08,11.54,11.61,11.44,11.6,40892.54,47185.46
000026.SZ,2023-03-09,11.63,11.64,11.38,11.53,40529.77,46578.83
000026.SZ,2023-03-10,11.48,11.49,11.27,11.37,45478.8,51584.3
000026.SZ,2023-03-13,11.33,11.43,11.17,11.38,37340.09,42236.85
000026.SZ,2023-03-14,11.39,11.51,11.25,11.43,42609.0,48491.76
000026.SZ,2023-03-15,11.38,11.7,11.38,11.61,87876.51,101980.85
000026.SZ,2023-03-16,11.58,11.74,11.45,11.62,66866.0,77699.7
000026.SZ,2023-03-17,11.7,11.7,11.5,11.62,57336.84,66435.12
000026.SZ,2023-03-20,11.48,11.53,11.07,11.11,88549.69,98968.7
000026.SZ,2023-03-21,11.19,11.42,11.08,11.32,56359.02,63609.51
000026.SZ,2023-03-22,11.34,11.45,11.31,11.36,32099.39,36486.45
000026.SZ,2023-03-23,11.34,11.34,11.16,11.22,46633.83,52367.85
000026.SZ,2023-03-24,11.28,11.47,11.16,11.43,56043.77,63493.71
000026.SZ,2023-03-27,11.38,11.5,11.14,11.2,56469.0,63564.96
000026.SZ,2023-03-28,11.17,11.19,11.01,11.05,37931.01,42036.49
000026.SZ,2023-03-29,11.14,11.14,10.85,10.85,34872.0,38147.68
000026.SZ,2023-03-30,10.92,10.98,10.82,10.98,26771.21,29183.95
000026.SZ,2023-03-31,10.98,11.05,10.9,11.03,27228.0,29869.72
000026.SZ,2023-04-03,11.04,11.08,10.97,11.06,40108.0,44189.43
000026.SZ,2023-04-04,11.09,11.11,10.87,10.93,35102.39,38485.16
000026.SZ,2023-04-06,10.9,10.92,10.78,10.87,31637.61,34246.78
000026.SZ,2023-04-07,10.8,11.16,10.79,11.04,40356.01,44437.19
000026.SZ,2023-04-10,11.09,11.19,11.01,11.03,37674.99,41732.94
000026.SZ,2023-04-11,11.14,11.14,10.93,11.08,27450.0,30324.73
000026.SZ,2023-04-12,11.2,11.42,11.07,11.27,53867.6,60884.98
000026.SZ,2023-04-13,11.3,11.48,11.23,11.43,51721.0,58859.39
000026.SZ,2023-04-14,11.46,11.48,11.19,11.41,48326.0,54952.61
000026.SZ,2023-04-17,11.47,11.56,11.34,11.49,47897.0,54997.63
000026.SZ,2023-04-18,11.53,11.55,11.35,11.4,40222.0,45966.7
000026.SZ,2023-04-19,11.36,11.5,11.27,11.46,39525.68,45104.51
000026.SZ,2023-04-20,11.42,11.47,11.29,11.47,34340.0,39047.37
000026.SZ,2023-04-21,11.47,11.57,11.25,11.33,34507.0,39303.08
000026.SZ,2023-04-24,11.4,11.4,10.95,11.14,40764.0,45159.21
000026.SZ,2023-04-25,11.25,11.4,10.9,11.21,59916.01,66870.05
000026.SZ,2023-04-26,11.21,11.55,11.03,11.45,54863.0,62336.74
000026.SZ,2023-04-27,11.45,11.69,11.34,11.62,58455.02,67546.67
000026.SZ,2023-04-28,11.6,11.83,11.58,11.76,58711.0,68828.35
000026.SZ,2023-05-04,11.83,11.87,11.69,11.85,54714.19,64501.86
000026.SZ,2023-05-05,11.86,11.86,11.67,11.75,40385.7,47423.67
000026.SZ,2023-05-08,11.75,11.8,11.61,11.76,59681.07,69791.93
000026.SZ,2023-05-09,11.74,11.95,11.64,11.74,71099.74,83951.27
000026.SZ,2023-05-10,11.74,12.43,11.68,12.06,158684.37,192380.17
000026.SZ,2023-05-11,12.1,12.33,12.01,12.25,124394.0,152074.84
000026.SZ,2023-05-12,12.26,12.41,12.1,12.25,84809.65,104179.42
000026.SZ,2023-05-15,12.24,12.25,11.85,12.13,74581.34,89488.29
000026.SZ,2023-05-16,12.18,12.18,11.85,11.9,40503.01,48437.66
000026.SZ,2023-05-17,11.92,12.08,11.81,12.01,29955.92,35870.08
000026.SZ,2023-05-18,12.08,12.08,11.97,12.01,33011.38,39686.59
000026.SZ,2023-05-19,12.03,12.03,11.84,11.9,33059.39,39386.83
000026.SZ,2023-05-22,11.9,11.9,11.66,11.75,33645.82,39495.36
000026.SZ,2023-05-23,11.74,11.78,11.55,11.6,24942.38,29099.95
000026.SZ,2023-05-24,11.55,11.61,11.43,11.45,26546.12,30565.14
000026.SZ,2023-05-25,11.44,11.56,11.35,11.52,32446.38,37147.0
000026.SZ,2023-05-26,11.55,11.62,11.31,11.55,25212.0,28960.09
000026.SZ,2023-05-29,11.64,11.78,11.55,11.62,32674.0,38081.35
000026.SZ,2023-05-30,11.62,11.76,11.54,11.75,30146.0,35207.5
000026.SZ,2023-05-31,11.68,12.22,11.68,12.03,65913.4,79258.91
000026.SZ,2023-06-01,12.01,12.57,11.88,12.42,108076.58,133113.86
000026.SZ,2023-06-02,12.43,12.5,12.3,12.37,70825.0,87846.33
000026.SZ,2023-06-05,12.42,12.78,12.4,12.67,74336.39,94044.78
000026.SZ,2023-06-06,12.7,12.77,12.18,12.24,90570.4,112856.66
000026.SZ,2023-06-07,12.33,12.39,12.11,12.35,37302.01,45724.77
000026.SZ,2023-06-08,12.36,12.36,12.1,12.18,34677.1,42277.38
000026.SZ,2023-06-09,12.18,12.33,12.1,12.18,29018.91,35437.72
000026.SZ,2023-06-12,12.2,12.24,12.04,12.09,34108.01,41377.2
000026.SZ,2023-06-13,12.14,12.24,12.06,12.16,29176.8,35438.33
000026.SZ,2023-06-14,12.2,12.35,12.12,12.26,36725.91,44957.66
000026.SZ,2023-06-15,12.1,12.14,11.88,11.95,36691.0,43884.68
000026.SZ,2023-06-16,12.06,12.4,11.96,12.2,64741.18,78821.08
000026.SZ,2023-06-19,12.1,12.13,11.86,11.98,54945.0,65667.12
000026.SZ,2023-06-20,12.05,12.05,11.79,11.86,38158.81,45225.47
000026.SZ,2023-06-21,11.89,11.89,11.59,11.6,33149.78,38739.56
000026.SZ,2023-06-26,11.6,11.64,11.28,11.35,36831.2,42115.0
000026.SZ,2023-06-27,11.41,11.84,11.41,11.8,44131.0,51753.4
000026.SZ,2023-06-28,11.78,11.83,11.49,11.74,33972.91,39647.7
000026.SZ,2023-06-29,11.74,12.02,11.66,11.94,39691.0,47290.26
000026.SZ,2023-06-30,12.01,12.19,11.93,12.06,34885.0,42150.48
000026.SZ,2023-07-03,12.06,12.18,12.0,12.14,35529.0,42977.15
000026.SZ,2023-07-04,12.14,12.23,12.05,12.14,23871.2,28957.89
000026.SZ,2023-07-05,12.11,12.15,12.0,12.07,23879.0,28831.58
000026.SZ,2023-07-06,12.03,12.14,11.96,12.08,22828.0,27524.74
000026.SZ,2023-07-07,12.08,12.08,11.83,11.97,25183.0,30122.58
000026.SZ,2023-07-10,11.97,12.1,11.87,11.94,20772.0,24789.3
000026.SZ,2023-07-11,11.98,12.2,11.88,12.19,34760.0,41980.23
000026.SZ,2023-07-12,12.19,12.26,11.89,11.95,28147.0,33947.03
000026.SZ,2023-07-13,11.95,12.15,11.93,12.11,28987.0,35031.8
000026.SZ,2023-07-14,12.23,12.24,12.0,12.16,31747.62,38498.01
000026.SZ,2023-07-17,12.14,12.21,11.89,12.14,25481.0,30617.39
000026.SZ,2023-07-18,12.13,12.13,11.99,12.06,17946.0,21618.11
000026.SZ,2023-07-19,12.07,12.34,12.01,12.22,42097.0,51495.72
000026.SZ,2023-07-20,12.27,12.3,12.0,12.05,32516.02,39348.66
000026.SZ,2023-07-21,12.01,12.15,11.93,11.97,29437.0,35382.82
000026.SZ,2023-07-24,12.0,12.07,11.86,11.98,21793.8,26115.93
000026.SZ,2023-07-25,12.08,12.23,12.04,12.21,32779.0,39850.1
000026.SZ,2023-07-26,12.24,12.24,12.05,12.14,27560.0,33395.53
000026.SZ,2023-07-27,12.17,12.19,12.01,12.09,27525.0,33250.28
000026.SZ,2023-07-28,11.95,12.22,11.92,12.19,32395.0,39244.98
000026.SZ,2023-07-31,12.22,12.4,12.17,12.37,44404.0,54509.44
000026.SZ,2023-08-01,12.35,12.69,12.27,12.34,58426.0,72416.27
000026.SZ,2023-08-02,12.23,12.35,12.14,12.26,37230.0,45505.91
000026.SZ,2023-08-03,12.16,12.26,12.07,12.18,25915.0,31462.78
000026.SZ,2023-08-04,12.18,12.26,12.0,12.05,43228.0,52243.08
000026.SZ,2023-08-07,12.0,12.05,11.71,11.76,44150.0,52167.02
000026.SZ,2023-08-08,11.78,11.88,11.62,11.85,36225.8,42703.67
000026.SZ,2023-08-09,11.79,11.84,11.56,11.58,35837.0,41704.77
000026.SZ,2023-08-10,11.61,11.65,11.53,11.58,26256.0,30426.68
000026.SZ,2023-08-11,11.53,11.65,11.31,11.34,34128.0,39037.45
000026.SZ,2023-08-14,11.29,11.37,11.14,11.3,28602.01,32233.17
000026.SZ,2023-08-15,11.31,11.42,11.25,11.38,29798.0,33832.82
000026.SZ,2023-08-16,11.31,11.4,11.24,11.29,21017.0,23755.66
000026.SZ,2023-08-17,11.29,11.5,11.18,11.5,21158.0,24051.25
000026.SZ,2023-08-18,11.48,11.55,11.25,11.28,21347.0,24285.67
000026.SZ,2023-08-21,11.28,11.43,11.22,11.24,20194.0,22845.23
000026.SZ,2023-08-22,11.33,11.33,11.03,11.22,32079.02,35781.92
000026.SZ,2023-08-23,11.36,11.48,11.2,11.3,55881.0,63542.36
000026.SZ,2023-08-24,11.3,11.33,11.0,11.19,47041.8,52651.96
000026.SZ,2023-08-25,11.23,11.23,10.91,10.97,42389.01,46790.6
000026.SZ,2023-08-28,11.5,11.56,11.23,11.26,77090.0,88077.45
000026.SZ,2023-08-29,11.25,11.51,11.15,11.51,38856.0,44291.24
000026.SZ,2023-08-30,11.49,11.67,11.46,11.6,33059.0,38281.15
000026.SZ,2023-08-31,11.56,11.62,11.44,11.51,24478.0,28183.76
000026.SZ,2023-09-01,11.48,11.65,11.46,11.63,25171.86,29129.42
000026.SZ,2023-09-04,11.65,12.0,11.63,11.97,57256.0,67979.04
000026.SZ,2023-09-05,11.94,11.98,11.79,11.85,31146.01,36900.52
000026.SZ,2023-09-06,11.87,11.92,11.76,11.92,29604.02,35127.49
000026.SZ,2023-09-07,11.92,11.94,11.74,11.79,24326.79,28808.55
000026.SZ,2023-09-08,11.7,11.82,11.66,11.75,27045.0,31714.89
000026.SZ,2023-09-11,11.74,11.85,11.64,11.81,30278.0,35585.78
000026.SZ,2023-09-12,11.81,11.85,11.7,11.76,29885.01,35187.71
000026.SZ,2023-09-13,11.79,11.79,11.54,11.65,18151.91,21147.14
000026.SZ,2023-09-14,11.59,11.67,11.51,11.6,25024.0,29007.53
000026.SZ,2023-09-15,11.65,11.76,11.55,11.65,30933.0,36043.22
000026.SZ,2023-09-18,11.71,11.79,11.57,11.75,28968.36,33819.2
000026.SZ,2023-09-19,11.78,11.78,11.56,11.6,18078.37,21009.87
000026.SZ,2023-09-20,11.55,11.64,11.49,11.53,19150.0,22113.05
000026.SZ,2023-09-21,11.5,11.54,11.36,11.47,18012.0,20630.46
000026.SZ,2023-09-22,11.46,11.66,11.35,11.63,22896.06,26425.11
000026.SZ,2023-09-25,11.6,11.68,11.52,11.56,16384.39,18954.77
000026.SZ,2023-09-26,11.61,11.61,11.42,11.5,23411.37,26902.51
000026.SZ,2023-09-27,11.53,11.55,11.39,11.45,28570.0,32700.91
000026.SZ,2023-09-28,11.49,11.66,11.42,11.66,31002.99,35921.81
000026.SZ,2023-10-09,11.59,11.64,11.2,11.3,58504.78,66188.92
000026.SZ,2023-10-10,11.28,11.33,11.11,11.18,37434.0,41884.92
000026.SZ,2023-10-11,11.23,11.31,11.16,11.23,34961.61,39225.86
000026.SZ,2023-10-12,11.21,11.31,11.2,11.27,24861.0,27947.35
000026.SZ,2023-10-13,11.27,11.27,10.94,11.04,43314.0,47813.9
000026.SZ,2023-10-16,11.0,11.17,10.97,11.08,34076.18,37684.18
000026.SZ,2023-10-17,11.14,11.14,10.94,11.07,35033.0,38573.42
000026.SZ,2023-10-18,11.06,11.06,10.79,10.85,33851.71,36801.23
000026.SZ,2023-10-19,10.85,10.87,10.7,10.75,22013.0,23724.47
000026.SZ,2023-10-20,10.78,10.79,10.63,10.69,22006.2,23527.41
000026.SZ,2023-10-23,10.61,10.67,10.02,10.15,71175.34,72991.64
000026.SZ,2023-10-24,10.15,10.25,9.96,10.19,77654.77,78817.71
000026.SZ,2023-10-25,10.21,10.36,10.12,10.24,45060.14,46243.8
000026.SZ,2023-10-26,10.18,10.29,10.09,10.28,41317.71,42018.48
000026.SZ,2023-10-27,10.25,10.5,10.19,10.48,39526.33,41085.97
000026.SZ,2023-10-30,10.49,10.6,10.4,10.59,46487.8,48956.56
000026.SZ,2023-10-31,10.62,10.66,10.54,10.64,26372.0,27955.76
000026.SZ,2023-11-01,10.63,10.66,10.56,10.65,29570.63,31376.18
000026.SZ,2023-11-02,10.64,10.68,10.5,10.55,29559.0,31210.7
000026.SZ,2023-11-03,10.54,10.71,10.42,10.66,24212.98,25718.13
000026.SZ,2023-11-06,10.73,10.81,10.64,10.8,29933.0,32120.55
000026.SZ,2023-11-07,10.8,11.88,10.7,11.88,212865.03,244718.17
000026.SZ,2023-11-08,11.84,12.0,11.52,11.93,246540.5,289229.85
000026.SZ,2023-11-09,11.94,11.98,11.46,11.7,130817.0,152201.07
000026.SZ,2023-11-10,11.64,12.58,11.48,12.19,235005.69,284892.84
000026.SZ,2023-11-13,12.21,12.53,11.87,12.31,168392.73,205905.34
000026.SZ,2023-11-14,12.5,12.65,11.99,12.34,155023.07,190098.84
000026.SZ,2023-11-15,12.34,12.45,12.24,12.27,79168.01,97394.83
000026.SZ,2023-11-16,12.24,12.29,11.85,11.94,125939.6,151157.07
000026.SZ,2023-11-17,11.95,12.15,11.8,12.11,69839.0,83606.21
000026.SZ,2023-11-20,12.05,12.41,12.04,12.32,64327.0,78603.62
000026.SZ,2023-11-21,12.36,12.38,12.19,12.25,52464.0,64382.5
000026.SZ,2023-11-22,12.23,12.3,12.14,12.16,40159.0,49018.2
000026.SZ,2023-11-23,12.16,12.24,12.09,12.2,41557.0,50551.38
000026.SZ,2023-11-24,12.18,12.4,12.07,12.11,44582.0,54366.05
000026.SZ,2023-11-27,12.17,12.18,11.98,12.03,34929.0,42035.42
000026.SZ,2023-11-28,11.99,12.08,11.91,12.01,39286.52,47141.01
000026.SZ,2023-11-29,12.04,12.08,11.8,11.87,59414.22,70899.12
000026.SZ,2023-11-30,11.99,11.99,11.63,11.74,54379.0,63944.59
000026.SZ,2023-12-01,11.73,11.9,11.67,11.89,50625.0,59970.44
000026.SZ,2023-12-04,11.85,11.95,11.78,11.84,42824.0,50802.63
000026.SZ,2023-12-05,11.8,11.81,11.63,11.67,27705.0,32425.52
000026.SZ,2023-12-06,11.62,11.82,11.6,11.8,35034.0,41080.89
000026.SZ,2023-12-07,11.79,11.85,11.65,11.8,33012.0,38810.18
000026.SZ,2023-12-08,11.82,11.84,11.5,11.53,41969.0,48774.86
000026.SZ,2023-12-11,11.48,11.65,11.43,11.63,32191.0,37275.52
000026.SZ,2023-12-12,11.62,11.93,11.55,11.85,34739.0,40972.9
000026.SZ,2023-12-13,11.82,11.82,11.62,11.64,28938.36,33847.86
000026.SZ,2023-12-14,11.68,11.85,11.63,11.69,37699.08,44327.72
000026.SZ,2023-12-15,11.75,11.75,11.55,11.59,29913.0,34703.78
000026.SZ,2023-12-18,11.55,11.62,11.38,11.44,31597.0,36274.66
000026.SZ,2023-12-19,11.49,11.55,11.35,11.46,24634.0,28123.03
000026.SZ,2023-12-20,11.47,11.49,11.29,11.3,21782.0,24809.46
000026.SZ,2023-12-21,11.33,11.45,11.14,11.43,27945.25,31676.55
000026.SZ,2023-12-22,11.42,11.43,11.21,11.25,30993.0,35033.75
000026.SZ,2023-12-25,11.2,11.28,10.98,11.12,34128.0,37872.69
000026.SZ,2023-12-26,11.13,11.13,10.92,10.96,25865.0,28443.08
000026.SZ,2023-12-27,10.88,11.09,10.84,10.95,32438.01,35394.86
000026.SZ,2023-12-28,10.95,11.02,10.81,10.94,55321.98,60403.49
000026.SZ,2023-12-29,10.92,10.99,10.82,10.96,51603.0,56415.72
000026.SZ,2024-01-02,10.96,11.12,10.95,11.03,48927.92,54049.37
000026.SZ,2024-01-03,10.98,11.03,10.87,10.97,39098.0,42760.98
000026.SZ,2024-01-04,10.97,11.03,10.91,11.0,34183.2,37521.7
000026.SZ,2024-01-05,10.99,11.06,10.71,10.82,38641.0,42199.93
000026.SZ,2024-01-08,10.83,10.83,10.5,10.56,39626.0,42194.7
000026.SZ,2024-01-09,10.54,10.75,10.51,10.72,40538.0,43200.61
000026.SZ,2024-01-10,10.71,10.8,10.53,10.71,33654.0,35922.82
000026.SZ,2024-01-11,10.69,10.94,10.66,10.88,39699.0,42934.03
000026.SZ,2024-01-12,10.83,11.0,10.76,10.78,30132.99,32733.25
000026.SZ,2024-01-15,10.78,10.85,10.66,10.78,29041.3,31269.83
000026.SZ,2024-01-16,10.81,10.83,10.51,10.68,30084.08,32083.19
000026.SZ,2024-01-17,10.66,10.73,10.43,10.47,33247.0,35267.48
000026.SZ,2024-01-18,10.42,10.42,9.95,10.23,52616.62,53360.91
000026.SZ,2024-01-19,10.2,11.25,10.16,10.51,155376.9,167302.5
000026.SZ,2024-01-22,10.51,10.71,9.78,9.81,151655.52,155595.92
000026.SZ,2024-01-23,9.8,9.95,9.48,9.8,93044.98,90150.92
000026.SZ,2024-01-24,9.82,10.14,9.67,10.13,71414.0,70865.89
000026.SZ,2024-01-25,10.18,10.9,10.14,10.7,93772.64,99453.24
000026.SZ,2024-01-26,10.74,10.81,10.52,10.55,62707.0,66728.31
000026.SZ,2024-01-29,10.55,10.89,10.35,10.36,74508.0,79156.12
000026.SZ,2024-01-30,10.38,10.48,10.0,10.08,53753.82,55225.4
000026.SZ,2024-01-31,10.04,10.07,9.46,9.51,79198.79,77056.67
000026.SZ,2024-02-01,9.48,9.48,9.07,9.18,70538.79,65269.84
000026.SZ,2024-02-02,9.27,9.38,8.5,8.86,71685.0,64515.76
000026.SZ,2024-02-05,8.75,8.76,7.98,8.17,105932.09,87246.28
000026.SZ,2024-02-06,8.0,8.73,7.8,8.54,95467.39,78506.74
000026.SZ,2024-02-07,8.45,8.7,8.11,8.3,106545.95,89408.55
000026.SZ,2024-02-08,8.31,9.03,8.19,8.99,115480.01,99441.1
000026.SZ,2024-02-19,9.1,9.52,9.09,9.27,96465.82,89363.89
000026.SZ,2024-02-20,9.25,9.25,9.05,9.23,38528.03,35284.78
000026.SZ,2024-02-21,9.17,9.57,9.1,9.27,53407.0,49943.98
000026.SZ,2024-02-22,9.2,9.48,9.2,9.47,42143.0,39432.59
000026.SZ,2024-02-23,9.47,9.56,9.35,9.56,44456.0,42091.54
000026.SZ,2024-02-26,9.55,9.77,9.49,9.59,48931.0,47167.66
000026.SZ,2024-02-27,9.57,9.82,9.52,9.82,43767.01,42375.75
000026.SZ,2024-02-28,9.81,9.95,9.29,9.32,88255.01,85166.87
000026.SZ,2024-02-29,9.24,9.62,9.2,9.62,58038.76,54836.43
000026.SZ,2024-03-01,9.62,9.72,9.53,9.65,42673.76,41050.03
000026.SZ,2024-03-04,9.61,9.68,9.48,9.68,40378.34,38707.89
000026.SZ,2024-03-05,9.58,9.68,9.51,9.55,30595.0,29360.87
000026.SZ,2024-03-06,9.56,9.74,9.49,9.64,34821.0,33504.51
000026.SZ,2024-03-07,9.66,9.86,9.62,9.66,44034.0,42789.13
000026.SZ,2024-03-08,9.77,9.82,9.62,9.73,29785.0,28916.98
000026.SZ,2024-03-11,9.69,9.84,9.65,9.8,36762.1,35802.62
000026.SZ,2024-03-12,9.82,9.98,9.74,9.98,41060.8,40452.14
000026.SZ,2024-03-13,9.97,10.07,9.78,9.99,58781.0,58284.9
000026.SZ,2024-03-14,10.21,10.38,10.07,10.17,104378.62,106690.34
000026.SZ,2024-03-15,10.17,10.46,10.1,10.23,70125.8,71522.58
000026.SZ,2024-03-18,10.25,10.4,10.19,10.37,68990.06,71000.11
000026.SZ,2024-03-19,10.38,10.67,10.33,10.55,82141.88,86582.8
000026.SZ,2024-03-20,10.55,10.98,10.51,10.8,78223.46,83987.62
000026.SZ,2024-03-21,10.78,10.98,10.59,10.87,76048.0,81835.4
000026.SZ,2024-03-22,10.89,11.08,10.68,10.86,74506.0,80907.54
000026.SZ,2024-03-25,10.8,10.85,10.46,10.46,76021.7,80996.76
000026.SZ,2024-03-26,10.5,10.66,10.41,10.6,51061.02,53807.75
000026.SZ,2024-03-27,10.63,10.65,10.33,10.35,41013.0,43066.2
000026.SZ,2024-03-28,10.35,10.62,10.32,10.46,47223.67,49593.91
000026.SZ,2024-03-29,10.47,10.69,10.46,10.63,45916.0,48579.46
000026.SZ,2024-04-01,10.63,10.89,10.63,10.87,53318.6,57359.36
000026.SZ,2024-04-02,10.79,11.08,10.79,10.89,54475.67,59724.24
000026.SZ,2024-04-03,10.88,11.04,10.83,10.95,37445.0,40980.24
000026.SZ,2024-04-08,10.86,10.97,10.71,10.71,47873.33,51912.87
000026.SZ,2024-04-09,10.68,10.93,10.65,10.87,32238.0,34819.06
000026.SZ,2024-04-10,10.91,11.04,10.65,10.76,41057.0,44509.46
000026.SZ,2024-04-11,10.67,10.84,10.64,10.76,38520.0,41458.87
000026.SZ,2024-04-12,10.75,10.95,10.72,10.84,42548.0,46192.88
000026.SZ,2024-04-15,10.75,10.78,10.35,10.63,71815.0,75892.27
000026.SZ,2024-04-16,10.58,10.58,9.96,10.03,79887.36,81102.83
000026.SZ,2024-04-17,10.12,10.68,10.04,10.66,66297.67,69358.38
000026.SZ,2024-04-18,10.61,10.87,10.6,10.69,51977.7,55966.65
000026.SZ,2024-04-19,10.7,10.82,10.63,10.71,32152.67,34452.28
000026.SZ,2024-04-22,10.79,10.89,10.62,10.77,42341.0,45606.76
000026.SZ,2024-04-23,10.7,10.94,10.69,10.88,41469.67,44929.66
000026.SZ,2024-04-24,10.83,10.89,10.71,10.87,38841.0,42034.75
000026.SZ,2024-04-25,10.39,10.39,10.09,10.2,116719.62,118919.76
000026.SZ,2024-04-26,10.22,10.32,10.1,10.28,76109.33,77812.41
000026.SZ,2024-04-29,10.24,10.45,10.22,10.39,48675.0,50409.11
000026.SZ,2024-04-30,10.39,10.47,10.21,10.25,43954.0,45230.62
000026.SZ,2024-05-06,10.31,10.4,10.27,10.36,48007.67,49597.68
000026.SZ,2024-05-07,10.36,10.37,10.23,10.35,36457.67,37568.78
000026.SZ,2024-05-08,10.36,10.38,10.1,10.12,50900.0,51941.15
000026.SZ,2024-05-09,10.13,10.31,10.11,10.27,42407.2,43365.78
000026.SZ,2024-05-10,10.33,10.33,10.14,10.19,42324.0,43151.53
000026.SZ,2024-05-13,10.15,10.17,9.96,10.08,38470.99,38694.56
000026.SZ,2024-05-14,10.07,10.27,10.06,10.24,36853.67,37544.01
000026.SZ,2024-05-15,10.23,10.29,10.12,10.2,28978.67,29549.95
000026.SZ,2024-05-16,10.2,10.25,10.13,10.18,38669.28,39384.1
000026.SZ,2024-05-17,10.17,10.22,10.05,10.2,45034.29,45598.59
000026.SZ,2024-05-20,10.17,10.24,10.15,10.22,38627.0,39394.89
000026.SZ,2024-05-21,10.22,10.22,10.05,10.1,39868.96,40298.42
000026.SZ,2024-05-22,10.12,10.14,10.07,10.13,24641.0,24909.73
000026.SZ,2024-05-23,10.12,10.12,9.91,9.95,38084.0,38108.52
000026.SZ,2024-05-24,9.95,10.0,9.81,9.81,23262.0,23043.69
000026.SZ,2024-05-27,9.88,9.93,9.7,9.9,26148.0,25631.69
000026.SZ,2024-05-28,9.91,9.92,9.7,9.76,33751.0,33053.91
000026.SZ,2024-05-29,9.76,9.83,9.67,9.79,29833.0,29106.28
000026.SZ,2024-05-30,9.74,9.8,9.63,9.7,26348.0,25529.75
000026.SZ,2024-05-31,9.7,9.75,9.55,9.71,32502.0,31427.62
000026.SZ,2024-06-03,9.68,9.68,9.37,9.43,33854.0,32132.97
000026.SZ,2024-06-04,9.53,9.59,9.39,9.58,25851.0,24564.01
000026.SZ,2024-06-05,9.61,9.62,9.36,9.36,19398.0,18363.9
000026.SZ,2024-06-06,9.45,9.45,9.18,9.19,26843.7,24871.02
000026.SZ,2024-06-07,9.25,9.66,9.25,9.62,43597.0,41251.17
000026.SZ,2024-06-11,9.55,9.66,9.38,9.51,41422.62,39261.97
000026.SZ,2024-06-12,9.15,9.2,9.06,9.15,29669.7,27076.37
000026.SZ,2024-06-13,9.15,9.31,9.14,9.24,28737.7,26541.37
000026.SZ,2024-06-14,9.2,9.28,9.16,9.19,20165.0,18556.84
000026.SZ,2024-06-17,9.19,9.19,9.04,9.07,19695.0,17874.77
000026.SZ,2024-06-18,9.08,9.15,9.05,9.12,15530.0,14147.4
000026.SZ,2024-06-19,9.11,9.16,9.07,9.09,15183.0,13816.23
000026.SZ,2024-06-20,9.04,9.11,8.91,8.97,17644.0,15867.16
000026.SZ,2024-06-21,8.91,9.04,8.91,9.04,10086.0,9073.02
000026.SZ,2024-06-24,9.08,9.08,8.65,8.7,24915.42,21867.17
000026.SZ,2024-06-25,8.74,8.88,8.66,8.79,20484.28,18001.24
000026.SZ,2024-06-26,8.78,8.98,8.67,8.98,17923.0,15899.23
000026.SZ,2024-06-27,8.98,8.98,8.72,8.77,18428.0,16262.36
000026.SZ,2024-06-28,8.77,8.91,8.7,8.81,33349.0,29390.87
000026.SZ,2024-07-01,8.76,8.84,8.66,8.83,16867.0,14794.85
000026.SZ,2024-07-02,8.83,9.04,8.83,8.9,21698.0,19368.9
000026.SZ,2024-07-03,8.93,9.32,8.92,9.03,44018.0,40136.25
000026.SZ,2024-07-04,8.98,9.04,8.73,8.8,33712.0,29904.16
000026.SZ,2024-07-05,8.79,8.88,8.66,8.88,13821.0,12145.76
000026.SZ,2024-07-08,8.89,8.89,8.61,8.68,18112.0,15790.04
000026.SZ,2024-07-09,8.65,8.86,8.6,8.84,20608.02,18020.82
000026.SZ,2024-07-10,8.83,8.88,8.78,8.83,16522.82,14585.03
000026.SZ,2024-07-11,8.9,9.07,8.88,9.06,26267.83,23590.59
000026.SZ,2024-07-12,9.08,9.11,8.98,9.03,14711.0,13320.09
000026.SZ,2024-07-15,9.03,9.03,8.9,8.98,10448.0,9354.59
000026.SZ,2024-07-16,8.98,8.98,8.83,8.91,16124.0,14351.19
000026.SZ,2024-07-17,8.89,8.91,8.78,8.84,19337.0,17078.02
000026.SZ,2024-07-18,8.82,8.85,8.68,8.84,17639.0,15457.92
000026.SZ,2024-07-19,8.8,8.87,8.76,8.83,12479.0,11003.88
000026.SZ,2024-07-22,8.84,8.85,8.73,8.83,14775.01,12962.83
000026.SZ,2024-07-23,8.77,8.82,8.68,8.7,10934.0,9546.1
000026.SZ,2024-07-24,8.67,8.7,8.55,8.61,15581.0,13416.77
000026.SZ,2024-07-25,8.62,8.69,8.52,8.66,10170.0,8762.87
000026.SZ,2024-07-26,8.64,8.81,8.64,8.81,15652.0,13709.81
000026.SZ,2024-07-29,8.8,8.84,8.75,8.77,8893.0,7822.33
000026.SZ,2024-07-30,8.77,9.02,8.74,8.9,19971.0,17714.08
000026.SZ,2024-07-31,8.92,9.1,8.89,9.1,30320.0,27409.86
000026.SZ,2024-08-01,9.1,9.11,8.99,9.04,21342.67,19318.22
000026.SZ,2024-08-02,9.01,9.08,8.91,8.96,23352.44,21008.7
000026.SZ,2024-08-05,8.92,9.03,8.8,8.84,16592.97,14796.48
000026.SZ,2024-08-06,8.88,9.0,8.88,8.98,14664.0,13108.49
000026.SZ,2024-08-07,9.04,9.04,8.93,8.99,14782.97,13285.08
000026.SZ,2024-08-08,8.95,9.05,8.89,9.04,16240.0,14640.75
000026.SZ,2024-08-09,9.07,9.09,8.96,8.98,17583.86,15852.07
000026.SZ,2024-08-12,8.95,8.97,8.86,8.91,12713.07,11332.08
000026.SZ,2024-08-13,8.93,8.97,8.85,8.94,10605.86,9449.84
000026.SZ,2024-08-14,8.93,8.99,8.85,8.89,15366.52,13701.79
000026.SZ,2024-08-15,8.89,8.97,8.8,8.9,13063.0,11645.61
000026.SZ,2024-08-16,8.9,9.04,8.84,8.89,25571.0,22802.7
000026.SZ,2024-08-19,8.85,8.95,8.83,8.91,15973.29,14211.18
000026.SZ,2024-08-20,8.91,8.91,8.66,8.74,24894.47,21807.83
000026.SZ,2024-08-21,8.75,8.82,8.58,8.67,22931.59,19943.8
000026.SZ,2024-08-22,8.7,9.08,8.62,8.76,54201.36,47903.07
000026.SZ,2024-08-23,8.6,8.88,8.55,8.75,43257.0,37543.02
000026.SZ,2024-08-26,8.71,8.8,8.62,8.76,18677.98,16290.88
000026.SZ,2024-08-27,8.66,8.76,8.64,8.7,20418.0,17754.59
000026.SZ,2024-08-28,8.72,8.87,8.7,8.81,21638.02,19034.14
000026.SZ,2024-08-29,8.84,9.01,8.78,9.01,35348.01,31666.09
000026.SZ,2024-08-30,9.05,9.37,9.04,9.17,82043.87,75211.67
000026.SZ,2024-09-02,9.09,9.13,8.92,8.95,53365.08,47989.18
000026.SZ,2024-09-03,8.96,9.05,8.9,9.03,31228.31,27991.7
000026.SZ,2024-09-04,8.96,9.0,8.88,8.95,23564.0,21041.77
000026.SZ,2024-09-05,8.95,9.02,8.9,8.98,22260.4,19940.6
000026.SZ,2024-09-06,9.0,9.02,8.85,8.9,23592.0,21085.95
000026.SZ,2024-09-09,8.89,8.91,8.78,8.85,14908.0,13161.23
000026.SZ,2024-09-10,8.88,8.89,8.69,8.87,20791.0,18309.15
000026.SZ,2024-09-11,8.83,8.87,8.76,8.81,14602.02,12858.61
000026.SZ,2024-09-12,8.8,8.85,8.75,8.8,14289.73,12569.5
000026.SZ,2024-09-13,8.8,8.83,8.71,8.77,16414.03,14395.13
000026.SZ,2024-09-18,8.76,8.78,8.58,8.77,17566.49,15239.87
000026.SZ,2024-09-19,8.8,8.95,8.76,8.93,25902.0,23037.48
000026.SZ,2024-09-20,8.96,8.98,8.84,8.91,15818.0,14083.32
000026.SZ,2024-09-23,8.89,8.94,8.85,8.93,14565.0,12977.71
000026.SZ,2024-09-24,8.96,9.12,8.9,9.12,41611.31,37584.01
000026.SZ,2024-09-25,9.2,9.36,9.12,9.19,53178.0,49157.87
000026.SZ,2024-09-26,9.18,9.4,9.14,9.4,45494.0,42346.35
000026.SZ,2024-09-27,9.59,9.83,9.44,9.73,83796.01,80496.61
000026.SZ,2024-09-30,9.97,10.57,9.77,10.43,141491.4,144066.51
000026.SZ,2024-10-08,11.46,11.46,10.38,10.95,156582.37,170111.62
000026.SZ,2024-10-09,10.7,10.75,9.96,9.96,98505.01,101280.0
000026.SZ,2024-10-10,10.0,10.23,9.81,10.06,79065.7,79607.43
000026.SZ,2024-10-11,10.08,10.1,9.58,9.71,68511.09,67193.55
000026.SZ,2024-10-14,9.71,9.87,9.6,9.84,52218.14,51018.72
000026.SZ,2024-10-15,9.82,9.85,9.59,9.63,49213.0,47909.88
000026.SZ,2024-10-16,9.58,9.72,9.54,9.65,32893.3,31704.1
000026.SZ,2024-10-17,9.68,9.78,9.53,9.53,31393.71,30344.48
000026.SZ,2024-10-18,9.57,9.94,9.5,9.81,67804.39,65845.33
000026.SZ,2024-10-21,9.84,9.88,9.71,9.78,82275.77,80554.0
000026.SZ,2024-10-22,9.77,10.43,9.75,10.16,135451.32,135051.45
000026.SZ,2024-10-23,10.09,10.15,9.98,9.99,64608.0,64885.83
000026.SZ,2024-10-24,9.98,10.35,9.96,10.19,83670.0,85239.09
000026.SZ,2024-10-25,10.35,10.49,10.24,10.45,81005.43,84222.38
000026.SZ,2024-10-28,10.44,10.6,10.33,10.57,88504.22,92552.51
000026.SZ,2024-10-29,10.53,10.66,10.3,10.34,74669.9,78235.6
000026.SZ,2024-10-30,10.28,10.47,10.21,10.33,51054.33,52803.6
000026.SZ,2024-10-31,10.33,11.25,10.3,10.83,158876.21,170764.76
000026.SZ,2024-11-01,10.85,10.94,10.28,10.41,98881.54,103923.64
000026.SZ,2024-11-04,10.35,10.65,10.35,10.58,51123.02,53667.12
000026.SZ,2024-11-05,10.6,10.9,10.53,10.79,88202.0,94420.79
000026.SZ,2024-11-06,10.8,10.86,10.64,10.75,68417.22,73564.83
000026.SZ,2024-11-07,10.7,10.88,10.62,10.88,104199.24,112444.15
000026.SZ,2024-11-08,10.88,10.93,10.63,10.77,85994.22,92773.81
000026.SZ,2024-11-11,10.82,10.84,10.68,10.78,74924.85,80637.72
000026.SZ,2024-11-12,10.76,10.85,10.51,10.61,96040.0,102744.03
000026.SZ,2024-11-13,10.53,10.73,10.47,10.7,61834.0,65728.46
000026.SZ,2024-11-14,10.71,10.71,10.39,10.43,54046.04,56930.97
000026.SZ,2024-11-15,10.45,10.57,10.27,10.28,51694.0,53960.93
000026.SZ,2024-11-18,10.42,10.61,10.19,10.3,86522.18,90226.47
000026.SZ,2024-11-19,10.3,10.38,10.11,10.37,52869.0,54277.9
000026.SZ,2024-11-20,10.38,10.48,10.29,10.47,49391.0,51391.32
000026.SZ,2024-11-21,10.41,10.55,10.39,10.5,72457.0,75801.98
000026.SZ,2024-11-22,10.51,10.55,10.09,10.1,51697.54,53434.5
000026.SZ,2024-11-25,10.07,10.3,10.05,10.27,42163.0,43090.85
000026.SZ,2024-11-26,10.23,10.39,10.23,10.35,46667.27,48203.51
000026.SZ,2024-11-27,10.3,10.45,10.12,10.45,49679.0,51256.12
000026.SZ,2024-11-28,10.45,11.18,10.43,10.71,149967.01,162823.76
000026.SZ,2024-11-29,10.72,10.8,10.61,10.7,91930.91,98499.18
000026.SZ,2024-12-02,10.71,10.95,10.71,10.87,80435.01,87106.32
000026.SZ,2024-12-03,10.88,11.04,10.82,11.01,90261.01,98868.14
000026.SZ,2024-12-04,10.97,11.33,10.87,11.1,115719.0,128605.11
000026.SZ,2024-12-05,11.07,11.19,10.98,11.11,63880.01,70817.8
000026.SZ,2024-12-06,11.12,11.28,11.02,11.18,76699.0,85351.5
000026.SZ,2024-12-09,11.18,11.26,10.85,10.96,89642.0,99041.41
000026.SZ,2024-12-10,11.18,11.19,10.89,10.97,85294.0,93848.98
000026.SZ,2024-12-11,10.95,11.4,10.92,11.35,107953.12,121409.63
000026.SZ,2024-12-12,11.29,11.51,11.27,11.45,74658.0,85144.56
000026.SZ,2024-12-13,11.46,11.78,11.3,11.53,97063.07,112161.91
000026.SZ,2024-12-16,11.54,11.69,11.25,11.35,71250.0,81502.78
000026.SZ,2024-12-17,11.32,11.43,10.83,10.92,72631.0,79846.14
000026.SZ,2024-12-18,10.96,11.2,10.81,11.04,52284.1,57665.57
000026.SZ,2024-12-19,10.99,11.03,10.79,10.96,49790.0,54306.88
000026.SZ,2024-12-20,10.93,11.16,10.93,11.03,41307.0,45642.87
000026.SZ,2024-12-23,11.12,11.12,10.47,10.51,70476.01,75401.4
000026.SZ,2024-12-24,10.55,10.74,10.43,10.7,57142.0,60447.09
000026.SZ,2024-12-25,10.68,10.69,10.35,10.5,49823.01,52242.66
000026.SZ,2024-12-26,10.48,10.71,10.45,10.68,38797.0,41308.99
000026.SZ,2024-12-27,10.77,10.88,10.65,10.81,37482.0,40487.4
000026.SZ,2024-12-30,10.72,10.75,10.58,10.6,34271.0,36473.65
000026.SZ,2024-12-31,10.64,10.67,10.33,10.37,47593.4,49831.78
000026.SZ,2025-01-02,10.37,10.6,10.19,10.3,47077.0,49057.28
000026.SZ,2025-01-03,10.32,10.38,9.79,9.83,51757.0,51812.32
000026.SZ,2025-01-06,9.8,9.87,9.48,9.73,47779.0,46334.41
000026.SZ,2025-01-07,9.75,9.87,9.65,9.86,33246.24,32448.98
000026.SZ,2025-01-08,9.83,9.87,9.5,9.8,36638.0,35621.4
000026.SZ,2025-01-09,9.73,9.82,9.64,9.7,47946.0,46573.28
000026.SZ,2025-01-10,9.68,9.72,9.43,9.45,53076.0,50747.12
000026.SZ,2025-01-13,9.39,9.54,9.18,9.52,43456.99,40820.7
000026.SZ,2025-01-14,9.53,9.8,9.51,9.8,45685.0,44239.55
000026.SZ,2025-01-15,9.75,9.91,9.72,9.84,38195.0,37478.29
000026.SZ,2025-01-16,9.89,10.05,9.83,9.91,30473.0,30295.89
000026.SZ,2025-01-17,9.91,9.91,9.79,9.86,30042.0,29575.78
000026.SZ,2025-01-20,9.99,10.05,9.87,9.99,28641.99,28600.72
000026.SZ,2025-01-21,10.05,10.06,9.83,9.93,24755.01,24497.79
000026.SZ,2025-01-22,9.9,9.93,9.73,9.79,25288.0,24753.98
000026.SZ,2025-01-23,9.84,9.92,9.77,9.8,29184.24,28784.0
000026.SZ,2025-01-24,9.79,9.97,9.72,9.96,31345.67,30885.32
000026.SZ,2025-01-27,9.99,10.19,9.96,10.03,28989.0,29278.18
000026.SZ,2025-02-05,10.09,10.09,9.87,9.96,30159.34,30057.2
000026.SZ,2025-02-06,9.96,10.12,9.9,10.12,48279.54,48314.65
000026.SZ,2025-02-07,10.1,10.36,10.07,10.21,70267.4,71550.52
000026.SZ,2025-02-10,10.23,10.42,10.16,10.37,71013.6,72974.56
000026.SZ,2025-02-11,10.4,10.55,10.36,10.49,56763.78,59322.24
000026.SZ,2025-02-12,10.45,10.54,10.32,10.47,56949.64,59314.48
000026.SZ,2025-02-13,10.43,10.49,10.33,10.36,58988.0,61422.72
000026.SZ,2025-02-14,10.4,10.4,10.27,10.32,34076.6,35183.32
000026.SZ,2025-02-17,10.35,10.4,10.28,10.38,43178.0,44628.32
000026.SZ,2025-02-18,10.38,10.43,10.13,10.19,36035.4,37133.45
000026.SZ,2025-02-19,10.2,10.34,10.15,10.33,42808.02,43803.95
000026.SZ,2025-02-20,10.36,10.53,10.26,10.52,66909.83,69871.58
000026.SZ,2025-02-21,10.46,10.67,10.38,10.52,73829.24,77521.96
000026.SZ,2025-02-24,10.52,10.55,10.33,10.39,71882.6,74895.73
000026.SZ,2025-02-25,10.35,10.42,10.26,10.33,43173.87,44593.77
000026.SZ,2025-02-26,10.3,10.49,10.3,10.42,57702.94,60095.12
000026.SZ,2025-02-27,10.45,11.19,10.41,11.13,188597.2,205282.22
000026.SZ,2025-02-28,11.0,11.25,10.86,10.92,130229.82,143360.26
000026.SZ,2025-03-03,10.98,11.07,10.75,10.86,79121.38,85995.33
000026.SZ,2025-03-04,10.86,10.92,10.8,10.89,69415.42,75308.85
000026.SZ,2025-03-05,10.89,10.95,10.73,10.89,54439.61,59052.02
000026.SZ,2025-03-06,10.92,11.09,10.83,10.96,99074.1,108731.75
000026.SZ,2025-03-07,10.98,11.16,10.91,10.99,57408.6,63274.09
000026.SZ,2025-03-10,11.05,11.1,10.89,11.01,50238.83,55130.57
000026.SZ,2025-03-11,10.92,11.07,10.85,11.07,62491.8,68457.84
000026.SZ,2025-03-12,11.07,11.4,11.01,11.11,130281.43,144792.73
000026.SZ,2025-03-13,11.11,11.11,10.75,10.94,65614.0,71579.64
000026.SZ,2025-03-14,10.93,11.08,10.83,11.03,108236.01,118405.58
000026.SZ,2025-03-17,11.03,11.26,11.03,11.11,153924.21,171579.23
000026.SZ,2025-03-18,11.08,11.12,10.94,11.09,96200.06,105871.63
000026.SZ,2025-03-19,11.1,11.59,11.09,11.45,183401.43,208923.86
000026.SZ,2025-03-20,11.34,11.49,11.28,11.37,91124.6,103706.27
000026.SZ,2025-03-21,11.46,11.47,11.06,11.12,75136.43,84281.6
000026.SZ,2025-03-24,11.15,11.39,10.89,11.09,81886.0,91077.28
000026.SZ,2025-03-25,11.09,11.37,11.0,11.24,67011.8,75161.5
000026.SZ,2025-03-26,11.23,11.33,11.14,11.29,63276.0,71165.39
000026.SZ,2025-03-27,11.3,11.3,11.04,11.16,54534.0,60776.24
000026.SZ,2025-03-28,11.15,11.18,11.0,11.05,44159.0,48876.64
000026.SZ,2025-03-31,11.0,11.1,10.83,10.96,58174.0,63683.43
000026.SZ,2025-04-01,10.95,11.18,10.95,11.03,41219.0,45666.84
000026.SZ,2025-04-02,11.0,11.15,10.94,11.07,35742.0,39491.34
000026.SZ,2025-04-03,10.96,11.05,10.88,10.98,38840.0,42586.13
000026.SZ,2025-04-07,10.38,10.58,9.88,9.88,76509.0,76742.74
000026.SZ,2025-04-08,9.87,9.94,9.34,9.52,103254.8,98937.48
000026.SZ,2025-04-09,9.43,9.84,8.99,9.76,85410.34,80655.97
000026.SZ,2025-04-10,9.85,10.21,9.85,9.99,90492.0,90837.66
000026.SZ,2025-04-11,10.0,10.18,9.96,10.07,46786.0,47150.5
000026.SZ,2025-04-14,10.15,10.34,10.13,10.26,43519.34,44632.94
000026.SZ,2025-04-15,10.22,10.39,10.19,10.39,43283.4,44666.02
000026.SZ,2025-04-16,10.39,10.43,10.13,10.34,40752.0,41879.52
000026.SZ,2025-04-17,10.31,10.48,10.28,10.38,53078.0,55212.43
000026.SZ,2025-04-18,10.29,10.37,10.13,10.16,49797.68,50843.12
000026.SZ,2025-04-21,10.16,10.26,10.08,10.26,36997.0,37694.37
000026.SZ,2025-04-22,10.23,10.34,10.2,10.34,32950.0,33818.32
000026.SZ,2025-04-23,10.39,10.44,10.32,10.37,35401.0,36752.37
000026.SZ,2025-04-24,10.3,10.47,10.26,10.3,48434.0,50217.26
000026.SZ,2025-04-25,10.28,10.35,10.15,10.3,44021.0,45239.51
000026.SZ,2025-04-28,10.3,10.38,10.12,10.17,39633.0,40485.11
000026.SZ,2025-04-29,10.19,10.35,10.08,10.31,34217.9,35209.29
000026.SZ,2025-04-30,10.27,10.37,10.17,10.21,46381.0,47535.11
000026.SZ,2025-05-06,10.22,10.3,10.18,10.3,45208.01,46281.31
000026.SZ,2025-05-07,10.43,10.54,10.31,10.41,55968.8,58256.76
000026.SZ,2025-05-08,10.35,10.57,10.31,10.56,45363.71,47455.76
000026.SZ,2025-05-09,11.53,11.62,11.08,11.62,224435.68,259447.6
000026.SZ,2025-05-12,12.06,12.78,11.88,12.14,645167.18,801107.82
000026.SZ,2025-05-13,11.9,12.1,11.42,11.63,420962.8,493464.01
000026.SZ,2025-05-14,11.52,12.07,11.52,11.64,256512.24,299515.26
000026.SZ,2025-05-15,11.53,11.64,11.18,11.25,204873.26,231010.32
000026.SZ,2025-05-16,11.21,12.37,11.15,12.08,333871.74,394683.68
000026.SZ,2025-05-19,12.86,13.05,12.56,12.76,324327.63,414451.55
000026.SZ,2025-05-20,12.83,13.44,12.65,13.05,244233.32,318379.83
000026.SZ,2025-05-21,13.13,13.18,12.62,12.93,144971.85,187155.18
000026.SZ,2025-05-22,13.03,13.41,12.81,13.13,179581.77,236777.9
000026.SZ,2025-05-23,13.12,13.12,12.43,12.54,189337.57,240760.83
000026.SZ,2025-05-26,12.68,13.79,12.68,13.65,418059.51,565442.8
000026.SZ,2025-05-27,13.75,14.54,13.4,14.17,385645.1,538500.21
000026.SZ,2025-05-28,13.78,14.48,13.77,14.34,284029.22,401032.21
000026.SZ,2025-05-29,14.3,14.45,13.85,14.38,233256.17,331026.45
000026.SZ,2025-05-30,14.37,14.47,13.88,14.2,148677.8,209856.02
000026.SZ,2025-06-03,14.17,14.95,14.0,14.71,151090.63,219014.18
000026.SZ,2025-06-04,14.72,14.83,14.38,14.8,117452.88,171800.28
000026.SZ,2025-06-05,13.93,13.93,13.32,13.32,88140.0,117894.78
000026.SZ,2025-06-06,13.32,13.32,12.51,12.94,290751.09,372972.56
000026.SZ,2025-06-09,12.92,13.28,12.71,13.11,161966.6,211247.53
000026.SZ,2025-06-10,13.25,13.25,11.98,12.45,296336.28,368260.47
000026.SZ,2025-06-11,12.53,12.56,12.33,12.39,118087.01,146580.88
000026.SZ,2025-06-12,12.41,12.49,12.23,12.31,95725.0,117963.68
000026.SZ,2025-06-13,12.3,12.43,11.8,11.89,144323.67,173564.72
000026.SZ,2025-06-16,11.97,11.98,11.83,11.89,81290.0,96677.58
000026.SZ,2025-06-17,11.9,11.93,11.58,11.76,129769.0,151669.43
000026.SZ,2025-06-18,11.7,11.78,11.48,11.75,108721.71,126594.28
000026.SZ,2025-06-19,11.65,11.74,11.42,11.46,75792.61,87627.09
000026.SZ,2025-06-20,11.5,11.56,11.22,11.25,70573.0,80021.02
000026.SZ,2025-06-23,11.23,11.59,11.12,11.51,127894.46,145941.91
000026.SZ,2025-06-24,11.56,11.72,11.48,11.53,131444.6,152061.42
000026.SZ,2025-06-25,11.61,12.06,11.58,11.88,193457.9,229377.52
000026.SZ,2025-06-26,11.83,13.07,11.79,13.07,262710.0,328360.66
000026.SZ,2025-06-27,13.1,14.38,12.71,14.38,524967.11,730161.38
000026.SZ,2025-06-30,15.82,15.82,15.82,15.82,84559.15,133772.58
000026.SZ,2025-07-01,17.4,17.4,16.11,16.51,852026.09,1451644.27
000026.SZ,2025-07-02,16.28,18.16,16.1,18.16,870001.61,1548791.48
000026.SZ,2025-07-03,17.7,18.99,17.3,18.8,694407.3,1260458.21
000026.SZ,2025-07-04,18.52,18.94,16.92,17.48,615297.95,1086097.85
000026.SZ,2025-07-07,17.1,17.81,16.82,17.16,366486.55,632357.51
000026.SZ,2025-07-08,17.38,17.39,16.48,16.77,287454.65,481605.73
000026.SZ,2025-07-09,16.94,18.45,16.55,17.4,641219.39,1135253.2
000026.SZ,2025-07-10,17.18,17.34,16.08,16.48,414812.01,684864.87
000026.SZ,2025-07-11,16.25,16.75,16.07,16.45,260522.14,424707.56
000026.SZ,2025-07-14,16.4,16.75,16.25,16.46,203780.8,335069.96
000026.SZ,2025-07-15,16.66,17.5,16.17,16.45,275771.5,458776.43
000026.SZ,2025-07-16,16.29,16.72,15.93,16.41,202125.73,329287.38
000026.SZ,2025-07-17,16.41,17.86,16.26,17.61,392110.32,673308.16
000026.SZ,2025-07-18,17.5,17.76,16.95,17.16,258564.97,445364.66
000026.SZ,2025-07-21,17.72,18.88,17.26,18.51,430453.32,786863.61
000026.SZ,2025-07-22,18.0,19.16,17.55,17.75,350817.84,640517.7
000026.SZ,2025-07-23,17.22,17.71,17.06,17.37,219866.56,380835.17
000026.SZ,2025-07-24,17.28,17.67,17.01,17.48,156919.99,272154.76
000026.SZ,2025-07-25,17.48,17.64,17.22,17.44,101691.17,177177.96
000026.SZ,2025-07-28,17.6,18.78,17.17,17.42,307778.61,553800.38
000026.SZ,2025-07-29,17.1,17.93,16.81,17.88,211143.64,366804.25
000026.SZ,2025-07-30,17.86,17.99,16.68,16.9,196650.47,337897.84
000026.SZ,2025-07-31,16.9,17.09,16.51,16.6,143955.1,241102.42
000026.SZ,2025-08-01,16.59,16.85,16.18,16.45,140944.0,231587.44
000026.SZ,2025-08-04,16.76,18.0,16.34,17.67,315667.99,542062.62
000026.SZ,2025-08-05,17.87,17.95,16.9,16.96,307342.89,529344.52
000026.SZ,2025-08-06,16.8,17.56,16.79,17.15,260179.99,447638.2
000026.SZ,2025-08-07,17.15,18.87,17.14,18.87,418704.48,763652.54
000026.SZ,2025-08-08,19.45,19.65,17.51,17.72,554828.14,1017782.58
000026.SZ,2025-08-11,17.38,19.49,17.38,19.49,144249.86,274870.19
000026.SZ,2025-08-12,20.01,21.44,19.5,21.44,562651.19,1139731.87
000026.SZ,2025-08-13,21.99,23.07,20.5,21.73,685244.61,1487931.34
000026.SZ,2025-08-14,21.29,21.5,19.56,19.63,500881.03,1015723.79
000026.SZ,2025-08-15,19.5,20.11,19.07,19.99,332753.88,653388.77
000026.SZ,2025-08-18,19.67,19.87,18.76,19.73,362011.79,699521.83
000026.SZ,2025-08-19,19.74,19.74,18.95,18.99,259597.5,496887.81
000026.SZ,2025-08-20,18.95,19.25,18.8,19.12,161021.25,307350.3
000026.SZ,2025-08-21,19.15,19.24,18.5,18.97,181566.5,341858.36
000026.SZ,2025-08-22,18.98,18.99,18.45,18.82,172942.05,323331.32
000026.SZ,2025-08-25,18.69,19.66,18.58,19.46,292203.19,558506.2
000026.SZ,2025-08-26,19.3,19.4,19.01,19.09,164096.7,314659.19
000026.SZ,2025-08-27,19.2,19.2,18.3,18.3,134837.17,254642.89
000026.SZ,2025-08-28,18.0,18.35,16.84,17.58,229382.63,401551.84
000026.SZ,2025-08-29,17.54,17.8,17.18,17.47,110767.9,193098.44
000026.SZ,2025-09-01,17.61,17.92,17.42,17.54,99055.89,174692.01
000026.SZ,2025-09-02,17.71,18.38,16.8,18.12,236566.2,413013.69
000026.SZ,2025-09-03,17.86,17.86,16.87,16.92,136446.75,236540.23
000026.SZ,2025-09-04,16.98,16.98,16.01,16.21,101749.0,167989.76
000026.SZ,2025-09-05,16.28,16.82,16.08,16.71,83463.72,137605.93
000026.SZ,2025-09-08,16.71,16.84,16.56,16.82,72587.03,121202.52
000026.SZ,2025-09-09,16.82,17.39,16.7,17.08,120057.26,205696.49
000026.SZ,2025-09-10,17.04,17.15,16.81,17.0,58962.98,100243.27
000026.SZ,2025-09-11,17.12,17.12,16.78,17.03,68468.0,115934.11
000026.SZ,2025-09-12,17.1,17.13,16.81,17.08,76207.82,129426.65
000026.SZ,2025-09-15,17.01,17.07,16.8,16.95,52852.0,89478.09
000026.SZ,2025-09-16,17.04,17.98,16.86,17.88,175494.84,308703.93
000026.SZ,2025-09-17,17.73,18.0,17.5,17.81,84260.75,149694.63
000026.SZ,2025-09-18,17.83,17.94,17.08,17.35,94275.0,165765.58
000026.SZ,2025-09-19,17.41,17.41,16.9,17.04,50020.0,85427.29
000026.SZ,2025-09-22,17.18,17.18,16.47,16.63,70516.0,117525.31
000026.SZ,2025-09-23,16.63,16.72,16.04,16.53,62143.33,101521.85
000026.SZ,2025-09-24,16.68,16.68,16.32,16.51,47577.0,78296.31
000026.SZ,2025-09-25,16.42,16.88,16.33,16.56,66701.9,110868.09
000026.SZ,2025-09-26,16.45,16.56,16.25,16.42,37593.0,61638.36
000026.SZ,2025-09-29,16.4,16.42,16.09,16.27,40181.05,65279.49
000026.SZ,2025-09-30,16.44,16.49,16.2,16.32,34662.0,56731.19
000026.SZ,2025-10-09,16.45,16.45,16.18,16.4,43117.0,70422.97
000026.SZ,2025-10-10,16.32,16.68,16.28,16.45,40871.0,67410.08
000026.SZ,2025-10-13,16.0,16.55,15.57,16.5,53040.4,85550.14
000026.SZ,2025-10-14,16.69,16.74,16.31,16.44,55830.83,92436.68
000026.SZ,2025-10-15,16.53,16.98,16.3,16.73,63642.0,106143.4
000026.SZ,2025-10-16,16.76,16.97,16.52,16.6,56140.2,94173.04
000026.SZ,2025-10-17,16.74,16.74,16.08,16.21,43456.45,70931.52
000026.SZ,2025-10-20,16.32,16.62,16.2,16.46,40776.0,67152.91
000026.SZ,2025-10-21,16.51,18.11,16.42,17.73,251569.64,439357.39
000026.SZ,2025-10-22,17.62,17.62,16.85,17.05,178687.84,304668.85
000026.SZ,2025-10-23,17.1,17.1,16.65,16.8,77280.0,129772.7
000026.SZ,2025-10-24,16.87,16.91,16.65,16.7,62046.65,103925.67
000026.SZ,2025-10-27,16.65,17.0,16.52,16.74,63531.0,106421.76
000026.SZ,2025-10-28,16.75,16.75,16.23,16.4,80978.0,133010.84
000026.SZ,2025-10-29,16.37,16.48,16.25,16.47,39583.0,64866.93
000026.SZ,2025-10-30,16.49,16.49,16.16,16.24,50268.01,81848.5
000026.SZ,2025-10-31,16.37,16.41,16.21,16.34,33637.81,54925.65
000026.SZ,2025-11-03,16.48,16.48,16.18,16.34,45368.0,73897.98
000026.SZ,2025-11-04,16.34,16.37,16.12,16.26,32616.8,52926.62
000026.SZ,2025-11-05,16.07,16.29,16.0,16.28,27164.03,44025.02
000026.SZ,2025-11-06,16.28,16.35,16.1,16.23,42698.0,69281.46
000026.SZ,2025-11-07,16.14,16.18,15.89,16.05,50917.65,81634.81
000026.SZ,2025-11-10,16.13,16.13,15.79,16.03,38640.0,61575.85
000026.SZ,2025-11-11,16.1,16.1,15.86,15.96,35839.65,57241.48
000026.SZ,2025-11-12,15.9,16.0,15.79,15.8,33191.0,52618.2
000026.SZ,2025-11-13,15.83,15.91,15.53,15.85,55900.23,87830.64
000026.SZ,2025-11-14,15.81,16.16,15.72,15.86,37717.85,60292.57
000026.SZ,2025-11-17,15.91,16.03,15.78,15.96,26041.85,41465.7
000026.SZ,2025-11-18,16.02,16.02,15.82,15.88,19727.0,31363.06
000026.SZ,2025-11-19,15.88,15.95,15.53,15.67,29317.5,46014.17
000026.SZ,2025-11-20,15.78,15.78,15.1,15.23,49055.01,75228.57
000026.SZ,2025-11-21,15.1,15.32,14.74,14.96,56910.17,85465.0
000026.SZ,2025-11-24,14.96,15.41,14.8,15.28,37718.93,57276.27
000026.SZ,2025-11-25,15.3,15.45,15.23,15.28,31108.0,47719.0
000026.SZ,2025-11-26,15.35,15.43,15.21,15.23,23317.0,35696.22
000026.SZ,2025-11-27,15.18,15.4,15.12,15.28,21614.0,33073.26
000026.SZ,2025-11-28,15.26,15.36,15.13,15.35,23562.01,35893.7
000026.SZ,2025-12-01,15.4,15.75,15.35,15.5,39549.0,61437.11
000026.SZ,2025-12-02,15.5,15.5,15.14,15.22,34735.0,53062.38
000026.SZ,2025-12-03,15.15,15.28,15.03,15.1,23992.0,36257.79
000026.SZ,2025-12-04,15.11,15.18,14.9,15.07,27803.0,41864.67
000026.SZ,2025-12-05,15.07,15.22,14.94,15.14,35902.97,54207.1
000026.SZ,2025-12-08,15.08,15.29,15.07,15.25,30892.0,46963.9
000026.SZ,2025-12-09,15.25,15.49,15.19,15.23,31347.0,48102.11
000026.SZ,2025-12-10,15.23,15.38,15.12,15.33,23503.0,35898.23
000026.SZ,2025-12-11,15.39,15.4,14.88,14.91,45454.0,68197.37
000026.SZ,2025-12-12,14.91,15.02,14.68,14.93,43851.0,65150.64
000026.SZ,2025-12-15,14.87,15.1,14.8,15.0,33079.0,49593.27
000026.SZ,2025-12-16,15.06,15.06,14.75,14.81,24422.0,36291.46
000026.SZ,2025-12-17,14.86,15.05,14.61,15.03,32440.0,48119.62
000026.SZ,2025-12-18,15.03,15.43,14.9,15.31,43058.21,65897.06
000026.SZ,2025-12-19,15.41,15.68,15.27,15.53,55114.79,85598.71
000026.SZ,2025-12-22,15.61,15.61,15.27,15.33,40185.01,61742.23
000026.SZ,2025-12-23,15.3,15.3,15.01,15.12,28256.05,42793.98
000026.SZ,2025-12-24,15.17,15.2,14.98,15.15,59855.0,90184.82
000026.SZ,2025-12-25,15.15,15.6,15.12,15.43,61575.0,94934.94
000026.SZ,2025-12-26,15.37,15.47,15.12,15.22,40159.0,61319.41
000026.SZ,2025-12-29,15.23,15.24,15.03,15.12,33392.55,50438.49
000026.SZ,2025-12-30,15.24,15.24,14.82,14.89,49255.0,73490.36
000026.SZ,2025-12-31,14.99,16.38,14.96,16.38,214683.34,339476.34
000026.SZ,2026-01-05,16.57,16.57,16.15,16.4,225649.68,368280.22
000026.SZ,2026-01-06,16.4,16.77,16.38,16.7,186613.86,309941.61
000026.SZ,2026-01-07,16.71,17.28,16.55,16.75,177251.97,300719.86
000026.SZ,2026-01-08,16.74,17.77,16.63,17.18,193174.06,330973.95
000026.SZ,2026-01-09,17.18,17.47,16.78,17.4,193416.72,330226.42
000026.SZ,2026-01-12,17.4,17.67,17.13,17.41,168981.17,293890.09
000026.SZ,2026-01-13,17.65,17.65,16.68,16.76,142792.9,242688.27
000026.SZ,2026-01-14,16.75,17.3,16.71,16.95,128572.61,219179.26
000026.SZ,2026-01-15,16.94,16.95,16.48,16.6,80287.02,133482.88
000026.SZ,2026-01-16,16.59,16.72,16.45,16.64,65040.18,107930.84
000026.SZ,2026-01-19,16.63,17.36,16.63,17.25,138444.28,237549.62
000026.SZ,2026-01-20,17.25,17.25,16.6,16.78,88800.0,149846.23
000026.SZ,2026-01-21,16.7,16.77,16.45,16.64,57446.6,95600.21
000026.SZ,2026-01-22,16.7,16.85,16.52,16.68,54164.7,90289.73
000026.SZ,2026-01-23,16.7,17.1,16.57,16.93,76791.08,129841.39
000026.SZ,2026-01-26,16.93,16.99,16.36,16.6,89200.45,148569.24
000026.SZ,2026-01-27,16.51,16.61,15.92,16.23,82127.0,132882.99
000026.SZ,2026-01-28,16.32,16.33,15.89,16.08,80891.0,130406.77
000026.SZ,2026-01-29,16.06,16.13,15.79,15.95,74413.0,118663.48
000026.SZ,2026-01-30,15.95,15.98,15.6,15.86,41415.0,65452.99
000026.SZ,2026-02-02,15.69,15.75,15.36,15.39,51311.02,79977.44
000026.SZ,2026-02-03,15.65,15.65,15.24,15.47,39634.0,61022.94
000026.SZ,2026-02-04,15.5,15.81,15.41,15.67,40993.99,64133.0
000026.SZ,2026-02-05,15.66,15.69,15.49,15.54,27617.01,43007.31
000026.SZ,2026-02-06,15.56,15.63,15.38,15.47,37376.01,58022.62
000026.SZ,2026-02-09,15.61,15.65,15.45,15.65,35231.0,54853.46
000026.SZ,2026-02-10,15.68,15.9,15.63,15.65,47126.0,74183.33
000026.SZ,2026-02-11,15.75,15.92,15.57,15.69,33758.0,53193.97
000026.SZ,2026-02-12,15.77,15.77,15.38,15.44,48992.01,75843.13
000026.SZ,2026-02-13,15.37,15.58,15.36,15.43,26216.4,40586.92
000026.SZ,2026-02-24,15.62,15.82,15.5,15.72,47586.4,74790.11
000026.SZ,2026-02-25,15.81,15.81,15.61,15.68,37921.0,59495.4
000026.SZ,2026-02-26,15.79,16.07,15.73,15.87,49725.58,79067.07
000026.SZ,2026-02-27,15.95,15.96,15.71,15.83,39136.0,61717.17
000026.SZ,2026-03-02,15.65,15.8,15.33,15.59,61247.0,95217.14
000026.SZ,2026-03-03,15.65,15.69,14.86,14.91,59512.76,90484.33
000026.SZ,2026-03-04,14.77,14.98,14.66,14.82,36443.22,53984.92
000026.SZ,2026-03-05,15.05,15.14,14.89,14.99,36228.8,54388.82
000026.SZ,2026-03-06,15.01,15.38,14.89,15.32,35159.9,53319.1
000026.SZ,2026-03-09,15.05,15.39,15.03,15.16,39019.0,59153.82
000026.SZ,2026-03-10,15.28,15.77,15.18,15.54,39330.76,60877.56
000026.SZ,2026-03-11,15.7,15.7,15.35,15.44,32310.17,49905.4
000026.SZ,2026-03-12,15.45,15.56,15.32,15.4,32118.63,49599.94
000026.SZ,2026-03-13,15.37,15.4,15.01,15.1,37492.76,56985.86
000026.SZ,2026-03-16,14.95,15.01,14.18,14.56,88905.07,128628.03
000026.SZ,2026-03-17,14.63,14.63,14.23,14.34,31264.0,45141.52
000026.SZ,2026-03-18,14.34,14.55,14.25,14.52,28147.0,40529.08
000026.SZ,2026-03-19,14.3,14.48,14.04,14.12,29622.0,42090.13
000026.SZ,2026-03-20,14.17,14.28,13.88,13.93,32353.09,45544.31
000026.SZ,2026-03-23,13.5,13.73,13.03,13.16,50553.5,67575.02
000026.SZ,2026-03-24,13.52,13.78,13.31,13.74,54798.0,74330.1
000026.SZ,2026-03-25,13.78,14.75,13.69,14.36,77452.01,110820.42
000026.SZ,2026-03-26,14.45,14.68,14.07,14.2,36559.63,52497.8
000026.SZ,2026-03-27,14.08,14.37,13.95,14.34,35368.0,50261.78
000026.SZ,2026-03-30,14.09,14.33,14.04,14.17,17925.0,25370.36
000026.SZ,2026-03-31,14.28,14.39,13.84,13.92,27613.0,38788.03
000026.SZ,2026-04-01,14.1,14.15,13.9,14.07,24177.0,33858.37
000026.SZ,2026-04-02,14.08,14.6,14.01,14.41,67641.44,96712.66
000026.SZ,2026-04-03,14.54,14.68,14.12,14.4,43528.01,62488.39
000026.SZ,2026-04-07,14.55,14.55,14.15,14.29,25839.09,36981.7
000026.SZ,2026-04-08,14.45,14.75,14.37,14.73,43705.8,63833.91
000026.SZ,2026-04-09,14.65,14.74,14.48,14.63,30752.0,44910.16
000026.SZ,2026-04-10,14.7,15.41,14.6,14.92,74387.0,111971.27
000026.SZ,2026-04-13,15.75,16.41,15.16,16.41,112227.37,179274.3
000026.SZ,2026-04-14,17.0,17.51,15.93,16.2,256352.46,423038.82
000026.SZ,2026-04-15,16.12,17.82,15.91,17.82,366135.69,627411.17
000026.SZ,2026-04-16,17.5,17.89,17.06,17.73,363859.84,634260.25
000026.SZ,2026-04-17,17.5,18.05,17.5,17.62,187660.46,332260.95
000026.SZ,2026-06-05,21.36,23.25,21.01,22.56,199884.0,443437.63
000026.SZ,2026-06-08,21.99,22.14,21.08,21.35,135198.0,292152.0
000026.SZ,2026-06-09,21.66,22.08,21.22,21.9,99974.0,216155.19
000026.SZ,2026-06-10,21.73,21.73,20.66,21.26,99707.14,210705.39
000026.SZ,2026-06-11,20.99,21.49,20.79,20.97,75004.0,158088.38
000026.SZ,2026-06-12,21.2,21.58,20.22,20.41,116005.0,239527.0
000026.SZ,2026-06-15,20.41,20.91,20.14,20.66,106880.0,219295.12
000026.SZ,2026-06-16,20.66,21.08,20.41,20.76,89261.83,185065.24
000026.SZ,2026-06-17,20.98,21.83,20.68,21.32,135302.01,287952.08
000026.SZ,2026-06-18,21.2,21.5,20.37,21.31,115744.29,243341.91
000026.SZ,2026-06-22,21.3,21.99,20.61,21.81,150192.0,319654712.84
000026.SZ,2026-06-23,21.79,22.01,20.98,21.65,146355.0,315453897.0
000026.SZ,2026-06-24,21.61,22.15,20.81,21.82,147457.0,318234308.75
000026.SZ,2026-06-25,21.65,22.15,20.58,20.82,141361.0,297992847.24
000026.SZ,2026-06-26,20.65,20.75,19.63,19.72,119195.0,239941798.27
000026.SZ,2026-06-29,19.68,20.01,18.96,19.58,104423.0,202866867.18
000026.SZ,2026-06-30,19.26,21.54,19.05,21.54,138323.0,282087250.0
000026.SZ,2026-07-01,22.26,22.45,20.9,21.05,147655.0,314641418.77
000026.SZ,2026-07-03,21.6,22.45,21.26,21.89,193686.0,423885.03
000026.SZ,2026-07-06,21.9,22.86,21.22,21.67,208678.2,460370.08
000026.SZ,2026-07-07,21.28,21.78,20.36,20.51,127986.0,266700.22
000026.SZ,2026-07-08,20.38,20.5,18.8,18.8,144371.29,279241.27
000026.SZ,2026-07-09,18.77,19.11,17.89,18.75,121683.14,225163.62
000026.SZ,2026-07-10,18.86,20.49,18.68,19.54,144595.59,283935.1
000026.SZ,2026-07-13,19.25,19.25,17.59,17.59,115274.0,207634.78
000026.SZ,2026-07-14,17.28,18.49,16.8,18.28,101569.0,182358.6
000026.SZ,2026-07-15,18.74,18.88,18.1,18.41,70840.2,130408.49
000026.SZ,2026-07-16,18.2,18.35,17.78,18.0,61961.99,111739.45
000026.SZ,2026-07-17,17.95,18.05,16.52,16.94,82610.0,141813.36
000026.SZ,2026-07-20,17.36,17.36,15.28,15.63,108663.0,175491.23
000026.SZ,2026-07-21,15.8,16.35,14.5,16.3,122589.46,189812.31
000026.SZ,2026-07-22,16.31,16.42,15.77,15.95,69487.0,111496.25
000026.SZ,2026-07-23,15.85,16.14,15.7,15.92,56479.0,89623.97
000026.SZ,2026-07-24,15.78,16.13,15.55,15.93,47301.2,75209.6
000026.SZ,2026-07-27,15.87,16.71,15.81,16.5,54452.0,88935.84
000026.SZ,2026-07-28,16.34,16.63,15.8,15.9,42610.0,68807.12
000026.SZ,2026-07-29,15.94,16.11,15.62,16.1,46213.17,73347.08
000026.SZ,2026-07-30,15.99,17.27,15.95,16.2,104042.93,171953.24
000026.SZ,2026-07-31,16.5,16.73,16.3,16.37,66160.19,109139.47
000026.SZ,2026-08-03,16.31,16.55,15.45,15.71,119909.49,190567.66
000026.SZ,2026-08-04,15.97,16.37,15.5,16.34,156833.0,250479.68
000026.SZ,2026-08-05,16.13,17.16,16.05,17.08,135618.69,226794.01
000026.SZ,2026-08-06,16.99,17.57,16.8,17.09,120157.0,205729.98
000026.SZ,2026-08-07,16.51,17.47,16.51,17.34,138303.0,234678.23
000026.SZ,2026-08-10,17.29,19.07,17.29,19.07,156141.85,285069.42
000026.SZ,2026-08-11,19.09,20.64,18.66,20.03,275563.84,543835.95
000026.SZ,2026-08-12,19.94,21.08,19.71,20.77,215432.09,442144.28
000026.SZ,2026-08-13,20.78,21.88,20.65,21.15,199479.2,423892.51
000026.SZ,2026-08-14,21.12,21.24,20.62,20.92,117078.94,244622.39
000026.SZ,2026-08-17,20.94,23.01,20.78,23.01,176573.14,394711.43
000026.SZ,2026-08-18,23.13,23.61,22.8,23.19,194616.01,450768.51
000026.SZ,2026-08-19,22.96,22.96,21.0,21.05,158064.0,343710.52
000026.SZ,2026-08-20,21.98,22.0,20.98,21.16,102087.0,218120.11
000026.SZ,2026-08-21,21.0,21.3,20.35,21.16,143340.52,300175.63
000026.SZ,2026-08-24,21.42,21.52,19.04,19.71,149173.96,295075.33
000026.SZ,2026-08-25,19.5,20.5,19.1,20.25,120788.26,239693.43
000026.SZ,2026-08-26,20.4,20.66,19.97,20.17,83601.0,169705.02
000026.SZ,2026-08-27,20.0,20.56,19.8,20.45,79337.35,160918.15
000026.SZ,2026-08-28,20.6,20.74,19.96,20.07,78023.0,158529.81
000026.SZ,2026-08-31,19.71,20.35,19.64,20.31,78493.0,157064.41
000026.SZ,2026-09-01,20.55,20.67,19.93,20.16,73781.69,148968.93
000026.SZ,2026-09-02,19.96,20.0,19.48,19.82,62951.5,124065.54
000026.SZ,2026-09-03,20.08,20.2,19.47,19.77,56939.8,112797.94
000026.SZ,2026-09-04,20.88,21.65,19.57,19.75,175757.77,361246.32
000026.SZ,2026-09-07,19.62,21.58,19.59,21.13,172773.0,359930.75
000026.SZ,2026-09-08,21.21,21.24,19.69,19.77,174283.06,350047.11
000026.SZ,2026-09-09,19.9,19.98,19.32,19.38,77642.81,152163.0
000026.SZ,2026-09-10,19.3,19.42,19.0,19.15,60375.06,115823.38
000026.SZ,2026-09-11,19.06,19.06,18.06,18.52,88940.81,163728.37
000026.SZ,2026-09-14,18.52,18.56,18.0,18.23,62409.0,113797.81
000026.SZ,2026-09-15,18.24,18.58,18.09,18.33,38876.0,71348.51
000026.SZ,2026-09-16,18.31,19.06,18.18,18.95,57077.02,106609.64
000026.SZ,2026-09-17,18.94,19.28,18.81,18.88,46982.0,89279.34
000026.SZ,2026-09-18,19.14,20.09,19.01,19.79,106403.01,209456.41
