symbol,datetime,open,high,low,close,volume,amount
01884.HK,2013-12-03,0.78,0.78,0.71,0.72,34856000.0,0.0
01884.HK,2013-12-04,0.72,0.72,0.66,0.68,12380000.0,0.0
01884.HK,2013-12-05,0.69,0.7,0.67,0.68,4836000.0,0.0
01884.HK,2013-12-06,0.68,0.69,0.67,0.69,1964000.0,0.0
01884.HK,2013-12-09,0.69,0.71,0.69,0.69,2756000.0,0.0
01884.HK,2013-12-10,0.69,0.7,0.68,0.68,1128000.0,0.0
01884.HK,2013-12-11,0.69,0.69,0.67,0.68,1548000.0,0.0
01884.HK,2013-12-12,0.67,0.67,0.66,0.67,1692000.0,0.0
01884.HK,2013-12-13,0.67,0.7,0.67,0.69,1864000.0,0.0
01884.HK,2013-12-16,0.69,0.83,0.67,0.83,25408000.0,0.0
01884.HK,2013-12-17,0.85,0.86,0.77,0.77,8692000.0,0.0
01884.HK,2013-12-18,0.76,0.81,0.74,0.8,7508000.0,0.0
01884.HK,2013-12-19,0.81,0.81,0.71,0.71,4716000.0,0.0
01884.HK,2013-12-20,0.72,0.75,0.7,0.73,5504000.0,0.0
01884.HK,2013-12-23,0.72,0.77,0.72,0.74,1368000.0,0.0
01884.HK,2013-12-24,0.74,0.76,0.74,0.76,692000.0,0.0
01884.HK,2013-12-27,0.74,0.78,0.74,0.78,2148000.0,0.0
01884.HK,2013-12-30,0.78,0.8,0.76,0.78,2392000.0,0.0
01884.HK,2013-12-31,0.78,0.79,0.77,0.79,676000.0,0.0
01884.HK,2014-01-02,0.77,0.79,0.76,0.79,988000.0,0.0
01884.HK,2014-01-03,0.76,0.8,0.76,0.8,2308000.0,0.0
01884.HK,2014-01-06,0.8,0.83,0.77,0.78,6760000.0,0.0
01884.HK,2014-01-07,0.78,0.8,0.77,0.77,2124000.0,0.0
01884.HK,2014-01-08,0.78,0.78,0.76,0.78,1656000.0,0.0
01884.HK,2014-01-09,0.78,0.78,0.76,0.76,1224000.0,0.0
01884.HK,2014-01-10,0.76,0.79,0.76,0.79,856000.0,0.0
01884.HK,2014-01-13,0.79,0.79,0.77,0.78,740000.0,0.0
01884.HK,2014-01-14,0.78,0.79,0.76,0.78,1204000.0,0.0
01884.HK,2014-01-15,0.76,0.77,0.75,0.76,424000.0,0.0
01884.HK,2014-01-16,0.76,0.78,0.75,0.78,1244000.0,0.0
01884.HK,2014-01-17,0.77,0.78,0.77,0.78,952000.0,0.0
01884.HK,2014-01-20,0.77,0.78,0.76,0.78,1252000.0,0.0
01884.HK,2014-01-21,0.78,0.78,0.77,0.78,532000.0,0.0
01884.HK,2014-01-22,0.76,0.78,0.76,0.78,1404000.0,0.0
01884.HK,2014-01-23,0.78,0.78,0.76,0.77,408000.0,0.0
01884.HK,2014-01-24,0.75,0.78,0.75,0.78,716000.0,0.0
01884.HK,2014-01-27,0.76,0.77,0.74,0.76,1880000.0,0.0
01884.HK,2014-01-28,0.76,0.76,0.75,0.76,268000.0,0.0
01884.HK,2014-01-29,0.76,0.77,0.75,0.77,656000.0,0.0
01884.HK,2014-01-30,0.75,0.77,0.74,0.77,192000.0,0.0
01884.HK,2014-02-04,0.75,0.78,0.75,0.78,872000.0,0.0
01884.HK,2014-02-05,0.76,0.78,0.76,0.78,416000.0,0.0
01884.HK,2014-02-06,0.76,0.77,0.76,0.77,40000.0,0.0
01884.HK,2014-02-07,0.75,0.78,0.75,0.75,548000.0,0.0
01884.HK,2014-02-10,0.75,0.77,0.74,0.77,880000.0,0.0
01884.HK,2014-02-11,0.75,0.75,0.74,0.75,1456000.0,0.0
01884.HK,2014-02-12,0.75,0.77,0.75,0.77,860000.0,0.0
01884.HK,2014-02-13,0.75,0.77,0.75,0.77,364000.0,0.0
01884.HK,2014-02-14,0.76,0.76,0.75,0.76,172000.0,0.0
01884.HK,2014-02-17,0.76,0.78,0.76,0.78,2340000.0,0.0
01884.HK,2014-02-18,0.78,0.87,0.77,0.84,11588000.0,0.0
01884.HK,2014-02-19,0.85,0.92,0.81,0.92,11784000.0,0.0
01884.HK,2014-02-20,0.94,1.32,0.93,1.26,39816000.0,0.0
01884.HK,2014-02-21,1.25,1.52,1.19,1.21,19648000.0,0.0
01884.HK,2014-02-24,1.24,1.37,1.21,1.22,8560000.0,0.0
01884.HK,2014-02-25,1.21,1.24,1.14,1.2,4332000.0,0.0
01884.HK,2014-02-26,1.17,1.23,1.14,1.18,1244000.0,0.0
01884.HK,2014-02-27,1.18,1.32,1.18,1.25,5980000.0,0.0
01884.HK,2014-02-28,1.26,1.26,1.18,1.2,2732000.0,0.0
01884.HK,2014-03-03,1.2,1.23,1.16,1.16,1860000.0,0.0
01884.HK,2014-03-04,1.16,1.2,1.16,1.2,548000.0,0.0
01884.HK,2014-03-05,1.2,1.2,1.17,1.18,600000.0,0.0
01884.HK,2014-03-06,1.17,1.17,1.13,1.16,760000.0,0.0
01884.HK,2014-03-07,1.14,1.18,1.12,1.17,856000.0,0.0
01884.HK,2014-03-10,1.11,1.12,1.08,1.12,1320000.0,0.0
01884.HK,2014-03-11,1.12,1.17,1.11,1.13,652000.0,0.0
01884.HK,2014-03-12,1.1,1.16,1.09,1.12,1016000.0,0.0
01884.HK,2014-03-13,1.12,1.21,1.1,1.21,2544000.0,0.0
01884.HK,2014-03-14,1.24,1.38,1.21,1.24,9552000.0,0.0
01884.HK,2014-03-17,1.25,1.35,1.23,1.27,4792000.0,0.0
01884.HK,2014-03-18,1.27,1.27,1.25,1.26,408000.0,0.0
01884.HK,2014-03-19,1.24,1.29,1.2,1.27,4068000.0,0.0
01884.HK,2014-03-20,1.28,1.28,1.21,1.21,1008000.0,0.0
01884.HK,2014-03-21,1.26,1.26,1.21,1.24,5468000.0,0.0
01884.HK,2014-03-24,1.26,1.26,1.2,1.22,704000.0,0.0
01884.HK,2014-03-25,1.22,1.22,1.18,1.19,820000.0,0.0
01884.HK,2014-03-26,1.19,1.22,1.16,1.18,356000.0,0.0
01884.HK,2014-03-27,1.17,1.19,1.15,1.17,4680000.0,0.0
01884.HK,2014-03-28,1.17,1.18,1.17,1.17,32000.0,0.0
01884.HK,2014-03-31,1.15,1.25,1.12,1.2,964000.0,0.0
01884.HK,2014-04-01,1.18,1.18,1.17,1.17,172000.0,0.0
01884.HK,2014-04-02,1.19,1.2,1.18,1.18,260000.0,0.0
01884.HK,2014-04-03,1.19,1.2,1.18,1.2,348000.0,0.0
01884.HK,2014-04-04,1.19,1.27,1.19,1.23,840000.0,0.0
01884.HK,2014-04-07,1.23,1.23,1.21,1.22,184000.0,0.0
01884.HK,2014-04-08,1.22,1.25,1.2,1.21,160000.0,0.0
01884.HK,2014-04-09,1.2,1.2,1.2,1.2,60000.0,0.0
01884.HK,2014-04-10,1.2,1.25,1.2,1.24,692000.0,0.0
01884.HK,2014-04-11,1.23,1.23,1.19,1.2,208000.0,0.0
01884.HK,2014-04-14,1.2,1.2,1.18,1.18,140000.0,0.0
01884.HK,2014-04-15,1.18,1.18,1.17,1.17,228000.0,0.0
01884.HK,2014-04-16,1.17,1.22,1.17,1.19,112000.0,0.0
01884.HK,2014-04-17,1.19,1.2,1.19,1.2,24000.0,0.0
01884.HK,2014-04-22,1.2,1.2,1.18,1.18,24000.0,0.0
01884.HK,2014-04-23,1.18,1.18,1.15,1.15,40000.0,0.0
01884.HK,2014-04-24,1.15,1.25,1.15,1.17,308000.0,0.0
01884.HK,2014-04-25,1.17,1.17,1.17,1.17,32000.0,0.0
01884.HK,2014-04-28,1.16,1.16,1.1,1.16,984000.0,0.0
01884.HK,2014-04-29,1.12,1.14,1.12,1.13,188000.0,0.0
01884.HK,2014-04-30,1.13,1.13,1.13,1.13,128000.0,0.0
01884.HK,2014-05-02,1.12,1.12,1.12,1.12,0.0,0.0
01884.HK,2014-05-05,1.12,1.12,1.08,1.08,108000.0,0.0
01884.HK,2014-05-07,1.01,1.02,0.98,0.98,1076000.0,0.0
01884.HK,2014-05-08,1.0,1.09,1.0,1.02,624000.0,0.0
01884.HK,2014-05-09,1.07,1.07,1.03,1.04,92000.0,0.0
01884.HK,2014-05-12,1.1,1.1,1.01,1.05,80000.0,0.0
01884.HK,2014-05-13,1.06,1.06,1.06,1.06,4000.0,0.0
01884.HK,2014-05-14,1.06,1.06,1.06,1.06,0.0,0.0
01884.HK,2014-05-15,1.01,1.08,1.01,1.08,44000.0,0.0
01884.HK,2014-05-16,1.09,1.1,1.08,1.08,64000.0,0.0
01884.HK,2014-05-19,1.02,1.07,1.02,1.05,140000.0,0.0
01884.HK,2014-05-20,1.0,1.05,1.0,1.03,228000.0,0.0
01884.HK,2014-05-21,1.02,1.08,1.02,1.05,120000.0,0.0
01884.HK,2014-05-22,1.07,1.07,1.03,1.04,64000.0,0.0
01884.HK,2014-05-23,1.04,1.04,1.04,1.04,0.0,0.0
01884.HK,2014-05-26,1.03,1.05,1.03,1.05,120000.0,0.0
01884.HK,2014-05-27,1.03,1.09,1.03,1.09,60000.0,0.0
01884.HK,2014-05-28,1.04,1.05,1.04,1.05,28000.0,0.0
01884.HK,2014-05-29,1.08,1.08,1.05,1.06,96000.0,0.0
01884.HK,2014-05-30,1.07,1.08,1.07,1.08,8000.0,0.0
01884.HK,2014-06-03,1.08,1.23,1.08,1.19,912000.0,0.0
01884.HK,2014-06-04,1.2,1.2,1.18,1.18,260000.0,0.0
01884.HK,2014-06-05,1.18,1.18,1.18,1.18,32000.0,0.0
01884.HK,2014-06-06,1.17,1.17,1.06,1.11,244000.0,0.0
01884.HK,2014-06-09,1.11,1.11,1.11,1.11,32000.0,0.0
01884.HK,2014-06-10,1.08,1.1,1.08,1.1,116000.0,0.0
01884.HK,2014-06-11,1.1,1.11,1.1,1.1,116000.0,0.0
01884.HK,2014-06-12,1.1,1.1,1.09,1.09,112000.0,0.0
01884.HK,2014-06-13,1.09,1.11,1.09,1.11,96000.0,0.0
01884.HK,2014-06-16,1.11,1.11,1.1,1.1,52000.0,0.0
01884.HK,2014-06-17,1.08,1.13,1.08,1.13,52000.0,0.0
01884.HK,2014-06-18,1.13,1.18,1.13,1.17,2364000.0,0.0
01884.HK,2014-06-19,1.17,1.3,1.17,1.29,6512000.0,0.0
01884.HK,2014-06-20,1.29,1.29,1.23,1.27,1304000.0,0.0
01884.HK,2014-06-23,1.22,1.22,1.14,1.14,1324000.0,0.0
01884.HK,2014-06-24,1.14,1.14,1.04,1.06,1032000.0,0.0
01884.HK,2014-06-25,1.04,1.15,1.04,1.12,544000.0,0.0
01884.HK,2014-06-26,1.12,1.14,1.08,1.11,508000.0,0.0
01884.HK,2014-06-27,1.09,1.1,1.08,1.1,180000.0,0.0
01884.HK,2014-06-30,1.08,1.08,1.08,1.08,136000.0,0.0
01884.HK,2014-07-02,1.08,1.08,1.06,1.08,152000.0,0.0
01884.HK,2014-07-03,1.06,1.08,1.06,1.08,224000.0,0.0
01884.HK,2014-07-04,1.05,1.05,1.04,1.05,404000.0,0.0
01884.HK,2014-07-07,1.07,1.12,1.03,1.05,1688000.0,0.0
01884.HK,2014-07-08,1.05,1.07,1.05,1.05,196000.0,0.0
01884.HK,2014-07-09,1.05,1.09,1.01,1.02,1292000.0,0.0
01884.HK,2014-07-10,1.05,1.07,1.01,1.01,1808000.0,0.0
01884.HK,2014-07-11,1.05,1.06,1.01,1.02,2032000.0,0.0
01884.HK,2014-07-14,1.03,1.05,1.02,1.05,788000.0,0.0
01884.HK,2014-07-15,1.05,1.05,1.03,1.03,88000.0,0.0
01884.HK,2014-07-16,1.02,1.03,1.01,1.03,236000.0,0.0
01884.HK,2014-07-17,1.03,1.03,1.01,1.02,424000.0,0.0
01884.HK,2014-07-18,1.03,1.04,1.02,1.02,486000.0,0.0
01884.HK,2014-07-21,1.04,1.04,1.03,1.03,100000.0,0.0
01884.HK,2014-07-22,1.02,1.04,1.02,1.04,412000.0,0.0
01884.HK,2014-07-23,1.03,1.03,1.02,1.02,524000.0,0.0
01884.HK,2014-07-24,1.02,1.03,1.01,1.02,332000.0,0.0
01884.HK,2014-07-25,1.02,1.02,1.0,1.01,224000.0,0.0
01884.HK,2014-07-28,0.98,1.01,0.98,1.0,164000.0,0.0
01884.HK,2014-07-29,1.0,1.02,0.99,1.02,144000.0,0.0
01884.HK,2014-07-30,1.0,1.02,1.0,1.02,240000.0,0.0
01884.HK,2014-07-31,1.02,1.02,1.02,1.02,52000.0,0.0
01884.HK,2014-08-01,1.0,1.0,1.0,1.0,8000.0,0.0
01884.HK,2014-08-04,1.0,1.0,1.0,1.0,236000.0,0.0
01884.HK,2014-08-05,1.0,1.0,1.0,1.0,156000.0,0.0
01884.HK,2014-08-06,1.02,1.03,1.02,1.03,56000.0,0.0
01884.HK,2014-08-07,1.01,1.06,1.0,1.01,264000.0,0.0
01884.HK,2014-08-08,1.04,1.05,1.03,1.04,136000.0,0.0
01884.HK,2014-08-11,1.07,1.31,1.07,1.27,11428000.0,0.0
01884.HK,2014-08-12,1.36,1.65,1.27,1.3,14784000.0,0.0
01884.HK,2014-08-13,1.34,1.34,1.2,1.24,3024000.0,0.0
01884.HK,2014-08-14,1.2,1.2,1.13,1.14,2240000.0,0.0
01884.HK,2014-08-15,1.16,1.16,1.11,1.13,868000.0,0.0
01884.HK,2014-08-18,1.13,1.19,1.1,1.19,924000.0,0.0
01884.HK,2014-08-19,1.19,1.19,1.13,1.14,900000.0,0.0
01884.HK,2014-08-20,1.12,1.18,1.12,1.17,204000.0,0.0
01884.HK,2014-08-21,1.12,1.17,1.12,1.12,540000.0,0.0
01884.HK,2014-08-22,1.12,1.16,1.12,1.13,284000.0,0.0
01884.HK,2014-08-25,1.13,1.14,1.12,1.13,152000.0,0.0
01884.HK,2014-08-26,1.13,1.13,1.1,1.1,812000.0,0.0
01884.HK,2014-08-27,1.12,1.13,1.11,1.12,484000.0,0.0
01884.HK,2014-08-28,1.13,1.13,1.11,1.11,760000.0,0.0
01884.HK,2014-08-29,1.11,1.12,1.11,1.11,348000.0,0.0
01884.HK,2014-09-01,1.12,1.15,1.12,1.14,276000.0,0.0
01884.HK,2014-09-02,1.14,1.15,1.11,1.13,388000.0,0.0
01884.HK,2014-09-03,1.13,1.13,1.1,1.11,336000.0,0.0
01884.HK,2014-09-04,1.11,1.13,1.1,1.1,280000.0,0.0
01884.HK,2014-09-05,1.11,1.15,1.1,1.13,740000.0,0.0
01884.HK,2014-09-08,1.13,1.14,1.11,1.12,1100000.0,0.0
01884.HK,2014-09-10,1.11,1.11,1.08,1.09,940000.0,0.0
01884.HK,2014-09-11,1.09,1.12,1.09,1.09,1000000.0,0.0
01884.HK,2014-09-12,1.09,1.09,1.09,1.09,200000.0,0.0
01884.HK,2014-09-15,1.08,1.11,1.08,1.08,152000.0,0.0
01884.HK,2014-09-16,1.1,1.13,1.1,1.13,244000.0,0.0
01884.HK,2014-09-17,1.11,1.13,1.1,1.13,200000.0,0.0
01884.HK,2014-09-18,1.13,1.16,1.13,1.15,920000.0,0.0
01884.HK,2014-09-19,1.16,1.24,1.15,1.2,1928010.0,0.0
01884.HK,2014-09-22,1.22,1.27,1.2,1.26,2583990.0,0.0
01884.HK,2014-09-23,1.37,1.39,1.16,1.17,7768000.0,0.0
01884.HK,2014-09-24,1.2,1.2,1.15,1.16,1580000.0,0.0
01884.HK,2014-09-25,1.16,1.16,1.11,1.12,932000.0,0.0
01884.HK,2014-09-26,1.1,1.12,1.09,1.12,760000.0,0.0
01884.HK,2014-09-29,1.08,1.18,1.07,1.1,1612000.0,0.0
01884.HK,2014-09-30,1.09,1.14,1.08,1.11,560000.0,0.0
01884.HK,2014-10-03,1.11,1.14,1.1,1.13,196000.0,0.0
01884.HK,2014-10-06,1.13,1.13,1.1,1.1,872000.0,0.0
01884.HK,2014-10-07,1.1,1.12,1.08,1.1,948000.0,0.0
01884.HK,2014-10-08,1.1,1.12,1.09,1.09,896000.0,0.0
01884.HK,2014-10-09,1.09,1.1,1.08,1.08,816000.0,0.0
01884.HK,2014-10-10,1.08,1.1,1.08,1.09,156000.0,0.0
01884.HK,2014-10-13,1.08,1.11,1.08,1.09,664000.0,0.0
01884.HK,2014-10-14,1.08,1.09,1.08,1.09,80000.0,0.0
01884.HK,2014-10-15,1.09,1.09,1.09,1.09,200000.0,0.0
01884.HK,2014-10-16,1.08,1.1,1.07,1.08,384000.0,0.0
01884.HK,2014-10-17,1.07,1.08,1.07,1.08,204000.0,0.0
01884.HK,2014-10-20,1.08,1.08,1.07,1.08,68000.0,0.0
01884.HK,2014-10-21,1.06,1.08,1.06,1.08,424000.0,0.0
01884.HK,2014-10-22,1.08,1.08,1.06,1.06,132000.0,0.0
01884.HK,2014-10-23,1.06,1.07,1.06,1.06,380000.0,0.0
01884.HK,2014-10-24,1.05,1.05,1.04,1.05,268000.0,0.0
01884.HK,2014-10-27,1.0,1.04,1.0,1.0,2904000.0,0.0
01884.HK,2014-10-28,1.01,1.02,1.0,1.01,276000.0,0.0
01884.HK,2014-10-29,1.01,1.03,1.01,1.01,376000.0,0.0
01884.HK,2014-10-30,1.01,1.03,1.0,1.03,260000.0,0.0
01884.HK,2014-10-31,1.04,1.04,1.02,1.02,52000.0,0.0
01884.HK,2014-11-03,1.01,1.02,1.01,1.01,396000.0,0.0
01884.HK,2014-11-04,1.01,1.03,1.0,1.03,336000.0,0.0
01884.HK,2014-11-05,1.01,1.03,1.01,1.03,204000.0,0.0
01884.HK,2014-11-06,1.03,1.03,1.02,1.02,108000.0,0.0
01884.HK,2014-11-07,1.02,1.02,1.01,1.02,204000.0,0.0
01884.HK,2014-11-10,1.01,1.02,1.0,1.01,484000.0,0.0
01884.HK,2014-11-11,1.03,1.03,1.0,1.02,52000.0,0.0
01884.HK,2014-11-12,1.02,1.02,1.02,1.02,24000.0,0.0
01884.HK,2014-11-13,0.98,1.01,0.98,1.01,132000.0,0.0
01884.HK,2014-11-14,1.0,1.01,1.0,1.01,112000.0,0.0
01884.HK,2014-11-17,1.01,1.01,0.98,0.98,336000.0,0.0
01884.HK,2014-11-18,0.99,0.99,0.96,0.97,428000.0,0.0
01884.HK,2014-11-19,1.02,1.03,1.0,1.01,548000.0,0.0
01884.HK,2014-11-20,1.03,1.06,1.0,1.01,772000.0,0.0
01884.HK,2014-11-21,1.01,1.01,1.0,1.0,256000.0,0.0
01884.HK,2014-11-24,1.01,1.02,1.0,1.02,316000.0,0.0
01884.HK,2014-11-25,1.0,1.0,1.0,1.0,188000.0,0.0
01884.HK,2014-11-26,1.01,1.01,1.0,1.01,84000.0,0.0
01884.HK,2014-11-27,1.01,1.01,0.99,1.0,152000.0,0.0
01884.HK,2014-11-28,1.0,1.03,0.98,1.0,288000.0,0.0
01884.HK,2014-12-01,1.0,1.0,0.99,0.99,44000.0,0.0
01884.HK,2014-12-02,1.02,1.02,1.0,1.02,172000.0,0.0
01884.HK,2014-12-03,1.0,1.02,1.0,1.02,104000.0,0.0
01884.HK,2014-12-04,1.0,1.0,0.98,0.98,200000.0,0.0
01884.HK,2014-12-05,1.0,1.0,0.98,0.99,96000.0,0.0
01884.HK,2014-12-08,0.97,0.97,0.93,0.97,48000.0,0.0
01884.HK,2014-12-09,0.95,0.95,0.94,0.94,232000.0,0.0
01884.HK,2014-12-10,0.94,0.99,0.94,0.99,36000.0,0.0
01884.HK,2014-12-11,0.98,0.98,0.98,0.98,24000.0,0.0
01884.HK,2014-12-12,0.94,0.94,0.94,0.94,16000.0,0.0
01884.HK,2014-12-15,0.95,0.95,0.93,0.95,40000.0,0.0
01884.HK,2014-12-16,0.95,0.95,0.95,0.95,4000.0,0.0
01884.HK,2014-12-17,0.94,0.94,0.94,0.94,200000.0,0.0
01884.HK,2014-12-18,0.92,0.92,0.92,0.92,20000.0,0.0
01884.HK,2014-12-19,0.93,0.95,0.92,0.95,172000.0,0.0
01884.HK,2014-12-22,0.92,0.94,0.92,0.94,8000.0,0.0
01884.HK,2014-12-23,0.92,0.92,0.92,0.92,16000.0,0.0
01884.HK,2014-12-24,0.93,0.93,0.93,0.93,24000.0,0.0
01884.HK,2014-12-29,0.98,0.98,0.93,0.93,88000.0,0.0
01884.HK,2014-12-30,0.92,0.92,0.92,0.92,8000.0,0.0
01884.HK,2014-12-31,0.9,0.92,0.9,0.92,24000.0,0.0
01884.HK,2015-01-02,0.89,0.92,0.89,0.92,128000.0,0.0
01884.HK,2015-01-05,0.91,0.92,0.91,0.92,12000.0,0.0
01884.HK,2015-01-06,0.97,0.97,0.9,0.9,80000.0,0.0
01884.HK,2015-01-07,0.91,0.91,0.9,0.91,164000.0,0.0
01884.HK,2015-01-08,0.91,0.91,0.91,0.91,64000.0,0.0
01884.HK,2015-01-09,0.94,0.95,0.93,0.94,28000.0,0.0
01884.HK,2015-01-12,0.93,0.93,0.93,0.93,0.0,0.0
01884.HK,2015-01-13,0.92,0.92,0.92,0.92,0.0,0.0
01884.HK,2015-01-14,0.91,0.91,0.91,0.91,0.0,0.0
01884.HK,2015-01-15,0.91,0.91,0.86,0.88,108000.0,0.0
01884.HK,2015-01-16,0.87,0.87,0.86,0.86,232000.0,0.0
01884.HK,2015-01-19,0.86,0.86,0.86,0.86,52000.0,0.0
01884.HK,2015-01-20,0.86,0.86,0.86,0.86,56000.0,0.0
01884.HK,2015-01-21,0.86,0.88,0.86,0.86,28000.0,0.0
01884.HK,2015-01-22,0.83,0.83,0.82,0.82,132000.0,0.0
01884.HK,2015-01-23,0.82,0.83,0.82,0.82,60000.0,0.0
01884.HK,2015-01-26,0.82,0.91,0.82,0.91,52000.0,0.0
01884.HK,2015-01-27,0.91,0.96,0.91,0.93,168000.0,0.0
01884.HK,2015-01-28,0.87,0.91,0.87,0.91,40000.0,0.0
01884.HK,2015-01-29,0.91,0.91,0.91,0.91,48000.0,0.0
01884.HK,2015-01-30,0.91,0.91,0.9,0.9,28000.0,0.0
01884.HK,2015-02-02,0.9,0.9,0.9,0.9,20000.0,0.0
01884.HK,2015-02-03,0.9,0.9,0.9,0.9,0.0,0.0
01884.HK,2015-02-04,0.84,0.87,0.84,0.87,12000.0,0.0
01884.HK,2015-02-05,0.88,0.88,0.88,0.88,4000.0,0.0
01884.HK,2015-02-06,0.87,0.88,0.84,0.84,80000.0,0.0
01884.HK,2015-02-09,0.86,0.86,0.86,0.86,0.0,0.0
01884.HK,2015-02-10,0.85,0.85,0.85,0.85,16000.0,0.0
01884.HK,2015-02-11,0.85,0.87,0.83,0.87,92000.0,0.0
01884.HK,2015-02-12,0.9,0.95,0.9,0.94,56000.0,0.0
01884.HK,2015-02-13,0.94,0.94,0.94,0.94,0.0,0.0
01884.HK,2015-02-16,0.9,0.9,0.9,0.9,24000.0,0.0
01884.HK,2015-02-17,0.9,0.9,0.9,0.9,40000.0,0.0
01884.HK,2015-02-18,0.9,0.9,0.9,0.9,8000.0,0.0
01884.HK,2015-02-23,0.9,0.9,0.9,0.9,0.0,0.0
01884.HK,2015-02-24,0.89,0.89,0.89,0.89,8000.0,0.0
01884.HK,2015-02-25,0.92,0.96,0.92,0.93,212000.0,0.0
01884.HK,2015-02-26,0.92,0.92,0.92,0.92,20000.0,0.0
01884.HK,2015-02-27,0.86,0.97,0.86,0.94,20000.0,0.0
01884.HK,2015-03-02,0.94,0.94,0.94,0.94,0.0,0.0
01884.HK,2015-03-03,0.88,0.9,0.88,0.9,52000.0,0.0
01884.HK,2015-03-04,0.93,0.94,0.93,0.93,40000.0,0.0
01884.HK,2015-03-05,0.92,0.93,0.92,0.93,36000.0,0.0
01884.HK,2015-03-06,0.93,0.93,0.86,0.89,164000.0,0.0
01884.HK,2015-03-09,0.88,0.88,0.87,0.88,136000.0,0.0
01884.HK,2015-03-10,0.87,0.87,0.87,0.87,192000.0,0.0
01884.HK,2015-03-11,0.88,0.93,0.88,0.92,120000.0,0.0
01884.HK,2015-03-12,0.9,0.9,0.9,0.9,44000.0,0.0
01884.HK,2015-03-13,0.88,0.93,0.88,0.92,272000.0,0.0
01884.HK,2015-03-16,0.92,0.96,0.92,0.96,232000.0,0.0
01884.HK,2015-03-17,0.94,0.95,0.93,0.93,104000.0,0.0
01884.HK,2015-03-18,0.94,0.94,0.89,0.92,1324000.0,0.0
01884.HK,2015-03-19,0.93,0.94,0.91,0.94,268000.0,0.0
01884.HK,2015-03-20,0.95,0.96,0.93,0.95,236000.0,0.0
01884.HK,2015-03-23,0.96,0.96,0.93,0.93,44000.0,0.0
01884.HK,2015-03-24,0.94,0.96,0.93,0.96,260000.0,0.0
01884.HK,2015-03-25,0.94,0.94,0.93,0.94,48000.0,0.0
01884.HK,2015-03-26,0.93,0.93,0.93,0.93,8000.0,0.0
01884.HK,2015-03-27,0.94,0.98,0.94,0.96,796000.0,0.0
01884.HK,2015-03-30,0.97,1.03,0.97,1.03,1128000.0,0.0
01884.HK,2015-03-31,1.03,1.08,0.93,0.99,1332000.0,0.0
01884.HK,2015-04-01,0.96,0.97,0.95,0.95,208000.0,0.0
01884.HK,2015-04-02,0.95,1.01,0.95,1.0,356000.0,0.0
01884.HK,2015-04-08,1.05,1.05,1.0,1.03,528000.0,0.0
01884.HK,2015-04-09,1.0,1.03,0.98,0.99,816000.0,0.0
01884.HK,2015-04-10,0.99,0.99,0.97,0.97,220000.0,0.0
01884.HK,2015-04-13,0.98,1.0,0.94,1.0,672000.0,0.0
01884.HK,2015-04-14,0.98,0.99,0.97,0.99,616000.0,0.0
01884.HK,2015-04-15,0.98,1.0,0.98,0.99,112000.0,0.0
01884.HK,2015-04-16,1.01,1.03,0.96,0.96,308000.0,0.0
01884.HK,2015-04-17,0.94,0.98,0.94,0.96,284000.0,0.0
01884.HK,2015-04-20,0.96,0.97,0.93,0.93,68000.0,0.0
01884.HK,2015-04-21,0.95,1.18,0.95,1.16,2330000.0,0.0
01884.HK,2015-04-22,1.23,1.25,1.1,1.15,9178000.0,0.0
01884.HK,2015-04-23,1.17,1.17,1.08,1.13,1700000.0,0.0
01884.HK,2015-04-24,1.13,1.13,1.08,1.1,608000.0,0.0
01884.HK,2015-04-27,1.11,1.12,1.07,1.09,364000.0,0.0
01884.HK,2015-04-28,1.1,1.1,1.02,1.04,1126000.0,0.0
01884.HK,2015-04-29,1.02,1.1,1.0,1.08,1232000.0,0.0
01884.HK,2015-04-30,1.06,1.09,1.05,1.09,552000.0,0.0
01884.HK,2015-05-04,1.09,1.09,1.04,1.05,644000.0,0.0
01884.HK,2015-05-05,1.03,1.05,1.02,1.04,456000.0,0.0
01884.HK,2015-05-06,1.02,1.06,1.02,1.03,492000.0,0.0
01884.HK,2015-05-07,1.03,1.03,1.01,1.01,472000.0,0.0
01884.HK,2015-05-08,1.01,1.05,1.01,1.04,456000.0,0.0
01884.HK,2015-05-11,1.05,1.12,1.01,1.06,1204000.0,0.0
01884.HK,2015-05-12,1.06,1.1,1.05,1.07,476000.0,0.0
01884.HK,2015-05-13,1.07,1.07,1.05,1.05,188000.0,0.0
01884.HK,2015-05-14,1.05,1.06,1.04,1.05,156000.0,0.0
01884.HK,2015-05-15,1.05,1.05,1.03,1.04,340000.0,0.0
01884.HK,2015-05-18,1.03,1.07,1.03,1.07,68000.0,0.0
01884.HK,2015-05-19,1.1,1.1,1.07,1.08,396000.0,0.0
01884.HK,2015-05-20,1.08,1.1,1.05,1.06,380000.0,0.0
01884.HK,2015-05-21,1.07,1.18,1.07,1.16,3020000.0,0.0
01884.HK,2015-05-22,1.16,1.16,1.13,1.16,1484000.0,0.0
01884.HK,2015-05-26,1.15,1.17,1.12,1.16,584000.0,0.0
01884.HK,2015-05-27,1.13,1.14,1.1,1.14,408000.0,0.0
01884.HK,2015-05-28,1.13,1.17,1.11,1.14,520000.0,0.0
01884.HK,2015-05-29,1.14,1.18,1.14,1.15,1296000.0,0.0
01884.HK,2015-06-01,1.17,1.31,1.16,1.22,4480000.0,0.0
01884.HK,2015-06-02,1.25,1.3,1.24,1.3,3746000.0,0.0
01884.HK,2015-06-03,1.3,1.6,1.3,1.48,21254000.0,0.0
01884.HK,2015-06-04,1.5,1.5,1.24,1.41,4696000.0,0.0
01884.HK,2015-06-05,1.36,1.4,1.3,1.33,1588000.0,0.0
01884.HK,2015-06-08,1.33,1.38,1.3,1.35,1528000.0,0.0
01884.HK,2015-06-09,1.38,1.41,1.25,1.3,1156000.0,0.0
01884.HK,2015-06-10,1.3,1.4,1.25,1.26,1700000.0,0.0
01884.HK,2015-06-11,1.29,1.33,1.28,1.28,716000.0,0.0
01884.HK,2015-06-12,1.28,1.46,1.28,1.39,4340000.0,0.0
01884.HK,2015-06-15,1.4,1.4,1.35,1.37,516000.0,0.0
01884.HK,2015-06-16,1.38,1.38,1.33,1.35,256000.0,0.0
01884.HK,2015-06-17,1.36,1.43,1.36,1.41,580000.0,0.0
01884.HK,2015-06-18,1.42,1.55,1.42,1.44,3772000.0,0.0
01884.HK,2015-06-19,1.5,1.55,1.46,1.49,2684000.0,0.0
01884.HK,2015-06-22,1.55,1.55,1.39,1.42,1132000.0,0.0
01884.HK,2015-06-23,1.43,1.43,1.38,1.4,936000.0,0.0
01884.HK,2015-06-24,1.37,1.38,1.34,1.36,348000.0,0.0
01884.HK,2015-06-25,1.36,1.38,1.31,1.38,280000.0,0.0
01884.HK,2015-06-26,1.33,1.39,1.33,1.35,320000.0,0.0
01884.HK,2015-06-29,1.36,1.37,1.22,1.26,880000.0,0.0
01884.HK,2015-06-30,1.25,1.26,1.24,1.26,248000.0,0.0
01884.HK,2015-07-02,1.26,1.38,1.22,1.28,604000.0,0.0
01884.HK,2015-07-03,1.37,1.37,1.18,1.19,1360000.0,0.0
01884.HK,2015-07-06,1.2,1.26,0.97,1.2,3676000.0,0.0
01884.HK,2015-07-07,1.17,1.17,1.12,1.12,1392000.0,0.0
01884.HK,2015-07-08,1.17,1.17,0.95,1.0,3316000.0,0.0
01884.HK,2015-07-09,1.0,1.1,1.0,1.05,1096000.0,0.0
01884.HK,2015-07-10,1.07,1.16,1.07,1.14,888000.0,0.0
01884.HK,2015-07-13,1.17,1.17,1.17,1.17,40000.0,0.0
01884.HK,2015-07-14,1.17,1.2,1.16,1.2,508000.0,0.0
01884.HK,2015-07-15,1.18,1.2,1.16,1.16,124000.0,0.0
01884.HK,2015-07-16,1.16,1.23,1.16,1.16,356000.0,0.0
01884.HK,2015-07-17,1.2,1.29,1.2,1.25,1220000.0,0.0
01884.HK,2015-07-20,1.25,1.32,1.25,1.28,884000.0,0.0
01884.HK,2015-07-21,1.3,1.36,1.3,1.31,840000.0,0.0
01884.HK,2015-07-22,1.31,1.35,1.3,1.35,352000.0,0.0
01884.HK,2015-07-23,1.33,1.33,1.29,1.3,404000.0,0.0
01884.HK,2015-07-24,1.26,1.32,1.26,1.32,304000.0,0.0
01884.HK,2015-07-27,1.29,1.3,1.2,1.3,2128000.0,0.0
01884.HK,2015-07-28,1.3,1.53,1.26,1.4,7792000.0,0.0
01884.HK,2015-07-29,1.4,1.7,1.35,1.4,12584000.0,0.0
01884.HK,2015-07-30,1.4,1.4,1.4,1.4,0.0,0.0
01884.HK,2015-07-31,1.44,1.51,1.39,1.44,6148000.0,0.0
01884.HK,2015-08-03,1.49,1.59,1.4,1.48,4120000.0,0.0
01884.HK,2015-08-04,1.24,1.4,1.22,1.35,75408000.0,0.0
01884.HK,2015-08-05,1.34,1.42,1.3,1.34,3683500.0,0.0
01884.HK,2015-08-06,1.34,1.35,1.28,1.34,3712000.0,0.0
01884.HK,2015-08-07,1.3,1.33,1.26,1.26,4112000.0,0.0
01884.HK,2015-08-10,1.26,1.28,1.22,1.26,1608000.0,0.0
01884.HK,2015-08-11,1.29,1.29,1.26,1.28,1460000.0,0.0
01884.HK,2015-08-12,1.29,1.3,1.23,1.23,2944000.0,0.0
01884.HK,2015-08-13,1.23,1.25,1.16,1.2,2384000.0,0.0
01884.HK,2015-08-14,1.2,1.22,1.16,1.2,2012000.0,0.0
01884.HK,2015-08-17,1.23,1.24,1.2,1.23,1248000.0,0.0
01884.HK,2015-08-18,1.2,1.22,1.18,1.19,1288000.0,0.0
01884.HK,2015-08-19,1.2,1.22,1.16,1.19,816000.0,0.0
01884.HK,2015-08-20,1.16,1.17,1.14,1.16,1140000.0,0.0
01884.HK,2015-08-21,1.13,1.14,1.1,1.14,1044000.0,0.0
01884.HK,2015-08-24,1.06,1.14,1.02,1.03,2636000.0,0.0
01884.HK,2015-08-25,1.04,1.1,0.96,1.0,2540000.0,0.0
01884.HK,2015-08-26,1.0,1.01,0.99,1.0,420000.0,0.0
01884.HK,2015-08-27,1.1,1.1,1.0,1.06,384000.0,0.0
01884.HK,2015-08-28,1.06,1.06,1.03,1.03,184000.0,0.0
01884.HK,2015-08-31,1.02,1.04,1.0,1.03,92000.0,0.0
01884.HK,2015-09-01,1.02,1.02,1.02,1.02,0.0,0.0
01884.HK,2015-09-02,1.0,1.02,1.0,1.0,348000.0,0.0
01884.HK,2015-09-04,1.04,1.05,1.03,1.03,48000.0,0.0
01884.HK,2015-09-07,1.0,1.03,1.0,1.03,284000.0,0.0
01884.HK,2015-09-08,1.0,1.04,1.0,1.04,64000.0,0.0
01884.HK,2015-09-09,1.04,1.08,1.04,1.05,1248000.0,0.0
01884.HK,2015-09-10,0.97,1.03,0.96,1.03,80000.0,0.0
01884.HK,2015-09-11,1.06,1.06,1.01,1.02,52000.0,0.0
01884.HK,2015-09-14,1.02,1.02,1.02,1.02,8000.0,0.0
01884.HK,2015-09-15,1.01,1.02,1.0,1.02,40000.0,0.0
01884.HK,2015-09-16,1.06,1.06,1.03,1.03,20000.0,0.0
01884.HK,2015-09-17,1.03,1.03,0.98,1.02,156000.0,0.0
01884.HK,2015-09-18,1.02,1.04,1.01,1.04,212000.0,0.0
01884.HK,2015-09-21,1.01,1.01,1.01,1.01,20000.0,0.0
01884.HK,2015-09-22,1.07,1.07,1.05,1.05,4000.0,0.0
01884.HK,2015-09-23,1.03,1.03,1.03,1.03,8000.0,0.0
01884.HK,2015-09-24,1.03,1.03,1.03,1.03,4000.0,0.0
01884.HK,2015-09-25,1.03,1.03,1.0,1.0,16000.0,0.0
01884.HK,2015-09-29,1.0,1.0,0.88,0.96,76000.0,0.0
01884.HK,2015-09-30,0.96,1.04,0.96,1.0,172000.0,0.0
01884.HK,2015-10-02,0.99,1.02,0.98,1.02,120000.0,0.0
01884.HK,2015-10-05,1.0,1.0,1.0,1.0,12000.0,0.0
01884.HK,2015-10-06,1.02,1.02,1.0,1.0,24000.0,0.0
01884.HK,2015-10-07,0.98,1.05,0.98,1.05,1792000.0,0.0
01884.HK,2015-10-08,1.05,1.12,1.04,1.1,2492000.0,0.0
01884.HK,2015-10-09,1.14,1.21,1.14,1.17,3248000.0,0.0
01884.HK,2015-10-12,1.2,1.2,1.13,1.14,1476000.0,0.0
01884.HK,2015-10-13,1.14,1.16,1.14,1.15,856000.0,0.0
01884.HK,2015-10-14,1.14,1.14,1.1,1.11,1152000.0,0.0
01884.HK,2015-10-15,1.1,1.15,1.09,1.13,1960000.0,0.0
01884.HK,2015-10-16,1.1,1.17,1.09,1.14,956000.0,0.0
01884.HK,2015-10-19,1.12,1.14,1.12,1.14,1220000.0,0.0
01884.HK,2015-10-20,1.12,1.17,1.12,1.13,1056000.0,0.0
01884.HK,2015-10-22,1.14,1.16,1.12,1.12,900000.0,0.0
01884.HK,2015-10-23,1.14,1.14,1.13,1.13,528000.0,0.0
01884.HK,2015-10-26,1.11,1.13,1.1,1.1,1516000.0,0.0
01884.HK,2015-10-27,1.1,1.1,1.08,1.09,422868.0,0.0
01884.HK,2015-10-28,1.09,1.11,1.08,1.08,1232000.0,0.0
01884.HK,2015-10-29,1.11,1.11,1.09,1.09,32000.0,0.0
01884.HK,2015-10-30,1.11,1.11,1.04,1.09,1732000.0,0.0
01884.HK,2015-11-02,1.07,1.13,1.06,1.1,1876000.0,0.0
01884.HK,2015-11-03,1.13,1.22,1.11,1.15,4288000.0,0.0
01884.HK,2015-11-04,1.17,1.17,1.14,1.15,2040000.0,0.0
01884.HK,2015-11-05,1.16,1.16,1.13,1.14,2260000.0,0.0
01884.HK,2015-11-06,1.15,1.16,1.13,1.13,2728000.0,0.0
01884.HK,2015-11-09,1.15,1.15,1.12,1.14,2476000.0,0.0
01884.HK,2015-11-10,1.12,1.15,1.12,1.14,2552000.0,0.0
01884.HK,2015-11-11,1.13,1.23,1.12,1.2,3872000.0,0.0
01884.HK,2015-11-12,1.2,1.21,1.18,1.19,3104000.0,0.0
01884.HK,2015-11-13,1.16,1.2,1.14,1.17,2488000.0,0.0
01884.HK,2015-11-16,1.16,1.27,1.16,1.25,3688000.0,0.0
01884.HK,2015-11-17,1.26,1.27,1.25,1.25,2712000.0,0.0
01884.HK,2015-11-18,1.24,1.3,1.24,1.28,2992000.0,0.0
01884.HK,2015-11-19,1.29,1.31,1.25,1.28,2996000.0,0.0
01884.HK,2015-11-20,1.29,1.36,1.21,1.27,5344000.0,0.0
01884.HK,2015-11-23,1.26,1.27,1.2,1.24,2568000.0,0.0
01884.HK,2015-11-24,1.22,1.23,1.2,1.2,2472000.0,0.0
01884.HK,2015-11-25,1.2,1.22,1.18,1.21,2020751.0,0.0
01884.HK,2015-11-26,1.2,1.23,1.19,1.21,2420000.0,0.0
01884.HK,2015-11-27,1.2,1.24,1.19,1.21,2668000.0,0.0
01884.HK,2015-11-30,1.22,1.22,1.17,1.18,2496000.0,0.0
01884.HK,2015-12-01,1.19,1.21,1.16,1.2,2604000.0,0.0
01884.HK,2015-12-02,1.18,1.21,1.18,1.19,2204000.0,0.0
01884.HK,2015-12-03,1.21,1.21,1.14,1.15,2784000.0,0.0
01884.HK,2015-12-04,1.15,1.16,1.12,1.15,3060000.0,0.0
01884.HK,2015-12-07,1.18,1.19,1.15,1.17,2440000.0,0.0
01884.HK,2015-12-08,1.17,1.17,1.11,1.14,2236000.0,0.0
01884.HK,2015-12-09,1.15,1.15,1.1,1.1,2444000.0,0.0
01884.HK,2015-12-10,1.13,1.13,1.02,1.1,3604000.0,0.0
01884.HK,2015-12-11,1.11,1.11,1.02,1.05,2528000.0,0.0
01884.HK,2015-12-14,1.02,1.07,1.02,1.05,2424000.0,0.0
01884.HK,2015-12-15,1.05,1.06,1.04,1.05,2256000.0,0.0
01884.HK,2015-12-16,1.07,1.11,1.06,1.07,2476000.0,0.0
01884.HK,2015-12-17,1.12,1.12,1.05,1.08,2168000.0,0.0
01884.HK,2015-12-18,1.06,1.12,1.06,1.12,2840000.0,0.0
01884.HK,2015-12-21,1.13,1.13,1.08,1.1,2500000.0,0.0
01884.HK,2015-12-22,1.06,1.11,1.05,1.06,2528000.0,0.0
01884.HK,2015-12-23,1.06,1.1,1.06,1.1,2568000.0,0.0
01884.HK,2015-12-24,1.1,1.12,1.09,1.12,1612000.0,0.0
01884.HK,2015-12-28,1.12,1.12,1.09,1.11,1968000.0,0.0
01884.HK,2015-12-29,1.09,1.12,1.08,1.08,2024000.0,0.0
01884.HK,2015-12-30,1.1,1.11,1.08,1.08,1704000.0,0.0
01884.HK,2015-12-31,1.1,1.11,1.09,1.1,1024000.0,0.0
01884.HK,2016-01-04,1.06,1.1,1.04,1.04,1452000.0,0.0
01884.HK,2016-01-05,1.05,1.07,1.04,1.04,1576000.0,0.0
01884.HK,2016-01-06,1.03,1.06,1.02,1.03,200000.0,0.0
01884.HK,2016-01-07,1.03,1.03,1.0,1.01,1072000.0,0.0
01884.HK,2016-01-08,1.02,1.02,1.01,1.01,1072000.0,0.0
01884.HK,2016-01-11,1.01,1.05,1.0,1.0,996000.0,0.0
01884.HK,2016-01-12,1.0,1.02,0.95,0.99,2188000.0,0.0
01884.HK,2016-01-13,1.0,1.02,0.98,0.99,2896000.0,0.0
01884.HK,2016-01-14,0.99,0.99,0.96,0.99,1956000.0,0.0
01884.HK,2016-01-15,0.99,1.01,0.97,0.99,352000.0,0.0
01884.HK,2016-01-18,1.0,1.01,0.96,0.98,380000.0,0.0
01884.HK,2016-01-19,0.98,0.98,0.97,0.98,152000.0,0.0
01884.HK,2016-01-20,0.97,0.97,0.94,0.96,596000.0,0.0
01884.HK,2016-01-21,0.96,0.98,0.96,0.98,332000.0,0.0
01884.HK,2016-01-22,0.98,1.01,0.98,1.01,884000.0,0.0
01884.HK,2016-01-25,1.01,1.03,0.99,1.03,1648000.0,0.0
01884.HK,2016-01-26,1.03,1.03,0.96,0.99,1440000.0,0.0
01884.HK,2016-01-27,0.99,1.01,0.99,0.99,1672000.0,0.0
01884.HK,2016-01-28,1.01,1.01,0.97,0.99,1188000.0,0.0
01884.HK,2016-01-29,1.01,1.01,1.0,1.0,328000.0,0.0
01884.HK,2016-02-01,0.96,1.08,0.96,1.0,720000.0,0.0
01884.HK,2016-02-02,1.03,1.03,1.01,1.02,1012000.0,0.0
01884.HK,2016-02-03,0.98,1.0,0.98,1.0,696000.0,0.0
01884.HK,2016-02-04,1.02,1.02,1.0,1.01,524000.0,0.0
01884.HK,2016-02-05,0.98,1.02,0.98,1.02,12000.0,0.0
01884.HK,2016-02-11,1.02,1.02,1.02,1.02,0.0,0.0
01884.HK,2016-02-12,1.02,1.02,1.02,1.02,0.0,0.0
01884.HK,2016-02-15,1.02,1.02,1.01,1.01,4000.0,0.0
01884.HK,2016-02-16,1.01,1.02,1.0,1.01,24000.0,0.0
01884.HK,2016-02-17,1.03,1.03,1.0,1.0,24000.0,0.0
01884.HK,2016-02-18,1.0,1.02,0.98,0.99,84000.0,0.0
01884.HK,2016-02-19,1.01,1.01,1.01,1.01,4000.0,0.0
01884.HK,2016-02-22,1.03,1.03,1.01,1.01,704000.0,0.0
01884.HK,2016-02-23,1.03,1.04,1.0,1.0,548000.0,0.0
01884.HK,2016-02-24,1.0,1.02,1.0,1.0,1016000.0,0.0
01884.HK,2016-02-25,0.99,0.99,0.99,0.99,20000.0,0.0
01884.HK,2016-02-26,1.02,1.03,1.02,1.02,124000.0,0.0
01884.HK,2016-02-29,1.01,1.02,1.01,1.01,916000.0,0.0
01884.HK,2016-03-01,1.03,1.03,1.0,1.0,24000.0,0.0
01884.HK,2016-03-02,1.02,1.03,1.0,1.03,48000.0,0.0
01884.HK,2016-03-03,1.03,1.03,1.03,1.03,4000.0,0.0
01884.HK,2016-03-04,0.99,1.03,0.99,1.03,4000.0,0.0
01884.HK,2016-03-07,1.03,1.03,0.99,1.0,452000.0,0.0
01884.HK,2016-03-08,1.0,1.0,0.99,1.0,52000.0,0.0
01884.HK,2016-03-09,1.0,1.0,0.99,1.0,16000.0,0.0
01884.HK,2016-03-10,0.99,0.99,0.99,0.99,24000.0,0.0
01884.HK,2016-03-11,1.0,1.0,1.0,1.0,20000.0,0.0
01884.HK,2016-03-14,1.0,1.0,1.0,1.0,208000.0,0.0
01884.HK,2016-03-15,1.0,1.0,1.0,1.0,20000.0,0.0
01884.HK,2016-03-16,1.0,1.0,1.0,1.0,0.0,0.0
01884.HK,2016-03-17,1.0,1.0,1.0,1.0,0.0,0.0
01884.HK,2016-03-18,1.0,1.0,1.0,1.0,68000.0,0.0
01884.HK,2016-03-21,0.99,0.99,0.99,0.99,1500000.0,0.0
01884.HK,2016-03-22,0.99,1.0,0.99,1.0,36000.0,0.0
01884.HK,2016-03-23,0.99,0.99,0.99,0.99,20000.0,0.0
01884.HK,2016-03-24,0.99,1.0,0.99,0.99,80000.0,0.0
01884.HK,2016-03-29,1.02,1.02,1.02,1.02,8000.0,0.0
01884.HK,2016-03-30,0.99,0.99,0.96,0.96,260000.0,0.0
01884.HK,2016-03-31,0.97,0.98,0.97,0.97,240000.0,0.0
01884.HK,2016-04-01,0.98,0.98,0.98,0.98,2792000.0,0.0
01884.HK,2016-04-05,1.0,1.02,1.0,1.01,552000.0,0.0
01884.HK,2016-04-06,1.01,1.01,1.0,1.01,832000.0,0.0
01884.HK,2016-04-07,1.01,1.2,1.01,1.12,1424000.0,0.0
01884.HK,2016-04-08,1.15,1.27,1.13,1.27,10440000.0,0.0
01884.HK,2016-04-11,1.28,1.3,1.22,1.27,4788000.0,0.0
01884.HK,2016-04-12,1.26,1.27,1.19,1.2,1236000.0,0.0
01884.HK,2016-04-13,1.24,1.36,1.2,1.31,6912000.0,0.0
01884.HK,2016-04-14,1.34,1.4,1.32,1.4,9596000.0,0.0
01884.HK,2016-04-15,1.41,1.63,1.4,1.47,20464000.0,0.0
01884.HK,2016-04-18,1.48,1.58,1.4,1.43,9712000.0,0.0
01884.HK,2016-04-19,1.44,1.49,1.32,1.44,9000000.0,0.0
01884.HK,2016-04-20,1.44,1.44,1.21,1.27,14048000.0,0.0
01884.HK,2016-04-21,1.24,1.24,1.15,1.18,5860000.0,0.0
01884.HK,2016-04-22,1.19,1.19,1.15,1.17,880000.0,0.0
01884.HK,2016-04-25,1.17,1.21,1.17,1.19,2240000.0,0.0
01884.HK,2016-04-26,1.21,1.21,1.13,1.17,1116000.0,0.0
01884.HK,2016-04-27,1.17,1.18,1.12,1.13,1140000.0,0.0
01884.HK,2016-04-28,1.14,1.17,1.13,1.14,312000.0,0.0
01884.HK,2016-04-29,1.14,1.19,1.13,1.19,256000.0,0.0
01884.HK,2016-05-03,1.19,1.19,1.15,1.17,100000.0,0.0
01884.HK,2016-05-04,1.17,1.19,1.13,1.19,232000.0,0.0
01884.HK,2016-05-05,1.18,1.18,1.14,1.16,312000.0,0.0
01884.HK,2016-05-06,1.16,1.16,1.12,1.14,316000.0,0.0
01884.HK,2016-05-09,1.14,1.14,1.08,1.1,160000.0,0.0
01884.HK,2016-05-10,1.1,1.13,1.04,1.11,1136000.0,0.0
01884.HK,2016-05-11,1.13,1.13,1.08,1.08,904000.0,0.0
01884.HK,2016-05-12,1.08,1.09,1.08,1.08,52000.0,0.0
01884.HK,2016-05-13,1.08,1.08,1.04,1.07,900000.0,0.0
01884.HK,2016-05-16,1.07,1.08,1.05,1.08,332000.0,0.0
01884.HK,2016-05-17,1.08,1.14,1.07,1.09,1232000.0,0.0
01884.HK,2016-05-18,1.11,1.11,1.06,1.06,136000.0,0.0
01884.HK,2016-05-19,1.1,1.1,1.09,1.09,80000.0,0.0
01884.HK,2016-05-20,1.07,1.07,1.07,1.07,8000.0,0.0
01884.HK,2016-05-23,1.06,1.07,1.06,1.07,48000.0,0.0
01884.HK,2016-05-24,1.05,1.1,1.05,1.1,236000.0,0.0
01884.HK,2016-05-25,1.07,1.2,1.07,1.15,8168000.0,0.0
01884.HK,2016-05-26,1.15,1.15,1.09,1.1,548000.0,0.0
01884.HK,2016-05-27,1.09,1.09,1.08,1.09,188000.0,0.0
01884.HK,2016-05-30,1.09,1.1,1.07,1.1,12000.0,0.0
01884.HK,2016-05-31,1.07,1.09,1.07,1.09,56000.0,0.0
01884.HK,2016-06-01,1.08,1.1,1.08,1.09,272000.0,0.0
01884.HK,2016-06-02,1.07,1.1,1.07,1.09,276000.0,0.0
01884.HK,2016-06-03,1.1,1.2,1.1,1.12,4940000.0,0.0
01884.HK,2016-06-06,1.1,1.13,1.1,1.12,80000.0,0.0
01884.HK,2016-06-07,1.11,1.12,1.09,1.09,300000.0,0.0
01884.HK,2016-06-08,1.08,1.13,1.08,1.09,116000.0,0.0
01884.HK,2016-06-10,1.08,1.1,1.08,1.1,140000.0,0.0
01884.HK,2016-06-13,1.07,1.1,1.07,1.1,256000.0,0.0
01884.HK,2016-06-14,1.07,1.09,1.07,1.08,116000.0,0.0
01884.HK,2016-06-15,1.06,1.08,1.06,1.08,8000.0,0.0
01884.HK,2016-06-16,1.07,1.09,1.07,1.09,184000.0,0.0
01884.HK,2016-06-17,1.09,1.09,1.06,1.06,896000.0,0.0
01884.HK,2016-06-20,1.07,1.08,1.07,1.08,144000.0,0.0
01884.HK,2016-06-21,1.07,1.07,1.06,1.07,76000.0,0.0
01884.HK,2016-06-22,1.06,1.07,1.06,1.07,68000.0,0.0
01884.HK,2016-06-23,1.06,1.09,1.06,1.07,164000.0,0.0
01884.HK,2016-06-24,1.05,1.05,1.0,1.04,998000.0,0.0
01884.HK,2016-06-27,1.01,1.04,1.01,1.04,292000.0,0.0
01884.HK,2016-06-28,1.03,1.04,1.01,1.01,668000.0,0.0
01884.HK,2016-06-29,1.01,1.04,1.01,1.02,60000.0,0.0
01884.HK,2016-06-30,1.01,1.08,1.01,1.03,120000.0,0.0
01884.HK,2016-07-04,1.02,1.03,1.02,1.03,40000.0,0.0
01884.HK,2016-07-05,1.02,1.07,1.02,1.06,2436000.0,0.0
01884.HK,2016-07-06,1.03,1.03,1.01,1.02,605000.0,0.0
01884.HK,2016-07-07,1.12,1.12,1.03,1.06,296000.0,0.0
01884.HK,2016-07-08,1.04,1.06,1.04,1.06,104000.0,0.0
01884.HK,2016-07-11,1.05,1.06,1.05,1.06,148000.0,0.0
01884.HK,2016-07-12,1.05,1.06,1.05,1.06,60000.0,0.0
01884.HK,2016-07-13,1.05,1.05,1.04,1.05,368000.0,0.0
01884.HK,2016-07-14,1.04,1.05,1.04,1.04,72000.0,0.0
01884.HK,2016-07-15,1.04,1.05,1.04,1.05,56000.0,0.0
01884.HK,2016-07-18,1.02,1.05,1.02,1.05,104000.0,0.0
01884.HK,2016-07-19,1.04,1.05,1.04,1.04,24000.0,0.0
01884.HK,2016-07-20,1.05,1.07,1.05,1.07,60000.0,0.0
01884.HK,2016-07-21,1.07,1.1,1.07,1.08,492000.0,0.0
01884.HK,2016-07-22,1.08,1.08,1.07,1.07,56000.0,0.0
01884.HK,2016-07-25,1.05,1.06,1.05,1.06,8000.0,0.0
01884.HK,2016-07-26,1.05,1.07,1.05,1.06,24000.0,0.0
01884.HK,2016-07-27,1.05,1.05,1.04,1.05,584000.0,0.0
01884.HK,2016-07-28,1.03,1.05,1.03,1.05,96000.0,0.0
01884.HK,2016-07-29,1.06,1.06,1.03,1.04,428000.0,0.0
01884.HK,2016-08-01,1.03,1.04,1.03,1.04,36000.0,0.0
01884.HK,2016-08-03,1.03,1.06,1.03,1.06,52000.0,0.0
01884.HK,2016-08-04,1.06,1.06,1.04,1.04,36000.0,0.0
01884.HK,2016-08-05,1.05,1.05,1.02,1.03,984000.0,0.0
01884.HK,2016-08-08,1.04,1.05,1.03,1.03,336000.0,0.0
01884.HK,2016-08-09,1.03,1.09,1.03,1.03,320000.0,0.0
01884.HK,2016-08-10,1.03,1.04,1.02,1.04,336000.0,0.0
01884.HK,2016-08-11,1.02,1.04,1.02,1.03,144000.0,0.0
01884.HK,2016-08-12,1.02,1.04,1.02,1.04,128000.0,0.0
01884.HK,2016-08-15,1.04,1.04,1.03,1.03,60000.0,0.0
01884.HK,2016-08-16,1.03,1.07,1.03,1.06,104000.0,0.0
01884.HK,2016-08-17,1.05,1.05,1.02,1.02,144000.0,0.0
01884.HK,2016-08-18,1.01,1.02,1.01,1.01,692000.0,0.0
01884.HK,2016-08-19,1.0,1.06,0.99,1.0,1176000.0,0.0
01884.HK,2016-08-22,1.01,1.02,1.0,1.0,332000.0,0.0
01884.HK,2016-08-23,1.01,1.02,1.0,1.0,708000.0,0.0
01884.HK,2016-08-24,1.0,1.01,1.0,1.0,596000.0,0.0
01884.HK,2016-08-25,1.01,1.01,1.0,1.01,72000.0,0.0
01884.HK,2016-08-26,1.01,1.01,0.99,0.99,416000.0,0.0
01884.HK,2016-08-29,0.99,1.0,0.99,0.99,272000.0,0.0
01884.HK,2016-08-30,0.99,1.0,0.98,0.98,852000.0,0.0
01884.HK,2016-08-31,0.98,0.98,0.98,0.98,240000.0,0.0
01884.HK,2016-09-01,0.98,0.99,0.97,0.98,296000.0,0.0
01884.HK,2016-09-02,1.04,1.04,0.98,0.98,336000.0,0.0
01884.HK,2016-09-05,0.98,1.0,0.98,0.98,232000.0,0.0
01884.HK,2016-09-06,0.98,0.99,0.97,0.97,1084000.0,0.0
01884.HK,2016-09-07,0.97,0.98,0.97,0.97,380000.0,0.0
01884.HK,2016-09-08,0.97,1.0,0.92,0.95,1632000.0,0.0
01884.HK,2016-09-09,0.96,0.99,0.92,0.92,1216000.0,0.0
01884.HK,2016-09-12,0.92,0.93,0.89,0.9,1084000.0,0.0
01884.HK,2016-09-13,0.95,0.95,0.9,0.9,1156000.0,0.0
01884.HK,2016-09-14,0.9,0.9,0.9,0.9,332000.0,0.0
01884.HK,2016-09-15,0.91,0.91,0.9,0.9,560000.0,0.0
01884.HK,2016-09-19,0.9,0.92,0.9,0.9,244000.0,0.0
01884.HK,2016-09-20,0.91,0.92,0.9,0.9,320000.0,0.0
01884.HK,2016-09-21,0.92,0.96,0.92,0.96,496000.0,0.0
01884.HK,2016-09-22,0.96,0.96,0.93,0.93,348000.0,0.0
01884.HK,2016-09-23,0.93,0.96,0.93,0.94,68000.0,0.0
01884.HK,2016-09-26,0.95,0.95,0.93,0.93,232000.0,0.0
01884.HK,2016-09-27,0.93,0.93,0.91,0.91,316000.0,0.0
01884.HK,2016-09-28,0.96,0.96,0.91,0.91,276000.0,0.0
01884.HK,2016-09-29,0.93,0.93,0.92,0.92,124000.0,0.0
01884.HK,2016-09-30,0.92,0.92,0.87,0.89,1952000.0,0.0
01884.HK,2016-10-03,0.9,0.9,0.87,0.87,872000.0,0.0
01884.HK,2016-10-04,0.92,0.92,0.89,0.89,256000.0,0.0
01884.HK,2016-10-05,0.89,0.89,0.89,0.89,48000.0,0.0
01884.HK,2016-10-06,0.88,0.89,0.88,0.89,240000.0,0.0
01884.HK,2016-10-07,0.89,0.89,0.88,0.89,108000.0,0.0
01884.HK,2016-10-11,0.9,0.9,0.88,0.88,420000.0,0.0
01884.HK,2016-10-12,0.88,0.88,0.84,0.84,785000.0,0.0
01884.HK,2016-10-13,0.84,0.86,0.82,0.86,528000.0,0.0
01884.HK,2016-10-14,0.86,0.86,0.86,0.86,12000.0,0.0
01884.HK,2016-10-17,0.86,0.88,0.84,0.88,32000.0,0.0
01884.HK,2016-10-18,0.88,0.88,0.88,0.88,16000.0,0.0
01884.HK,2016-10-19,0.87,0.88,0.87,0.88,48000.0,0.0
01884.HK,2016-10-20,0.87,0.89,0.87,0.88,96000.0,0.0
01884.HK,2016-10-24,0.91,0.91,0.9,0.9,160000.0,0.0
01884.HK,2016-10-25,0.9,0.9,0.9,0.9,0.0,0.0
01884.HK,2016-10-26,0.9,0.9,0.9,0.9,52000.0,0.0
01884.HK,2016-10-27,0.9,0.9,0.9,0.9,0.0,0.0
01884.HK,2016-10-28,0.86,0.87,0.85,0.87,236000.0,0.0
01884.HK,2016-10-31,0.85,0.86,0.84,0.86,40000.0,0.0
01884.HK,2016-11-01,0.86,0.86,0.86,0.86,0.0,0.0
01884.HK,2016-11-02,0.85,0.87,0.85,0.87,104000.0,0.0
01884.HK,2016-11-03,0.87,0.87,0.87,0.87,0.0,0.0
01884.HK,2016-11-04,0.86,0.86,0.84,0.85,56000.0,0.0
01884.HK,2016-11-07,0.87,0.88,0.87,0.87,120000.0,0.0
01884.HK,2016-11-08,0.89,0.89,0.89,0.89,0.0,0.0
01884.HK,2016-11-09,0.86,0.89,0.86,0.89,120000.0,0.0
01884.HK,2016-11-10,0.89,0.89,0.89,0.89,0.0,0.0
01884.HK,2016-11-11,0.88,0.88,0.88,0.88,60000.0,0.0
01884.HK,2016-11-14,0.87,0.87,0.87,0.87,16000.0,0.0
01884.HK,2016-11-15,0.87,0.87,0.87,0.87,0.0,0.0
01884.HK,2016-11-16,0.87,0.88,0.86,0.88,72000.0,0.0
01884.HK,2016-11-17,0.85,0.86,0.85,0.86,20000.0,0.0
01884.HK,2016-11-18,0.87,0.96,0.87,0.94,1024000.0,0.0
01884.HK,2016-11-21,0.95,0.95,0.93,0.93,136000.0,0.0
01884.HK,2016-11-22,0.92,0.92,0.92,0.92,0.0,0.0
01884.HK,2016-11-23,0.92,0.92,0.92,0.92,0.0,0.0
01884.HK,2016-11-24,0.9,0.9,0.88,0.9,112000.0,0.0
01884.HK,2016-11-25,0.9,0.9,0.9,0.9,0.0,0.0
01884.HK,2016-11-28,0.86,0.89,0.86,0.89,152000.0,0.0
01884.HK,2016-11-29,0.88,0.89,0.88,0.88,76000.0,0.0
01884.HK,2016-11-30,0.88,0.88,0.88,0.88,0.0,0.0
01884.HK,2016-12-01,0.89,0.89,0.89,0.89,60000.0,0.0
01884.HK,2016-12-02,0.88,0.91,0.87,0.9,64000.0,0.0
01884.HK,2016-12-05,0.88,0.9,0.88,0.9,444000.0,0.0
01884.HK,2016-12-06,0.88,0.88,0.88,0.88,92000.0,0.0
01884.HK,2016-12-07,0.88,0.91,0.88,0.91,60000.0,0.0
01884.HK,2016-12-08,0.91,0.91,0.91,0.91,8000.0,0.0
01884.HK,2016-12-09,0.91,0.91,0.91,0.91,0.0,0.0
01884.HK,2016-12-12,0.87,0.87,0.87,0.87,20000.0,0.0
01884.HK,2016-12-13,0.87,0.87,0.87,0.87,0.0,0.0
01884.HK,2016-12-14,0.87,0.87,0.87,0.87,0.0,0.0
01884.HK,2016-12-15,0.87,0.87,0.87,0.87,0.0,0.0
01884.HK,2016-12-16,0.87,0.87,0.87,0.87,20000.0,0.0
01884.HK,2016-12-19,0.87,0.87,0.87,0.87,0.0,0.0
01884.HK,2016-12-20,0.88,0.88,0.88,0.88,0.0,0.0
01884.HK,2016-12-21,0.86,0.86,0.86,0.86,76000.0,0.0
01884.HK,2016-12-22,0.87,0.87,0.86,0.86,32000.0,0.0
01884.HK,2016-12-23,0.86,0.86,0.86,0.86,0.0,0.0
01884.HK,2016-12-28,0.86,0.86,0.86,0.86,0.0,0.0
01884.HK,2016-12-29,0.86,0.86,0.86,0.86,40000.0,0.0
01884.HK,2016-12-30,0.87,0.87,0.87,0.87,4000.0,0.0
01884.HK,2017-01-03,0.86,0.86,0.86,0.86,20000.0,0.0
01884.HK,2017-01-04,0.89,0.89,0.89,0.89,36000.0,0.0
01884.HK,2017-01-05,0.89,0.89,0.89,0.89,0.0,0.0
01884.HK,2017-01-06,0.87,0.91,0.86,0.91,84000.0,0.0
01884.HK,2017-01-09,0.89,0.89,0.89,0.89,0.0,0.0
01884.HK,2017-01-10,0.87,0.87,0.87,0.87,8000.0,0.0
01884.HK,2017-01-11,0.88,0.88,0.88,0.88,36000.0,0.0
01884.HK,2017-01-12,0.88,0.89,0.88,0.89,40000.0,0.0
01884.HK,2017-01-13,0.89,0.89,0.89,0.89,0.0,0.0
01884.HK,2017-01-16,0.9,0.91,0.9,0.91,52000.0,0.0
01884.HK,2017-01-17,0.91,0.91,0.88,0.88,100000.0,0.0
01884.HK,2017-01-18,0.88,0.88,0.88,0.88,36000.0,0.0
01884.HK,2017-01-19,0.88,0.89,0.88,0.89,120000.0,0.0
01884.HK,2017-01-20,0.9,0.91,0.9,0.91,100000.0,0.0
01884.HK,2017-01-23,0.89,0.89,0.89,0.89,48000.0,0.0
01884.HK,2017-01-24,0.89,0.89,0.89,0.89,0.0,0.0
01884.HK,2017-01-25,0.89,0.89,0.89,0.89,0.0,0.0
01884.HK,2017-01-26,0.89,0.89,0.88,0.89,100000.0,0.0
01884.HK,2017-01-27,0.89,0.89,0.89,0.89,8000.0,0.0
01884.HK,2017-02-01,0.88,0.93,0.88,0.92,60000.0,0.0
01884.HK,2017-02-02,0.91,0.91,0.91,0.91,0.0,0.0
01884.HK,2017-02-03,0.91,0.91,0.91,0.91,0.0,0.0
01884.HK,2017-02-06,0.91,0.91,0.91,0.91,20000.0,0.0
01884.HK,2017-02-07,0.89,0.89,0.89,0.89,24000.0,0.0
01884.HK,2017-02-08,0.89,0.89,0.89,0.89,20000.0,0.0
01884.HK,2017-02-09,0.89,0.89,0.89,0.89,0.0,0.0
01884.HK,2017-02-10,0.91,0.91,0.91,0.91,196000.0,0.0
01884.HK,2017-02-13,0.91,0.91,0.9,0.91,540000.0,0.0
01884.HK,2017-02-14,0.9,0.92,0.9,0.9,1088000.0,0.0
01884.HK,2017-02-15,0.9,0.9,0.9,0.9,0.0,0.0
01884.HK,2017-02-16,0.91,0.93,0.91,0.91,104000.0,0.0
01884.HK,2017-02-17,0.91,0.91,0.91,0.91,100000.0,0.0
01884.HK,2017-02-20,0.91,0.91,0.88,0.89,24000.0,0.0
01884.HK,2017-02-21,0.89,0.89,0.89,0.89,0.0,0.0
01884.HK,2017-02-22,0.89,0.89,0.89,0.89,0.0,0.0
01884.HK,2017-02-23,0.89,0.89,0.89,0.89,96000.0,0.0
01884.HK,2017-02-24,0.89,0.89,0.89,0.89,28000.0,0.0
01884.HK,2017-02-27,0.89,0.89,0.89,0.89,0.0,0.0
01884.HK,2017-02-28,0.89,0.89,0.89,0.89,0.0,0.0
01884.HK,2017-03-01,0.89,0.89,0.89,0.89,0.0,0.0
01884.HK,2017-03-02,0.89,0.89,0.89,0.89,0.0,0.0
01884.HK,2017-03-03,0.89,0.89,0.86,0.87,120000.0,0.0
01884.HK,2017-03-06,0.87,0.87,0.87,0.87,0.0,0.0
01884.HK,2017-03-07,0.87,0.87,0.87,0.87,0.0,0.0
01884.HK,2017-03-08,0.87,0.87,0.87,0.87,0.0,0.0
01884.HK,2017-03-09,0.86,0.88,0.86,0.88,124000.0,0.0
01884.HK,2017-03-10,0.88,0.88,0.88,0.88,0.0,0.0
01884.HK,2017-03-13,0.88,0.88,0.88,0.88,8000.0,0.0
01884.HK,2017-03-14,0.88,0.88,0.88,0.88,0.0,0.0
01884.HK,2017-03-15,0.87,0.88,0.86,0.87,48000.0,0.0
01884.HK,2017-03-16,0.87,0.87,0.87,0.87,3500.0,0.0
01884.HK,2017-03-17,0.86,0.88,0.86,0.88,84000.0,0.0
01884.HK,2017-03-20,0.88,0.88,0.88,0.88,0.0,0.0
01884.HK,2017-03-21,0.88,0.88,0.88,0.88,8000.0,0.0
01884.HK,2017-03-22,0.88,0.91,0.88,0.9,144000.0,0.0
01884.HK,2017-03-23,0.9,0.9,0.9,0.9,44000.0,0.0
01884.HK,2017-03-24,0.9,0.9,0.9,0.9,0.0,0.0
01884.HK,2017-03-27,0.9,0.9,0.9,0.9,0.0,0.0
01884.HK,2017-03-28,0.84,0.9,0.84,0.89,52000.0,0.0
01884.HK,2017-03-29,0.89,0.89,0.88,0.88,20000.0,0.0
01884.HK,2017-03-30,0.86,0.87,0.86,0.87,24000.0,0.0
01884.HK,2017-03-31,0.86,0.87,0.86,0.87,104000.0,0.0
01884.HK,2017-04-03,0.87,0.87,0.87,0.87,0.0,0.0
01884.HK,2017-04-05,0.85,0.87,0.85,0.87,12000.0,0.0
01884.HK,2017-04-06,0.87,0.87,0.87,0.87,4000.0,0.0
01884.HK,2017-04-07,0.85,0.87,0.85,0.87,20000.0,0.0
01884.HK,2017-04-10,0.87,0.87,0.87,0.87,0.0,0.0
01884.HK,2017-04-11,0.87,0.94,0.84,0.87,120000.0,0.0
01884.HK,2017-04-12,0.87,0.87,0.87,0.87,16000.0,0.0
01884.HK,2017-04-13,0.85,0.89,0.85,0.88,88000.0,0.0
01884.HK,2017-04-18,0.88,0.88,0.88,0.88,0.0,0.0
01884.HK,2017-04-19,0.88,0.88,0.88,0.88,0.0,0.0
01884.HK,2017-04-20,0.87,0.87,0.87,0.87,0.0,0.0
01884.HK,2017-04-21,0.84,0.87,0.84,0.87,20000.0,0.0
01884.HK,2017-04-24,0.87,0.87,0.87,0.87,0.0,0.0
01884.HK,2017-04-25,0.87,0.87,0.87,0.87,0.0,0.0
01884.HK,2017-04-26,0.87,0.87,0.87,0.87,0.0,0.0
01884.HK,2017-04-27,0.87,0.87,0.87,0.87,0.0,0.0
01884.HK,2017-04-28,0.84,0.87,0.84,0.87,24000.0,0.0
01884.HK,2017-05-02,0.87,0.87,0.87,0.87,0.0,0.0
01884.HK,2017-05-04,0.87,0.88,0.87,0.88,68000.0,0.0
01884.HK,2017-05-05,0.88,0.88,0.88,0.88,96000.0,0.0
01884.HK,2017-05-08,0.84,0.88,0.84,0.88,80000.0,0.0
01884.HK,2017-05-09,0.84,0.89,0.84,0.88,128000.0,0.0
01884.HK,2017-05-10,0.88,0.88,0.86,0.88,56000.0,0.0
01884.HK,2017-05-11,0.88,0.88,0.88,0.88,0.0,0.0
01884.HK,2017-05-12,0.88,0.88,0.88,0.88,0.0,0.0
01884.HK,2017-05-15,0.84,0.87,0.84,0.87,156000.0,0.0
01884.HK,2017-05-16,0.85,0.87,0.85,0.87,24000.0,0.0
01884.HK,2017-05-17,0.84,0.85,0.84,0.85,152000.0,0.0
01884.HK,2017-05-18,0.84,0.85,0.84,0.85,84000.0,0.0
01884.HK,2017-05-19,0.84,0.85,0.84,0.85,12000.0,0.0
01884.HK,2017-05-22,0.84,0.85,0.81,0.85,76000.0,0.0
01884.HK,2017-05-23,0.85,0.85,0.85,0.85,0.0,0.0
01884.HK,2017-05-24,0.85,0.85,0.83,0.85,128000.0,0.0
01884.HK,2017-05-25,0.85,0.94,0.85,0.91,248000.0,0.0
01884.HK,2017-05-26,0.9,0.91,0.87,0.9,216000.0,0.0
01884.HK,2017-05-29,0.9,0.9,0.9,0.9,0.0,0.0
01884.HK,2017-05-31,0.9,0.9,0.9,0.9,56000.0,0.0
01884.HK,2017-06-01,0.9,0.9,0.88,0.9,144000.0,0.0
01884.HK,2017-06-02,0.9,0.91,0.9,0.9,136000.0,0.0
01884.HK,2017-06-05,0.9,0.91,0.9,0.9,404000.0,0.0
01884.HK,2017-06-06,0.9,0.91,0.9,0.9,824000.0,0.0
01884.HK,2017-06-07,0.89,0.91,0.88,0.9,152000.0,0.0
01884.HK,2017-06-08,0.91,0.92,0.9,0.91,420000.0,0.0
01884.HK,2017-06-09,0.93,1.0,0.93,0.98,992000.0,0.0
01884.HK,2017-06-12,0.98,1.11,0.98,1.08,6240000.0,0.0
01884.HK,2017-06-13,1.08,1.28,1.08,1.23,13484000.0,0.0
01884.HK,2017-06-14,1.23,1.27,1.17,1.22,5752000.0,0.0
01884.HK,2017-06-15,1.23,1.25,1.17,1.2,2156000.0,0.0
01884.HK,2017-06-16,1.2,1.22,1.04,1.14,7420000.0,0.0
01884.HK,2017-06-19,1.14,1.19,1.09,1.17,1604000.0,0.0
01884.HK,2017-06-20,1.17,1.2,1.17,1.19,1024000.0,0.0
01884.HK,2017-06-21,1.21,1.22,1.19,1.21,1388000.0,0.0
01884.HK,2017-06-22,1.21,1.22,1.18,1.21,788000.0,0.0
01884.HK,2017-06-23,1.19,1.25,1.19,1.24,1112000.0,0.0
01884.HK,2017-06-26,1.25,1.35,1.2,1.33,7181200.0,0.0
01884.HK,2017-06-27,1.33,1.4,0.81,1.2,13249200.0,0.0
01884.HK,2017-06-28,1.21,1.4,1.21,1.35,11928000.0,0.0
01884.HK,2017-06-29,1.35,1.38,1.24,1.35,6004000.0,0.0
01884.HK,2017-06-30,1.35,1.54,1.26,1.48,13384000.0,0.0
01884.HK,2017-07-03,1.5,1.58,1.5,1.55,4616000.0,0.0
01884.HK,2017-07-04,1.58,1.6,1.47,1.6,9232000.0,0.0
01884.HK,2017-07-05,1.6,1.67,1.56,1.66,11656000.0,0.0
01884.HK,2017-07-06,1.67,1.8,1.61,1.78,7064000.0,0.0
01884.HK,2017-07-07,1.81,2.0,1.79,1.99,11448000.0,0.0
01884.HK,2017-07-10,2.0,2.09,1.94,2.08,14140000.0,0.0
01884.HK,2017-07-11,2.1,2.24,1.46,1.6,37488000.0,0.0
01884.HK,2017-07-12,1.62,1.94,1.62,1.8,15520000.0,0.0
01884.HK,2017-07-13,1.83,1.85,1.69,1.71,3292000.0,0.0
01884.HK,2017-07-14,1.75,1.75,1.68,1.72,1324000.0,0.0
01884.HK,2017-07-17,1.73,1.8,1.7,1.74,1372000.0,0.0
01884.HK,2017-07-18,1.72,1.76,1.72,1.75,908000.0,0.0
01884.HK,2017-07-19,1.73,1.84,1.73,1.8,1316000.0,0.0
01884.HK,2017-07-20,1.8,1.83,1.76,1.81,6248000.0,0.0
01884.HK,2017-07-21,1.85,1.86,1.81,1.85,1312000.0,0.0
01884.HK,2017-07-24,1.86,2.0,1.83,2.0,2144000.0,0.0
01884.HK,2017-07-25,2.0,2.0,1.9,1.98,1984000.0,0.0
01884.HK,2017-07-26,1.94,2.02,1.94,1.99,2808000.0,0.0
01884.HK,2017-07-27,1.99,2.0,1.98,1.99,996000.0,0.0
01884.HK,2017-07-28,1.97,1.98,1.93,1.97,516000.0,0.0
01884.HK,2017-07-31,1.95,1.99,1.94,1.97,1824000.0,0.0
01884.HK,2017-08-01,1.98,1.98,1.95,1.98,676000.0,0.0
01884.HK,2017-08-02,1.97,2.07,1.95,1.98,1328000.0,0.0
01884.HK,2017-08-03,2.0,2.13,1.98,2.13,1764000.0,0.0
01884.HK,2017-08-04,2.13,2.19,1.96,2.12,7044000.0,0.0
01884.HK,2017-08-07,2.09,2.13,2.06,2.09,652000.0,0.0
01884.HK,2017-08-08,2.13,2.13,2.04,2.07,624000.0,0.0
01884.HK,2017-08-09,2.08,2.09,2.03,2.07,596000.0,0.0
01884.HK,2017-08-10,2.06,2.09,2.01,2.05,420000.0,0.0
01884.HK,2017-08-11,2.04,2.07,2.0,2.01,1224000.0,0.0
01884.HK,2017-08-14,2.01,2.06,1.95,2.01,632000.0,0.0
01884.HK,2017-08-15,1.98,1.99,1.95,1.98,260000.0,0.0
01884.HK,2017-08-16,1.95,1.99,1.9,1.94,644000.0,0.0
01884.HK,2017-08-17,1.98,1.98,1.93,1.95,853712.0,0.0
01884.HK,2017-08-18,1.98,2.04,1.96,2.02,704000.0,0.0
01884.HK,2017-08-21,2.08,2.08,1.99,2.03,556000.0,0.0
01884.HK,2017-08-22,2.04,2.06,1.99,2.0,504000.0,0.0
01884.HK,2017-08-24,2.01,2.04,1.99,2.04,680000.0,0.0
01884.HK,2017-08-25,2.0,2.03,1.97,2.0,684000.0,0.0
01884.HK,2017-08-28,2.03,2.05,2.0,2.0,192000.0,0.0
01884.HK,2017-08-29,2.01,2.01,1.96,1.99,244000.0,0.0
01884.HK,2017-08-30,1.99,2.01,1.96,1.99,384000.0,0.0
01884.HK,2017-08-31,1.98,1.99,1.92,1.98,284000.0,0.0
01884.HK,2017-09-01,1.98,1.98,1.88,1.97,668000.0,0.0
01884.HK,2017-09-04,1.96,2.0,1.92,1.95,2752000.0,0.0
01884.HK,2017-09-05,1.95,2.0,1.94,1.99,2484000.0,0.0
01884.HK,2017-09-06,1.95,1.97,1.92,1.95,864000.0,0.0
01884.HK,2017-09-07,1.97,1.99,1.9,1.96,4652000.0,0.0
01884.HK,2017-09-08,1.96,1.99,1.96,1.98,1972000.0,0.0
01884.HK,2017-09-11,1.97,1.97,1.92,1.96,272000.0,0.0
01884.HK,2017-09-12,1.95,1.96,1.92,1.94,408000.0,0.0
01884.HK,2017-09-13,1.97,1.98,1.91,1.93,912000.0,0.0
01884.HK,2017-09-14,1.93,1.95,1.92,1.94,424000.0,0.0
01884.HK,2017-09-15,1.97,1.98,1.92,1.95,440000.0,0.0
01884.HK,2017-09-18,1.93,1.95,1.93,1.95,612000.0,0.0
01884.HK,2017-09-19,1.92,1.98,1.92,1.97,1116000.0,0.0
01884.HK,2017-09-20,1.96,2.2,1.96,2.04,1780000.0,0.0
01884.HK,2017-09-21,2.09,2.33,2.05,2.26,2952000.0,0.0
01884.HK,2017-09-22,2.3,2.38,2.21,2.27,2156000.0,0.0
01884.HK,2017-09-25,2.29,2.31,2.19,2.27,1552000.0,0.0
01884.HK,2017-09-26,2.27,2.27,2.21,2.25,1632000.0,0.0
01884.HK,2017-09-27,2.25,2.27,2.21,2.26,884000.0,0.0
01884.HK,2017-09-28,2.26,2.31,2.24,2.31,2468000.0,0.0
01884.HK,2017-09-29,2.35,2.38,2.29,2.37,2360000.0,0.0
01884.HK,2017-10-03,2.38,2.4,2.29,2.34,2212000.0,0.0
01884.HK,2017-10-04,2.35,2.38,2.3,2.35,2400000.0,0.0
01884.HK,2017-10-06,2.35,2.36,2.31,2.35,2220000.0,0.0
01884.HK,2017-10-09,2.35,2.36,2.29,2.32,4512000.0,0.0
01884.HK,2017-10-10,2.35,2.35,2.3,2.35,4416000.0,0.0
01884.HK,2017-10-11,2.35,2.35,2.3,2.33,4556000.0,0.0
01884.HK,2017-10-12,2.35,2.39,2.31,2.38,4392000.0,0.0
01884.HK,2017-10-13,2.38,2.51,2.35,2.42,4396000.0,0.0
01884.HK,2017-10-16,2.41,2.44,2.37,2.38,4128000.0,0.0
01884.HK,2017-10-17,2.39,2.39,2.34,2.36,4340000.0,0.0
01884.HK,2017-10-18,2.37,2.41,2.35,2.41,4424000.0,0.0
01884.HK,2017-10-19,2.4,2.44,2.34,2.39,4340000.0,0.0
01884.HK,2017-10-20,2.37,2.4,2.32,2.4,3932000.0,0.0
01884.HK,2017-10-23,2.42,2.56,2.37,2.56,5352000.0,0.0
01884.HK,2017-10-24,2.69,2.69,2.3,2.37,16632000.0,0.0
01884.HK,2017-10-25,2.43,2.44,2.24,2.37,4544000.0,0.0
01884.HK,2017-10-26,2.35,2.36,2.29,2.33,1336000.0,0.0
01884.HK,2017-10-27,2.35,2.35,2.29,2.29,1444000.0,0.0
01884.HK,2017-10-30,2.44,2.5,2.29,2.3,1848000.0,0.0
01884.HK,2017-10-31,2.38,2.38,2.25,2.3,4592000.0,0.0
01884.HK,2017-11-01,2.31,2.32,2.24,2.29,1640000.0,0.0
01884.HK,2017-11-02,2.31,2.31,2.22,2.25,1476000.0,0.0
01884.HK,2017-11-03,2.23,2.25,2.2,2.25,2072000.0,0.0
01884.HK,2017-11-06,2.3,2.3,2.19,2.24,1432000.0,0.0
01884.HK,2017-11-07,2.29,2.3,2.2,2.2,2080000.0,0.0
01884.HK,2017-11-08,2.24,2.25,2.18,2.23,1036000.0,0.0
01884.HK,2017-11-09,2.23,2.25,2.18,2.2,824000.0,0.0
01884.HK,2017-11-10,2.21,2.24,2.16,2.22,492000.0,0.0
01884.HK,2017-11-13,2.23,2.23,2.17,2.18,520000.0,0.0
01884.HK,2017-11-14,2.21,2.24,2.19,2.24,324000.0,0.0
01884.HK,2017-11-15,2.3,2.48,2.23,2.4,2180000.0,0.0
01884.HK,2017-11-16,2.41,2.5,2.39,2.47,18872000.0,0.0
01884.HK,2017-11-17,2.47,2.5,2.39,2.47,1876000.0,0.0
01884.HK,2017-11-20,2.48,2.48,2.42,2.47,468000.0,0.0
01884.HK,2017-11-21,2.47,2.59,2.46,2.54,1820000.0,0.0
01884.HK,2017-11-22,2.54,2.6,2.47,2.55,1808000.0,0.0
01884.HK,2017-11-23,2.56,2.56,2.47,2.52,992000.0,0.0
01884.HK,2017-11-24,2.5,2.52,2.4,2.51,3288000.0,0.0
01884.HK,2017-11-27,2.5,2.51,2.45,2.47,1024000.0,0.0
01884.HK,2017-11-28,2.48,2.49,2.44,2.48,1664000.0,0.0
01884.HK,2017-11-29,2.48,2.5,2.46,2.5,2964000.0,0.0
01884.HK,2017-11-30,2.5,2.51,2.48,2.5,1760000.0,0.0
01884.HK,2017-12-01,2.49,2.5,2.47,2.5,788000.0,0.0
01884.HK,2017-12-04,2.5,2.57,2.48,2.55,1568000.0,0.0
01884.HK,2017-12-05,2.55,2.58,2.49,2.53,1068000.0,0.0
01884.HK,2017-12-06,2.54,2.56,2.45,2.53,1148000.0,0.0
01884.HK,2017-12-07,2.53,2.57,2.4,2.46,10664000.0,0.0
01884.HK,2017-12-08,2.47,2.48,2.38,2.46,7612000.0,0.0
01884.HK,2017-12-11,2.45,2.54,2.44,2.5,1096000.0,0.0
01884.HK,2017-12-12,2.46,2.5,2.45,2.47,1416000.0,0.0
01884.HK,2017-12-13,2.5,2.5,2.45,2.5,1124000.0,0.0
01884.HK,2017-12-14,2.5,2.51,2.47,2.5,1704000.0,0.0
01884.HK,2017-12-15,2.5,2.55,2.46,2.51,2908000.0,0.0
01884.HK,2017-12-18,2.51,2.51,2.46,2.5,748000.0,0.0
01884.HK,2017-12-19,2.47,2.49,2.47,2.49,916000.0,0.0
01884.HK,2017-12-20,2.47,2.49,2.44,2.49,580000.0,0.0
01884.HK,2017-12-21,2.48,2.49,2.45,2.48,1204000.0,0.0
01884.HK,2017-12-22,2.46,2.48,2.45,2.46,504000.0,0.0
01884.HK,2017-12-27,2.46,2.46,2.31,2.43,1708000.0,0.0
01884.HK,2017-12-28,2.47,2.48,2.4,2.42,748000.0,0.0
01884.HK,2017-12-29,2.4,2.44,2.37,2.44,588000.0,0.0
01884.HK,2018-01-02,2.42,2.44,2.38,2.43,468000.0,0.0
01884.HK,2018-01-03,2.4,2.43,2.37,2.41,744000.0,0.0
01884.HK,2018-01-04,2.41,2.43,2.4,2.42,556000.0,0.0
01884.HK,2018-01-05,2.4,2.42,2.39,2.41,480000.0,0.0
01884.HK,2018-01-08,2.4,2.41,2.37,2.39,400000.0,0.0
01884.HK,2018-01-09,2.39,2.4,2.37,2.4,556000.0,0.0
01884.HK,2018-01-10,2.4,2.5,2.39,2.46,1404000.0,0.0
01884.HK,2018-01-11,2.46,2.9,2.45,2.87,6016000.0,0.0
01884.HK,2018-01-12,2.87,3.1,2.79,3.01,23708008.0,0.0
01884.HK,2018-01-15,3.03,3.45,3.01,3.39,11880000.0,0.0
01884.HK,2018-01-16,3.49,3.52,3.22,3.34,8568000.0,0.0
01884.HK,2018-01-17,3.37,3.44,3.28,3.33,3280000.0,0.0
01884.HK,2018-01-18,3.33,3.51,3.29,3.42,5804000.0,0.0
01884.HK,2018-01-19,3.47,3.5,3.2,3.49,8040000.0,0.0
01884.HK,2018-01-22,3.61,3.61,3.27,3.32,18916000.0,0.0
01884.HK,2018-01-23,3.51,3.62,3.37,3.5,25564000.0,0.0
01884.HK,2018-01-24,3.45,3.5,1.1,1.75,104940000.0,0.0
01884.HK,2018-01-25,1.7,2.79,1.61,2.74,119270000.0,0.0
01884.HK,2018-01-26,2.77,2.88,1.96,2.07,61966000.0,0.0
01884.HK,2018-01-29,2.11,2.25,1.8,1.98,30836000.0,0.0
01884.HK,2018-01-30,2.07,2.09,1.74,1.78,12828000.0,0.0
01884.HK,2018-01-31,1.8,1.82,1.69,1.7,4436000.0,0.0
01884.HK,2018-02-01,1.69,1.7,0.99,1.03,52128000.0,0.0
01884.HK,2018-02-02,1.03,1.05,0.83,0.86,73924000.0,0.0
01884.HK,2018-02-05,0.85,1.0,0.8,0.94,30832000.0,0.0
01884.HK,2018-02-06,0.89,0.94,0.85,0.88,9090000.0,0.0
01884.HK,2018-02-07,0.91,1.14,0.89,0.91,51622000.0,0.0
01884.HK,2018-02-08,0.93,0.96,0.85,0.87,11752000.0,0.0
01884.HK,2018-02-09,0.83,0.91,0.8,0.85,13532000.0,0.0
01884.HK,2018-02-12,0.85,0.94,0.81,0.84,19048000.0,0.0
01884.HK,2018-02-13,0.85,0.87,0.83,0.85,3044000.0,0.0
01884.HK,2018-02-14,0.86,0.86,0.83,0.84,3116000.0,0.0
01884.HK,2018-02-15,0.85,0.85,0.82,0.83,1940000.0,0.0
01884.HK,2018-02-20,0.84,0.87,0.81,0.85,1964000.0,0.0
01884.HK,2018-02-21,0.85,0.92,0.85,0.86,3784000.0,0.0
01884.HK,2018-02-22,0.85,0.88,0.85,0.85,1936000.0,0.0
01884.HK,2018-02-23,0.87,0.89,0.84,0.88,4164000.0,0.0
01884.HK,2018-02-26,0.88,0.89,0.84,0.85,2240000.0,0.0
01884.HK,2018-02-27,0.85,0.86,0.83,0.83,1116000.0,0.0
01884.HK,2018-02-28,0.84,0.85,0.83,0.83,1300000.0,0.0
01884.HK,2018-03-01,0.83,0.85,0.82,0.82,2328000.0,0.0
01884.HK,2018-03-02,0.82,0.82,0.8,0.81,4000000.0,0.0
01884.HK,2018-03-05,0.81,0.81,0.77,0.78,2816000.0,0.0
01884.HK,2018-03-06,0.8,0.81,0.78,0.81,1264000.0,0.0
01884.HK,2018-03-07,0.81,0.81,0.79,0.79,524000.0,0.0
01884.HK,2018-03-08,0.79,0.8,0.78,0.78,788000.0,0.0
01884.HK,2018-03-09,0.8,0.8,0.78,0.79,652000.0,0.0
01884.HK,2018-03-12,0.79,0.79,0.77,0.77,1096000.0,0.0
01884.HK,2018-03-13,0.77,0.78,0.77,0.77,824000.0,0.0
01884.HK,2018-03-14,0.77,0.77,0.75,0.75,1656000.0,0.0
01884.HK,2018-03-15,0.75,0.8,0.72,0.79,4900000.0,0.0
01884.HK,2018-03-16,0.79,0.8,0.77,0.77,1892000.0,0.0
01884.HK,2018-03-19,0.77,0.77,0.74,0.74,1220000.0,0.0
01884.HK,2018-03-20,0.74,0.76,0.74,0.76,736000.0,0.0
01884.HK,2018-03-21,0.73,0.75,0.73,0.74,1348000.0,0.0
01884.HK,2018-03-22,0.74,0.75,0.73,0.75,844000.0,0.0
01884.HK,2018-03-23,0.74,0.74,0.7,0.72,1616000.0,0.0
01884.HK,2018-03-26,0.71,0.72,0.7,0.7,1340000.0,0.0
01884.HK,2018-03-27,0.69,0.76,0.65,0.7,4836000.0,0.0
01884.HK,2018-03-28,0.68,0.69,0.68,0.68,748000.0,0.0
01884.HK,2018-03-29,0.68,0.68,0.66,0.66,1752000.0,0.0
01884.HK,2018-04-03,0.63,0.68,0.63,0.65,580000.0,0.0
01884.HK,2018-04-04,0.65,0.65,0.63,0.63,1068000.0,0.0
01884.HK,2018-04-06,0.64,0.65,0.6,0.6,1172000.0,0.0
01884.HK,2018-04-09,0.57,0.61,0.57,0.59,2536000.0,0.0
01884.HK,2018-04-10,0.58,0.61,0.57,0.57,1828000.0,0.0
01884.HK,2018-04-11,0.57,0.63,0.57,0.59,2148000.0,0.0
01884.HK,2018-04-12,0.59,0.63,0.58,0.63,1120000.0,0.0
01884.HK,2018-04-13,0.65,0.66,0.63,0.65,1876000.0,0.0
01884.HK,2018-04-16,0.65,0.66,0.65,0.65,676000.0,0.0
01884.HK,2018-04-17,0.66,0.66,0.63,0.63,604000.0,0.0
01884.HK,2018-04-18,0.62,0.62,0.6,0.61,1004000.0,0.0
01884.HK,2018-04-19,0.62,0.64,0.61,0.61,664000.0,0.0
01884.HK,2018-04-20,0.64,0.64,0.59,0.59,1016000.0,0.0
01884.HK,2018-04-23,0.59,0.6,0.59,0.6,300000.0,0.0
01884.HK,2018-04-24,0.6,0.61,0.56,0.58,656000.0,0.0
01884.HK,2018-04-25,0.59,0.59,0.57,0.57,372000.0,0.0
01884.HK,2018-04-26,0.59,0.6,0.56,0.59,1708000.0,0.0
01884.HK,2018-04-27,0.6,0.63,0.57,0.58,2564000.0,0.0
01884.HK,2018-04-30,0.58,0.6,0.58,0.59,524000.0,0.0
01884.HK,2018-05-02,0.59,0.59,0.57,0.57,352000.0,0.0
01884.HK,2018-05-03,0.58,0.58,0.57,0.58,224000.0,0.0
01884.HK,2018-05-04,0.59,0.59,0.58,0.59,756000.0,0.0
01884.HK,2018-05-07,0.59,0.59,0.57,0.57,816000.0,0.0
01884.HK,2018-05-08,0.57,0.59,0.56,0.57,492000.0,0.0
01884.HK,2018-05-09,0.57,0.57,0.55,0.55,588000.0,0.0
01884.HK,2018-05-10,0.57,0.71,0.55,0.7,6620000.0,0.0
01884.HK,2018-05-11,0.71,0.8,0.66,0.75,10272000.0,0.0
01884.HK,2018-05-14,0.78,0.78,0.72,0.74,1820000.0,0.0
01884.HK,2018-05-15,0.73,0.73,0.7,0.71,1740000.0,0.0
01884.HK,2018-05-16,0.68,0.7,0.62,0.62,2924000.0,0.0
01884.HK,2018-05-17,0.62,0.7,0.6,0.69,4503200.0,0.0
01884.HK,2018-05-18,0.7,0.76,0.7,0.72,3611200.0,0.0
01884.HK,2018-05-21,0.77,0.77,0.73,0.73,1560000.0,0.0
01884.HK,2018-05-23,0.73,0.75,0.71,0.71,748000.0,0.0
01884.HK,2018-05-24,0.72,0.72,0.71,0.72,392000.0,0.0
01884.HK,2018-05-25,0.71,0.72,0.69,0.72,524000.0,0.0
01884.HK,2018-05-28,0.7,0.71,0.69,0.71,1108000.0,0.0
01884.HK,2018-05-29,0.7,0.71,0.69,0.71,420000.0,0.0
01884.HK,2018-05-30,0.69,0.7,0.67,0.68,536000.0,0.0
01884.HK,2018-05-31,0.68,0.69,0.68,0.69,728000.0,0.0
01884.HK,2018-06-01,0.67,0.68,0.67,0.67,712000.0,0.0
01884.HK,2018-06-04,0.68,0.69,0.68,0.68,76000.0,0.0
01884.HK,2018-06-05,0.68,0.68,0.68,0.68,264000.0,0.0
01884.HK,2018-06-06,0.67,0.69,0.67,0.69,356000.0,0.0
01884.HK,2018-06-07,0.68,0.69,0.68,0.69,52000.0,0.0
01884.HK,2018-06-08,0.69,0.7,0.69,0.7,380000.0,0.0
01884.HK,2018-06-11,0.7,0.7,0.69,0.7,344000.0,0.0
01884.HK,2018-06-12,0.69,0.72,0.69,0.69,176000.0,0.0
01884.HK,2018-06-13,0.68,0.69,0.67,0.69,456000.0,0.0
01884.HK,2018-06-14,0.68,0.69,0.68,0.69,280000.0,0.0
01884.HK,2018-06-15,0.69,0.69,0.69,0.69,8000.0,0.0
01884.HK,2018-06-19,0.69,0.7,0.65,0.69,708000.0,0.0
01884.HK,2018-06-20,0.68,0.69,0.68,0.69,112000.0,0.0
01884.HK,2018-06-21,0.68,0.71,0.67,0.7,428000.0,0.0
01884.HK,2018-06-22,0.67,0.68,0.67,0.68,140000.0,0.0
01884.HK,2018-06-25,0.67,0.68,0.66,0.66,792000.0,0.0
01884.HK,2018-06-26,0.66,0.66,0.64,0.66,192000.0,0.0
01884.HK,2018-06-27,0.65,0.66,0.65,0.65,136000.0,0.0
01884.HK,2018-06-28,0.65,0.65,0.64,0.64,596000.0,0.0
01884.HK,2018-06-29,0.65,0.66,0.64,0.65,432000.0,0.0
01884.HK,2018-07-03,0.64,0.64,0.61,0.63,400000.0,0.0
01884.HK,2018-07-04,0.62,0.67,0.62,0.65,688000.0,0.0
01884.HK,2018-07-05,0.65,0.65,0.63,0.65,180000.0,0.0
01884.HK,2018-07-06,0.63,0.63,0.61,0.63,260000.0,0.0
01884.HK,2018-07-09,0.64,0.64,0.63,0.63,92000.0,0.0
01884.HK,2018-07-10,0.64,0.64,0.57,0.57,1468000.0,0.0
01884.HK,2018-07-11,0.58,0.58,0.55,0.57,1764000.0,0.0
01884.HK,2018-07-12,0.58,0.58,0.57,0.58,104000.0,0.0
01884.HK,2018-07-13,0.59,0.6,0.58,0.58,636000.0,0.0
01884.HK,2018-07-16,0.58,0.6,0.58,0.59,136000.0,0.0
01884.HK,2018-07-17,0.61,0.63,0.6,0.6,1500000.0,0.0
01884.HK,2018-07-18,0.6,0.62,0.6,0.61,180000.0,0.0
01884.HK,2018-07-19,0.59,0.6,0.59,0.6,112000.0,0.0
01884.HK,2018-07-20,0.6,0.65,0.59,0.61,2016000.0,0.0
01884.HK,2018-07-23,0.62,0.62,0.61,0.61,208000.0,0.0
01884.HK,2018-07-24,0.6,0.64,0.6,0.64,772000.0,0.0
01884.HK,2018-07-25,0.62,0.66,0.62,0.66,344000.0,0.0
01884.HK,2018-07-26,0.63,0.65,0.63,0.65,212000.0,0.0
01884.HK,2018-07-27,0.66,0.66,0.65,0.65,20000.0,0.0
01884.HK,2018-07-30,0.65,0.65,0.63,0.64,264000.0,0.0
01884.HK,2018-07-31,0.63,0.64,0.63,0.64,216000.0,0.0
01884.HK,2018-08-01,0.61,0.63,0.61,0.63,252000.0,0.0
01884.HK,2018-08-02,0.62,0.62,0.61,0.62,436000.0,0.0
01884.HK,2018-08-03,0.62,0.62,0.62,0.62,0.0,0.0
01884.HK,2018-08-06,0.6,0.61,0.59,0.6,572000.0,0.0
01884.HK,2018-08-07,0.59,0.61,0.59,0.61,188000.0,0.0
01884.HK,2018-08-08,0.61,0.62,0.61,0.62,368000.0,0.0
01884.HK,2018-08-09,0.6,0.69,0.59,0.6,8368000.0,0.0
01884.HK,2018-08-10,0.59,0.6,0.59,0.6,208000.0,0.0
01884.HK,2018-08-13,0.61,0.61,0.6,0.6,84000.0,0.0
01884.HK,2018-08-14,0.6,0.6,0.6,0.6,0.0,0.0
01884.HK,2018-08-15,0.59,0.62,0.59,0.61,672000.0,0.0
01884.HK,2018-08-16,0.58,0.59,0.58,0.58,556000.0,0.0
01884.HK,2018-08-17,0.57,0.6,0.57,0.59,144000.0,0.0
01884.HK,2018-08-20,0.59,0.6,0.57,0.58,96000.0,0.0
01884.HK,2018-08-21,0.57,0.58,0.56,0.58,472000.0,0.0
01884.HK,2018-08-22,0.56,0.57,0.55,0.57,336000.0,0.0
01884.HK,2018-08-23,0.57,0.57,0.56,0.56,576000.0,0.0
01884.HK,2018-08-24,0.56,0.56,0.56,0.56,84000.0,0.0
01884.HK,2018-08-27,0.56,0.57,0.55,0.57,104000.0,0.0
01884.HK,2018-08-28,0.57,0.57,0.57,0.57,0.0,0.0
01884.HK,2018-08-29,0.56,0.56,0.54,0.56,272000.0,0.0
01884.HK,2018-08-30,0.54,0.56,0.54,0.55,272000.0,0.0
01884.HK,2018-08-31,0.55,0.55,0.53,0.54,324000.0,0.0
01884.HK,2018-09-03,0.51,0.53,0.51,0.52,244000.0,0.0
01884.HK,2018-09-04,0.52,0.54,0.51,0.53,464000.0,0.0
01884.HK,2018-09-05,0.53,0.53,0.52,0.53,228000.0,0.0
01884.HK,2018-09-06,0.53,0.53,0.51,0.52,256000.0,0.0
01884.HK,2018-09-07,0.52,0.52,0.5,0.51,260000.0,0.0
01884.HK,2018-09-10,0.52,0.54,0.52,0.54,84000.0,0.0
01884.HK,2018-09-11,0.54,0.54,0.52,0.52,92000.0,0.0
01884.HK,2018-09-12,0.52,0.52,0.52,0.52,176000.0,0.0
01884.HK,2018-09-13,0.52,0.54,0.52,0.54,24000.0,0.0
01884.HK,2018-09-14,0.54,0.54,0.54,0.54,0.0,0.0
01884.HK,2018-09-17,0.54,0.54,0.5,0.5,124000.0,0.0
01884.HK,2018-09-18,0.51,0.55,0.51,0.54,44000.0,0.0
01884.HK,2018-09-19,0.54,0.54,0.54,0.54,424000.0,0.0
01884.HK,2018-09-20,0.54,0.54,0.54,0.54,0.0,0.0
01884.HK,2018-09-21,0.51,0.53,0.5,0.53,160000.0,0.0
01884.HK,2018-09-24,0.53,0.53,0.53,0.53,40000.0,0.0
01884.HK,2018-09-26,0.53,0.53,0.53,0.53,0.0,0.0
01884.HK,2018-09-27,0.53,0.53,0.51,0.52,248000.0,0.0
01884.HK,2018-09-28,0.52,0.52,0.52,0.52,252000.0,0.0
01884.HK,2018-10-02,0.51,0.51,0.51,0.51,20000.0,0.0
01884.HK,2018-10-03,0.52,0.52,0.51,0.51,100000.0,0.0
01884.HK,2018-10-04,0.51,0.51,0.51,0.51,244000.0,0.0
01884.HK,2018-10-05,0.51,0.51,0.5,0.5,124000.0,0.0
01884.HK,2018-10-08,0.5,0.5,0.5,0.5,176000.0,0.0
01884.HK,2018-10-09,0.5,0.5,0.5,0.5,180000.0,0.0
01884.HK,2018-10-10,0.5,0.5,0.49,0.49,164000.0,0.0
01884.HK,2018-10-11,0.48,0.48,0.47,0.48,272000.0,0.0
01884.HK,2018-10-12,0.47,0.47,0.45,0.46,412000.0,0.0
01884.HK,2018-10-15,0.43,0.46,0.43,0.44,200000.0,0.0
01884.HK,2018-10-16,0.45,0.45,0.45,0.45,40000.0,0.0
01884.HK,2018-10-18,0.43,0.46,0.43,0.46,76000.0,0.0
01884.HK,2018-10-19,0.45,0.45,0.44,0.45,200000.0,0.0
01884.HK,2018-10-22,0.43,0.45,0.43,0.45,204000.0,0.0
01884.HK,2018-10-23,0.45,0.46,0.45,0.46,184000.0,0.0
01884.HK,2018-10-24,0.46,0.46,0.46,0.46,20000.0,0.0
01884.HK,2018-10-25,0.44,0.45,0.44,0.45,100000.0,0.0
01884.HK,2018-10-26,0.45,0.45,0.4,0.41,344000.0,0.0
01884.HK,2018-10-29,0.41,0.44,0.41,0.44,208000.0,0.0
01884.HK,2018-10-30,0.45,0.46,0.45,0.45,192000.0,0.0
01884.HK,2018-10-31,0.45,0.45,0.44,0.44,72000.0,0.0
01884.HK,2018-11-01,0.43,0.44,0.43,0.43,80000.0,0.0
01884.HK,2018-11-02,0.45,0.45,0.44,0.45,88000.0,0.0
01884.HK,2018-11-05,0.45,0.45,0.45,0.45,60000.0,0.0
01884.HK,2018-11-06,0.45,0.46,0.45,0.46,120000.0,0.0
01884.HK,2018-11-07,0.45,0.45,0.42,0.44,728000.0,0.0
01884.HK,2018-11-08,0.44,0.44,0.44,0.44,120000.0,0.0
01884.HK,2018-11-09,0.44,0.56,0.44,0.5,1468000.0,0.0
01884.HK,2018-11-12,0.48,0.48,0.45,0.46,648000.0,0.0
01884.HK,2018-11-13,0.44,0.45,0.44,0.45,4000.0,0.0
01884.HK,2018-11-14,0.46,0.46,0.46,0.46,20000.0,0.0
01884.HK,2018-11-15,0.45,0.46,0.44,0.46,92000.0,0.0
01884.HK,2018-11-16,0.44,0.45,0.44,0.45,4000.0,0.0
01884.HK,2018-11-19,0.45,0.45,0.45,0.45,0.0,0.0
01884.HK,2018-11-20,0.45,0.48,0.45,0.48,136000.0,0.0
01884.HK,2018-11-21,0.48,0.48,0.48,0.48,0.0,0.0
01884.HK,2018-11-22,0.5,0.5,0.48,0.48,68000.0,0.0
01884.HK,2018-11-23,0.48,0.48,0.48,0.48,0.0,0.0
01884.HK,2018-11-26,0.47,0.47,0.47,0.47,16000.0,0.0
01884.HK,2018-11-27,0.46,0.47,0.46,0.46,36000.0,0.0
01884.HK,2018-11-28,0.46,0.46,0.46,0.46,0.0,0.0
01884.HK,2018-11-29,0.46,0.47,0.46,0.47,64000.0,0.0
01884.HK,2018-11-30,0.46,0.5,0.46,0.5,508000.0,0.0
01884.HK,2018-12-03,0.48,0.49,0.48,0.49,136000.0,0.0
01884.HK,2018-12-04,0.49,0.49,0.49,0.49,20000.0,0.0
01884.HK,2018-12-05,0.49,0.49,0.49,0.49,192000.0,0.0
01884.HK,2018-12-06,0.49,0.49,0.45,0.46,120000.0,0.0
01884.HK,2018-12-07,0.46,0.46,0.45,0.46,104000.0,0.0
01884.HK,2018-12-10,0.46,0.46,0.46,0.46,0.0,0.0
01884.HK,2018-12-11,0.46,0.46,0.46,0.46,0.0,0.0
01884.HK,2018-12-12,0.46,0.46,0.46,0.46,0.0,0.0
01884.HK,2018-12-13,0.47,0.49,0.47,0.49,8000.0,0.0
01884.HK,2018-12-14,0.46,0.47,0.46,0.47,12000.0,0.0
01884.HK,2018-12-17,0.46,0.46,0.45,0.45,116000.0,0.0
01884.HK,2018-12-18,0.43,0.46,0.43,0.46,76000.0,0.0
01884.HK,2018-12-19,0.46,0.46,0.46,0.46,0.0,0.0
01884.HK,2018-12-20,0.46,0.46,0.46,0.46,0.0,0.0
01884.HK,2018-12-21,0.42,0.44,0.41,0.43,152000.0,0.0
01884.HK,2018-12-24,0.43,0.43,0.43,0.43,0.0,0.0
01884.HK,2018-12-27,0.43,0.43,0.43,0.43,4000.0,0.0
01884.HK,2018-12-28,0.43,0.43,0.43,0.43,0.0,0.0
01884.HK,2018-12-31,0.43,0.43,0.43,0.43,40000.0,0.0
01884.HK,2019-01-02,0.43,0.43,0.43,0.43,44000.0,0.0
01884.HK,2019-01-03,0.43,0.47,0.43,0.43,92000.0,0.0
01884.HK,2019-01-04,0.41,0.42,0.37,0.4,156000.0,0.0
01884.HK,2019-01-07,0.4,0.41,0.4,0.41,88000.0,0.0
01884.HK,2019-01-08,0.42,0.43,0.4,0.4,224000.0,0.0
01884.HK,2019-01-09,0.43,0.44,0.42,0.44,488000.0,0.0
01884.HK,2019-01-10,0.42,0.46,0.42,0.44,84000.0,0.0
01884.HK,2019-01-11,0.44,0.44,0.44,0.44,0.0,0.0
01884.HK,2019-01-14,0.43,0.43,0.43,0.43,8000.0,0.0
01884.HK,2019-01-15,0.43,0.43,0.43,0.43,88000.0,0.0
01884.HK,2019-01-16,0.43,0.48,0.42,0.47,260000.0,0.0
01884.HK,2019-01-17,0.43,0.46,0.43,0.46,16000.0,0.0
01884.HK,2019-01-18,0.45,0.45,0.45,0.45,0.0,0.0
01884.HK,2019-01-21,0.47,0.48,0.47,0.48,300000.0,0.0
01884.HK,2019-01-22,0.47,0.47,0.46,0.46,136000.0,0.0
01884.HK,2019-01-23,0.46,0.46,0.46,0.46,0.0,0.0
01884.HK,2019-01-24,0.45,0.46,0.44,0.46,132000.0,0.0
01884.HK,2019-01-25,0.47,0.49,0.47,0.47,672000.0,0.0
01884.HK,2019-01-28,0.47,0.49,0.47,0.48,224000.0,0.0
01884.HK,2019-01-29,0.48,0.5,0.48,0.48,204000.0,0.0
01884.HK,2019-01-30,0.48,0.48,0.48,0.48,0.0,0.0
01884.HK,2019-01-31,0.48,0.5,0.48,0.5,36000.0,0.0
01884.HK,2019-02-01,0.48,0.48,0.48,0.48,168000.0,0.0
01884.HK,2019-02-04,0.48,0.5,0.48,0.5,44000.0,0.0
01884.HK,2019-02-08,0.5,0.5,0.5,0.5,0.0,0.0
01884.HK,2019-02-11,0.49,0.5,0.48,0.48,204000.0,0.0
01884.HK,2019-02-12,0.48,0.48,0.48,0.48,204000.0,0.0
01884.HK,2019-02-13,0.46,0.49,0.46,0.48,40000.0,0.0
01884.HK,2019-02-14,0.46,0.49,0.46,0.48,32000.0,0.0
01884.HK,2019-02-15,0.46,0.46,0.44,0.46,432000.0,0.0
01884.HK,2019-02-18,0.46,0.46,0.46,0.46,0.0,0.0
01884.HK,2019-02-19,0.44,0.47,0.44,0.45,40000.0,0.0
01884.HK,2019-02-20,0.45,0.47,0.45,0.46,32000.0,0.0
01884.HK,2019-02-21,0.45,0.47,0.44,0.47,32000.0,0.0
01884.HK,2019-02-22,0.46,0.47,0.45,0.47,48000.0,0.0
01884.HK,2019-02-25,0.45,0.46,0.45,0.46,88000.0,0.0
01884.HK,2019-02-26,0.46,0.46,0.46,0.46,0.0,0.0
01884.HK,2019-02-27,0.45,0.46,0.44,0.46,216000.0,0.0
01884.HK,2019-02-28,0.46,0.46,0.46,0.46,64000.0,0.0
01884.HK,2019-03-01,0.45,0.46,0.45,0.46,52000.0,0.0
01884.HK,2019-03-04,0.49,0.5,0.46,0.46,132000.0,0.0
01884.HK,2019-03-05,0.45,0.45,0.45,0.45,388000.0,0.0
01884.HK,2019-03-06,0.45,0.45,0.45,0.45,56000.0,0.0
01884.HK,2019-03-07,0.44,0.46,0.44,0.46,456000.0,0.0
01884.HK,2019-03-08,0.45,0.45,0.44,0.44,172000.0,0.0
01884.HK,2019-03-11,0.44,0.47,0.44,0.47,60000.0,0.0
01884.HK,2019-03-12,0.45,0.46,0.45,0.45,216000.0,0.0
01884.HK,2019-03-13,0.45,0.47,0.44,0.45,212000.0,0.0
01884.HK,2019-03-14,0.45,0.45,0.44,0.44,288000.0,0.0
01884.HK,2019-03-15,0.44,0.45,0.44,0.44,136000.0,0.0
01884.HK,2019-03-18,0.44,0.44,0.43,0.44,380000.0,0.0
01884.HK,2019-03-19,0.44,0.44,0.44,0.44,104000.0,0.0
01884.HK,2019-03-20,0.43,0.45,0.43,0.44,248000.0,0.0
01884.HK,2019-03-21,0.43,0.46,0.43,0.44,124000.0,0.0
01884.HK,2019-03-22,0.44,0.45,0.44,0.45,236000.0,0.0
01884.HK,2019-03-25,0.44,0.45,0.43,0.43,296000.0,0.0
01884.HK,2019-03-26,0.43,0.45,0.43,0.44,240000.0,0.0
01884.HK,2019-03-27,0.44,0.44,0.43,0.43,44000.0,0.0
01884.HK,2019-03-28,0.44,0.46,0.42,0.45,384000.0,0.0
01884.HK,2019-03-29,0.45,0.45,0.43,0.43,287500.0,0.0
01884.HK,2019-04-01,0.43,0.45,0.43,0.44,108000.0,0.0
01884.HK,2019-04-02,0.44,0.44,0.44,0.44,0.0,0.0
01884.HK,2019-04-03,0.44,0.46,0.44,0.45,40000.0,0.0
01884.HK,2019-04-04,0.45,0.45,0.45,0.45,0.0,0.0
01884.HK,2019-04-08,0.44,0.44,0.43,0.44,172000.0,0.0
01884.HK,2019-04-09,0.45,0.45,0.45,0.45,12000.0,0.0
01884.HK,2019-04-10,0.43,0.46,0.43,0.45,392000.0,0.0
01884.HK,2019-04-11,0.43,0.43,0.43,0.43,868000.0,0.0
01884.HK,2019-04-12,0.43,0.43,0.42,0.42,512000.0,0.0
01884.HK,2019-04-15,0.42,0.42,0.41,0.42,320000.0,0.0
01884.HK,2019-04-16,0.42,0.42,0.42,0.42,232000.0,0.0
01884.HK,2019-04-17,0.42,0.42,0.42,0.42,88000.0,0.0
01884.HK,2019-04-18,0.42,0.44,0.42,0.44,80000.0,0.0
01884.HK,2019-04-23,0.44,0.44,0.44,0.44,0.0,0.0
01884.HK,2019-04-24,0.42,0.43,0.42,0.43,92000.0,0.0
01884.HK,2019-04-25,0.43,0.43,0.43,0.43,460000.0,0.0
01884.HK,2019-04-26,0.43,0.43,0.43,0.43,24000.0,0.0
01884.HK,2019-04-29,0.43,0.44,0.42,0.44,240000.0,0.0
01884.HK,2019-04-30,0.43,0.43,0.43,0.43,40000.0,0.0
01884.HK,2019-05-02,0.43,0.45,0.43,0.45,40000.0,0.0
01884.HK,2019-05-03,0.44,0.44,0.44,0.44,0.0,0.0
01884.HK,2019-05-06,0.41,0.41,0.4,0.4,884000.0,0.0
01884.HK,2019-05-07,0.41,0.41,0.39,0.39,376000.0,0.0
01884.HK,2019-05-08,0.38,0.38,0.38,0.38,20000.0,0.0
01884.HK,2019-05-09,0.39,0.39,0.38,0.39,424000.0,0.0
01884.HK,2019-05-10,0.4,0.4,0.4,0.4,100000.0,0.0
01884.HK,2019-05-14,0.37,0.38,0.37,0.38,440000.0,0.0
01884.HK,2019-05-15,0.38,0.4,0.38,0.4,80000.0,0.0
01884.HK,2019-05-16,0.39,0.39,0.39,0.39,28000.0,0.0
01884.HK,2019-05-17,0.39,0.4,0.38,0.38,268000.0,0.0
01884.HK,2019-05-20,0.38,0.39,0.38,0.39,44000.0,0.0
01884.HK,2019-05-21,0.39,0.39,0.39,0.39,0.0,0.0
01884.HK,2019-05-22,0.39,0.41,0.38,0.4,564000.0,0.0
01884.HK,2019-05-23,0.38,0.38,0.37,0.38,84000.0,0.0
01884.HK,2019-05-24,0.38,0.38,0.38,0.38,32000.0,0.0
01884.HK,2019-05-27,0.37,0.38,0.37,0.38,36000.0,0.0
01884.HK,2019-05-28,0.38,0.41,0.38,0.4,228000.0,0.0
01884.HK,2019-05-29,0.38,0.39,0.38,0.39,36000.0,0.0
01884.HK,2019-05-30,0.4,0.41,0.4,0.41,32000.0,0.0
01884.HK,2019-05-31,0.41,0.41,0.4,0.4,116000.0,0.0
01884.HK,2019-06-03,0.4,0.4,0.38,0.38,68000.0,0.0
01884.HK,2019-06-04,0.38,0.38,0.38,0.38,64000.0,0.0
01884.HK,2019-06-05,0.38,0.38,0.38,0.38,32000.0,0.0
01884.HK,2019-06-06,0.38,0.38,0.38,0.38,0.0,0.0
01884.HK,2019-06-10,0.38,0.38,0.38,0.38,80000.0,0.0
01884.HK,2019-06-11,0.38,0.4,0.37,0.38,532000.0,0.0
01884.HK,2019-06-12,0.39,0.39,0.38,0.38,200000.0,0.0
01884.HK,2019-06-13,0.37,0.4,0.37,0.39,32000.0,0.0
01884.HK,2019-06-14,0.39,0.39,0.37,0.38,248000.0,0.0
01884.HK,2019-06-17,0.38,0.4,0.38,0.4,32000.0,0.0
01884.HK,2019-06-18,0.4,0.4,0.4,0.4,44000.0,0.0
01884.HK,2019-06-19,0.4,0.4,0.4,0.4,0.0,0.0
01884.HK,2019-06-20,0.38,0.38,0.37,0.37,124000.0,0.0
01884.HK,2019-06-21,0.38,0.38,0.36,0.36,172000.0,0.0
01884.HK,2019-06-24,0.36,0.36,0.36,0.36,84000.0,0.0
01884.HK,2019-06-25,0.37,0.39,0.37,0.39,16000.0,0.0
01884.HK,2019-06-26,0.39,0.39,0.38,0.38,596000.0,0.0
01884.HK,2019-06-27,0.38,0.38,0.38,0.38,4000.0,0.0
01884.HK,2019-06-28,0.37,0.37,0.37,0.37,140000.0,0.0
01884.HK,2019-07-02,0.37,0.37,0.37,0.37,204000.0,0.0
01884.HK,2019-07-03,0.37,0.38,0.36,0.36,104000.0,0.0
01884.HK,2019-07-04,0.37,0.37,0.37,0.37,20000.0,0.0
01884.HK,2019-07-05,0.37,0.37,0.35,0.36,316000.0,0.0
01884.HK,2019-07-08,0.36,0.36,0.35,0.35,116000.0,0.0
01884.HK,2019-07-09,0.35,0.35,0.35,0.35,44000.0,0.0
01884.HK,2019-07-10,0.35,0.35,0.35,0.35,0.0,0.0
01884.HK,2019-07-11,0.34,0.36,0.34,0.35,340000.0,0.0
01884.HK,2019-07-12,0.35,0.35,0.34,0.34,160000.0,0.0
01884.HK,2019-07-15,0.39,0.39,0.37,0.37,48000.0,0.0
01884.HK,2019-07-16,0.37,0.37,0.37,0.37,0.0,0.0
01884.HK,2019-07-17,0.37,0.37,0.37,0.37,8000.0,0.0
01884.HK,2019-07-18,0.37,0.37,0.37,0.37,0.0,0.0
01884.HK,2019-07-19,0.37,0.37,0.37,0.37,168000.0,0.0
01884.HK,2019-07-22,0.37,0.37,0.37,0.37,0.0,0.0
01884.HK,2019-07-23,0.37,0.37,0.37,0.37,0.0,0.0
01884.HK,2019-07-24,0.37,0.37,0.37,0.37,0.0,0.0
01884.HK,2019-07-25,0.37,0.37,0.37,0.37,0.0,0.0
01884.HK,2019-07-26,0.32,0.36,0.32,0.36,20000.0,0.0
01884.HK,2019-07-29,0.32,0.36,0.32,0.36,52000.0,0.0
01884.HK,2019-07-30,0.35,0.37,0.35,0.37,32000.0,0.0
01884.HK,2019-07-31,0.37,0.37,0.37,0.37,0.0,0.0
01884.HK,2019-08-01,0.33,0.35,0.33,0.35,16000.0,0.0
01884.HK,2019-08-02,0.32,0.32,0.32,0.32,200000.0,0.0
01884.HK,2019-08-05,0.32,0.33,0.26,0.33,396000.0,0.0
01884.HK,2019-08-06,0.32,0.32,0.32,0.32,0.0,0.0
01884.HK,2019-08-07,0.27,0.36,0.27,0.33,220000.0,0.0
01884.HK,2019-08-08,0.29,0.33,0.29,0.33,28000.0,0.0
01884.HK,2019-08-09,0.33,0.33,0.33,0.33,56000.0,0.0
01884.HK,2019-08-12,0.29,0.33,0.28,0.33,100000.0,0.0
01884.HK,2019-08-13,0.33,0.33,0.33,0.33,0.0,0.0
01884.HK,2019-08-14,0.33,0.33,0.33,0.33,28000.0,0.0
01884.HK,2019-08-15,0.32,0.32,0.32,0.32,68000.0,0.0
01884.HK,2019-08-16,0.32,0.32,0.32,0.32,0.0,0.0
01884.HK,2019-08-19,0.32,0.32,0.31,0.32,100000.0,0.0
01884.HK,2019-08-20,0.29,0.31,0.29,0.31,328000.0,0.0
01884.HK,2019-08-21,0.31,0.31,0.31,0.31,0.0,0.0
01884.HK,2019-08-22,0.31,0.31,0.31,0.31,0.0,0.0
01884.HK,2019-08-23,0.3,0.33,0.3,0.33,48000.0,0.0
01884.HK,2019-08-26,0.28,0.32,0.28,0.32,48000.0,0.0
01884.HK,2019-08-27,0.34,0.34,0.32,0.32,280000.0,0.0
01884.HK,2019-08-28,0.33,0.35,0.32,0.35,792000.0,0.0
01884.HK,2019-08-29,0.35,0.36,0.35,0.36,212000.0,0.0
01884.HK,2019-08-30,0.36,0.37,0.35,0.35,56000.0,0.0
01884.HK,2019-09-02,0.36,0.36,0.36,0.36,0.0,0.0
01884.HK,2019-09-03,0.36,0.36,0.36,0.36,92000.0,0.0
01884.HK,2019-09-04,0.36,0.39,0.36,0.39,64000.0,0.0
01884.HK,2019-09-05,0.39,0.39,0.39,0.39,264000.0,0.0
01884.HK,2019-09-06,0.38,0.39,0.38,0.39,48000.0,0.0
01884.HK,2019-09-09,0.38,0.38,0.35,0.35,312000.0,0.0
01884.HK,2019-09-10,0.33,0.35,0.33,0.35,32000.0,0.0
01884.HK,2019-09-11,0.35,0.35,0.35,0.35,0.0,0.0
01884.HK,2019-09-12,0.32,0.32,0.32,0.32,36000.0,0.0
01884.HK,2019-09-13,0.32,0.33,0.32,0.33,28000.0,0.0
01884.HK,2019-09-16,0.34,0.34,0.34,0.34,0.0,0.0
01884.HK,2019-09-17,0.38,0.38,0.35,0.35,28000.0,0.0
01884.HK,2019-09-18,0.35,0.35,0.35,0.35,0.0,0.0
01884.HK,2019-09-19,0.31,0.32,0.31,0.32,12000.0,0.0
01884.HK,2019-09-20,0.33,0.33,0.33,0.33,12000.0,0.0
01884.HK,2019-09-23,0.34,0.34,0.34,0.34,52000.0,0.0
01884.HK,2019-09-24,0.34,0.34,0.34,0.34,16000.0,0.0
01884.HK,2019-09-25,0.34,0.37,0.34,0.37,168000.0,0.0
01884.HK,2019-09-26,0.37,0.37,0.37,0.37,0.0,0.0
01884.HK,2019-09-27,0.34,0.37,0.34,0.37,64000.0,0.0
01884.HK,2019-09-30,0.37,0.37,0.37,0.37,0.0,0.0
01884.HK,2019-10-02,0.36,0.36,0.36,0.36,0.0,0.0
01884.HK,2019-10-03,0.36,0.36,0.32,0.33,60000.0,0.0
01884.HK,2019-10-04,0.35,0.37,0.34,0.37,268000.0,0.0
01884.HK,2019-10-08,0.37,0.37,0.37,0.37,88000.0,0.0
01884.HK,2019-10-09,0.37,0.37,0.37,0.37,0.0,0.0
01884.HK,2019-10-10,0.37,0.37,0.35,0.36,80000.0,0.0
01884.HK,2019-10-11,0.37,0.37,0.37,0.37,12000.0,0.0
01884.HK,2019-10-14,0.37,0.37,0.37,0.37,0.0,0.0
01884.HK,2019-10-15,0.36,0.36,0.36,0.36,52000.0,0.0
01884.HK,2019-10-16,0.36,0.36,0.36,0.36,40000.0,0.0
01884.HK,2019-10-17,0.36,0.36,0.36,0.36,104000.0,0.0
01884.HK,2019-10-18,0.36,0.36,0.36,0.36,0.0,0.0
01884.HK,2019-10-21,0.36,0.36,0.36,0.36,0.0,0.0
01884.HK,2019-10-22,0.36,0.36,0.36,0.36,0.0,0.0
01884.HK,2019-10-23,0.36,0.36,0.36,0.36,0.0,0.0
01884.HK,2019-10-24,0.36,0.36,0.36,0.36,0.0,0.0
01884.HK,2019-10-25,0.36,0.36,0.36,0.36,16000.0,0.0
01884.HK,2019-10-28,0.34,0.34,0.29,0.34,556000.0,0.0
01884.HK,2019-10-29,0.34,0.34,0.34,0.34,0.0,0.0
01884.HK,2019-10-30,0.31,0.31,0.31,0.31,28000.0,0.0
01884.HK,2019-10-31,0.31,0.31,0.3,0.3,24000.0,0.0
01884.HK,2019-11-01,0.31,0.31,0.31,0.31,32000.0,0.0
01884.HK,2019-11-04,0.31,0.31,0.31,0.31,4000.0,0.0
01884.HK,2019-11-05,0.32,0.34,0.32,0.34,120000.0,0.0
01884.HK,2019-11-06,0.34,0.34,0.34,0.34,0.0,0.0
01884.HK,2019-11-07,0.34,0.34,0.34,0.34,0.0,0.0
01884.HK,2019-11-08,0.31,0.31,0.31,0.31,20000.0,0.0
01884.HK,2019-11-11,0.32,0.35,0.32,0.33,68000.0,0.0
01884.HK,2019-11-12,0.31,0.31,0.31,0.31,44000.0,0.0
01884.HK,2019-11-13,0.31,0.31,0.31,0.31,0.0,0.0
01884.HK,2019-11-14,0.31,0.31,0.31,0.31,100000.0,0.0
01884.HK,2019-11-15,0.29,0.31,0.29,0.31,64000.0,0.0
01884.HK,2019-11-18,0.31,0.31,0.31,0.31,0.0,0.0
01884.HK,2019-11-19,0.29,0.29,0.29,0.29,64000.0,0.0
01884.HK,2019-11-20,0.29,0.32,0.29,0.32,36000.0,0.0
01884.HK,2019-11-21,0.28,0.31,0.28,0.31,156000.0,0.0
01884.HK,2019-11-22,0.29,0.3,0.29,0.3,92000.0,0.0
01884.HK,2019-11-25,0.3,0.32,0.3,0.31,96000.0,0.0
01884.HK,2019-11-26,0.29,0.29,0.28,0.29,68000.0,0.0
01884.HK,2019-11-27,0.29,0.3,0.29,0.3,68000.0,0.0
01884.HK,2019-11-28,0.31,0.32,0.31,0.31,204000.0,0.0
01884.HK,2019-11-29,0.31,0.31,0.3,0.3,80000.0,0.0
01884.HK,2019-12-02,0.3,0.3,0.3,0.3,0.0,0.0
01884.HK,2019-12-03,0.29,0.29,0.29,0.29,8000.0,0.0
01884.HK,2019-12-04,0.29,0.29,0.29,0.29,0.0,0.0
01884.HK,2019-12-05,0.29,0.29,0.29,0.29,4000.0,0.0
01884.HK,2019-12-06,0.29,0.29,0.29,0.29,0.0,0.0
01884.HK,2019-12-09,0.29,0.3,0.29,0.3,88000.0,0.0
01884.HK,2019-12-10,0.3,0.3,0.3,0.3,40000.0,0.0
01884.HK,2019-12-11,0.29,0.29,0.28,0.28,136000.0,0.0
01884.HK,2019-12-12,0.28,0.28,0.28,0.28,0.0,0.0
01884.HK,2019-12-13,0.28,0.28,0.28,0.28,16000.0,0.0
01884.HK,2019-12-16,0.28,0.28,0.28,0.28,0.0,0.0
01884.HK,2019-12-17,0.29,0.3,0.29,0.3,104000.0,0.0
01884.HK,2019-12-18,0.3,0.3,0.3,0.3,0.0,0.0
01884.HK,2019-12-19,0.28,0.29,0.28,0.28,44000.0,0.0
01884.HK,2019-12-20,0.28,0.28,0.28,0.28,0.0,0.0
01884.HK,2019-12-23,0.28,0.28,0.28,0.28,8000.0,0.0
01884.HK,2019-12-24,0.28,0.28,0.28,0.28,20000.0,0.0
01884.HK,2019-12-27,0.28,0.28,0.28,0.28,60000.0,0.0
01884.HK,2019-12-30,0.3,0.3,0.29,0.29,48000.0,0.0
01884.HK,2019-12-31,0.29,0.29,0.29,0.29,32000.0,0.0
01884.HK,2020-01-02,0.28,0.28,0.28,0.28,188000.0,0.0
01884.HK,2020-01-03,0.28,0.3,0.28,0.3,28000.0,0.0
01884.HK,2020-01-06,0.3,0.3,0.3,0.3,4000.0,0.0
01884.HK,2020-01-07,0.28,0.3,0.28,0.3,28000.0,0.0
01884.HK,2020-01-08,0.28,0.28,0.28,0.28,12000.0,0.0
01884.HK,2020-01-09,0.28,0.28,0.28,0.28,20000.0,0.0
01884.HK,2020-01-10,0.28,0.31,0.28,0.31,192000.0,0.0
01884.HK,2020-01-13,0.3,0.3,0.3,0.3,68000.0,0.0
01884.HK,2020-01-14,0.3,0.3,0.3,0.3,52000.0,0.0
01884.HK,2020-01-15,0.31,0.31,0.31,0.31,516000.0,0.0
01884.HK,2020-01-16,0.3,0.3,0.3,0.3,76000.0,0.0
01884.HK,2020-01-17,0.31,0.31,0.31,0.31,20000.0,0.0
01884.HK,2020-01-20,0.28,0.35,0.28,0.34,104000.0,0.0
01884.HK,2020-01-21,0.34,0.35,0.34,0.35,348000.0,0.0
01884.HK,2020-01-22,0.35,0.35,0.35,0.35,128000.0,0.0
01884.HK,2020-01-23,0.35,0.35,0.35,0.35,0.0,0.0
01884.HK,2020-01-24,0.35,0.35,0.35,0.35,100000.0,0.0
01884.HK,2020-01-29,0.34,0.34,0.34,0.34,0.0,0.0
01884.HK,2020-01-30,0.33,0.33,0.33,0.33,0.0,0.0
01884.HK,2020-01-31,0.33,0.35,0.33,0.34,168000.0,0.0
01884.HK,2020-02-03,0.31,0.34,0.31,0.34,144000.0,0.0
01884.HK,2020-02-04,0.35,0.35,0.33,0.35,200000.0,0.0
01884.HK,2020-02-05,0.35,0.35,0.35,0.35,36000.0,0.0
01884.HK,2020-02-06,0.32,0.35,0.32,0.34,100000.0,0.0
01884.HK,2020-02-07,0.34,0.34,0.34,0.34,56000.0,0.0
01884.HK,2020-02-10,0.34,0.34,0.34,0.34,0.0,0.0
01884.HK,2020-02-11,0.34,0.35,0.34,0.35,68000.0,0.0
01884.HK,2020-02-12,0.31,0.35,0.31,0.35,156000.0,0.0
01884.HK,2020-02-13,0.35,0.35,0.35,0.35,0.0,0.0
01884.HK,2020-02-14,0.35,0.35,0.35,0.35,116000.0,0.0
01884.HK,2020-02-17,0.35,0.35,0.35,0.35,0.0,0.0
01884.HK,2020-02-18,0.35,0.35,0.35,0.35,80000.0,0.0
01884.HK,2020-02-19,0.35,0.35,0.35,0.35,0.0,0.0
01884.HK,2020-02-20,0.33,0.33,0.33,0.33,40000.0,0.0
01884.HK,2020-02-21,0.33,0.33,0.33,0.33,0.0,0.0
01884.HK,2020-02-24,0.33,0.33,0.33,0.33,0.0,0.0
01884.HK,2020-02-25,0.33,0.33,0.33,0.33,80000.0,0.0
01884.HK,2020-02-26,0.33,0.33,0.33,0.33,0.0,0.0
01884.HK,2020-02-27,0.35,0.35,0.35,0.35,116000.0,0.0
01884.HK,2020-02-28,0.35,0.35,0.35,0.35,160000.0,0.0
01884.HK,2020-03-02,0.35,0.35,0.35,0.35,0.0,0.0
01884.HK,2020-03-03,0.3,0.39,0.3,0.35,164000.0,0.0
01884.HK,2020-03-04,0.32,0.35,0.32,0.35,136000.0,0.0
01884.HK,2020-03-05,0.33,0.35,0.33,0.35,88000.0,0.0
01884.HK,2020-03-06,0.35,0.35,0.35,0.35,108000.0,0.0
01884.HK,2020-03-09,0.33,0.33,0.33,0.33,156000.0,0.0
01884.HK,2020-03-10,0.34,0.34,0.34,0.34,16000.0,0.0
01884.HK,2020-03-11,0.34,0.34,0.34,0.34,0.0,0.0
01884.HK,2020-03-12,0.33,0.34,0.32,0.34,112000.0,0.0
01884.HK,2020-03-13,0.32,0.32,0.31,0.32,252000.0,0.0
01884.HK,2020-03-16,0.33,0.34,0.29,0.31,888000.0,0.0
01884.HK,2020-03-17,0.31,0.33,0.3,0.33,396000.0,0.0
01884.HK,2020-03-18,0.32,0.32,0.32,0.32,80000.0,0.0
01884.HK,2020-03-19,0.32,0.32,0.25,0.32,1440000.0,0.0
01884.HK,2020-03-20,0.32,0.32,0.32,0.32,56000.0,0.0
01884.HK,2020-03-23,0.31,0.31,0.29,0.3,144000.0,0.0
01884.HK,2020-03-24,0.3,0.31,0.3,0.31,84000.0,0.0
01884.HK,2020-03-25,0.3,0.31,0.3,0.31,44000.0,0.0
01884.HK,2020-03-26,0.31,0.31,0.31,0.31,0.0,0.0
01884.HK,2020-03-27,0.31,0.31,0.31,0.31,0.0,0.0
01884.HK,2020-03-30,0.31,0.31,0.31,0.31,32000.0,0.0
01884.HK,2020-03-31,0.29,0.31,0.29,0.31,92000.0,0.0
01884.HK,2020-04-01,0.3,0.3,0.29,0.29,204000.0,0.0
01884.HK,2020-04-02,0.3,0.3,0.3,0.3,52000.0,0.0
01884.HK,2020-04-03,0.3,0.33,0.26,0.3,376000.0,0.0
01884.HK,2020-04-06,0.3,0.3,0.3,0.3,68000.0,0.0
01884.HK,2020-04-07,0.3,0.3,0.3,0.3,0.0,0.0
01884.HK,2020-04-08,0.3,0.3,0.3,0.3,0.0,0.0
01884.HK,2020-04-09,0.29,0.3,0.29,0.3,64000.0,0.0
01884.HK,2020-04-14,0.29,0.29,0.29,0.29,112000.0,0.0
01884.HK,2020-04-15,0.29,0.29,0.29,0.29,0.0,0.0
01884.HK,2020-04-16,0.29,0.29,0.29,0.29,20000.0,0.0
01884.HK,2020-04-17,0.29,0.29,0.29,0.29,84000.0,0.0
01884.HK,2020-04-20,0.29,0.3,0.29,0.3,12000.0,0.0
01884.HK,2020-04-21,0.3,0.3,0.3,0.3,0.0,0.0
01884.HK,2020-04-22,0.3,0.3,0.29,0.29,192000.0,0.0
01884.HK,2020-04-23,0.28,0.28,0.28,0.28,52000.0,0.0
01884.HK,2020-04-24,0.28,0.28,0.28,0.28,0.0,0.0
01884.HK,2020-04-27,0.28,0.28,0.28,0.28,0.0,0.0
01884.HK,2020-04-28,0.28,0.28,0.28,0.28,0.0,0.0
01884.HK,2020-04-29,0.26,0.27,0.26,0.27,16000.0,0.0
01884.HK,2020-05-04,0.26,0.27,0.26,0.27,220000.0,0.0
01884.HK,2020-05-05,0.27,0.28,0.27,0.28,12000.0,0.0
01884.HK,2020-05-06,0.27,0.27,0.27,0.27,72000.0,0.0
01884.HK,2020-05-07,0.28,0.28,0.28,0.28,0.0,0.0
01884.HK,2020-05-08,0.28,0.3,0.28,0.3,40000.0,0.0
01884.HK,2020-05-11,0.3,0.3,0.3,0.3,0.0,0.0
01884.HK,2020-05-12,0.3,0.3,0.3,0.3,0.0,0.0
01884.HK,2020-05-13,0.3,0.3,0.3,0.3,100000.0,0.0
01884.HK,2020-05-14,0.3,0.3,0.3,0.3,0.0,0.0
01884.HK,2020-05-15,0.29,0.29,0.29,0.29,0.0,0.0
01884.HK,2020-05-18,0.29,0.29,0.29,0.29,0.0,0.0
01884.HK,2020-05-19,0.29,0.29,0.29,0.29,0.0,0.0
01884.HK,2020-05-20,0.29,0.29,0.29,0.29,4000.0,0.0
01884.HK,2020-05-21,0.29,0.29,0.29,0.29,0.0,0.0
01884.HK,2020-05-22,0.29,0.29,0.25,0.26,184000.0,0.0
01884.HK,2020-05-25,0.26,0.28,0.26,0.27,144000.0,0.0
01884.HK,2020-05-26,0.27,0.28,0.26,0.28,36000.0,0.0
01884.HK,2020-05-27,0.26,0.28,0.25,0.28,132000.0,0.0
01884.HK,2020-05-28,0.26,0.26,0.26,0.26,36000.0,0.0
01884.HK,2020-05-29,0.26,0.26,0.25,0.25,52000.0,0.0
01884.HK,2020-06-01,0.25,0.26,0.25,0.26,100000.0,0.0
01884.HK,2020-06-02,0.26,0.26,0.26,0.26,12000.0,0.0
01884.HK,2020-06-03,0.23,0.24,0.23,0.24,16000.0,0.0
01884.HK,2020-06-04,0.25,0.26,0.25,0.25,400000.0,0.0
01884.HK,2020-06-05,0.25,0.26,0.25,0.26,100000.0,0.0
01884.HK,2020-06-08,0.26,0.26,0.26,0.26,132000.0,0.0
01884.HK,2020-06-09,0.26,0.26,0.25,0.25,20000.0,0.0
01884.HK,2020-06-10,0.25,0.25,0.25,0.25,0.0,0.0
01884.HK,2020-06-11,0.25,0.25,0.25,0.25,52000.0,0.0
01884.HK,2020-06-12,0.25,0.25,0.24,0.24,144000.0,0.0
01884.HK,2020-06-15,0.25,0.26,0.25,0.26,72000.0,0.0
01884.HK,2020-06-16,0.26,0.26,0.26,0.26,0.0,0.0
01884.HK,2020-06-17,0.26,0.26,0.26,0.26,0.0,0.0
01884.HK,2020-06-18,0.26,0.26,0.26,0.26,144000.0,0.0
01884.HK,2020-06-19,0.26,0.26,0.26,0.26,60000.0,0.0
01884.HK,2020-06-22,0.26,0.26,0.26,0.26,0.0,0.0
01884.HK,2020-06-23,0.26,0.28,0.26,0.28,108000.0,0.0
01884.HK,2020-06-24,0.24,0.24,0.24,0.24,608000.0,0.0
01884.HK,2020-06-26,0.21,0.24,0.21,0.24,12000.0,0.0
01884.HK,2020-06-29,0.24,0.24,0.24,0.24,0.0,0.0
01884.HK,2020-06-30,0.25,0.25,0.25,0.25,820000.0,0.0
01884.HK,2020-07-02,0.26,0.26,0.26,0.26,372000.0,0.0
01884.HK,2020-07-03,0.26,0.26,0.26,0.26,0.0,0.0
01884.HK,2020-07-06,0.25,0.25,0.25,0.25,0.0,0.0
01884.HK,2020-07-07,0.25,0.26,0.25,0.26,2028000.0,0.0
01884.HK,2020-07-08,0.26,0.26,0.26,0.26,0.0,0.0
01884.HK,2020-07-09,0.24,0.24,0.24,0.24,4000.0,0.0
01884.HK,2020-07-10,0.23,0.25,0.23,0.25,76000.0,0.0
01884.HK,2020-07-13,0.25,0.25,0.25,0.25,860000.0,0.0
01884.HK,2020-07-14,0.25,0.25,0.25,0.25,4000.0,0.0
01884.HK,2020-07-15,0.25,0.25,0.25,0.25,0.0,0.0
01884.HK,2020-07-16,0.25,0.25,0.25,0.25,0.0,0.0
01884.HK,2020-07-17,0.25,0.25,0.25,0.25,0.0,0.0
01884.HK,2020-07-20,0.25,0.25,0.25,0.25,0.0,0.0
01884.HK,2020-07-21,0.21,0.22,0.21,0.22,12000.0,0.0
01884.HK,2020-07-22,0.22,0.22,0.22,0.22,0.0,0.0
01884.HK,2020-07-23,0.22,0.22,0.22,0.22,0.0,0.0
01884.HK,2020-07-24,0.22,0.22,0.22,0.22,0.0,0.0
01884.HK,2020-07-27,0.21,0.21,0.21,0.21,80000.0,0.0
01884.HK,2020-07-28,0.21,0.21,0.21,0.21,124000.0,0.0
01884.HK,2020-07-29,0.21,0.21,0.21,0.21,0.0,0.0
01884.HK,2020-07-30,0.2,0.22,0.2,0.22,144000.0,0.0
01884.HK,2020-07-31,0.22,0.22,0.22,0.22,0.0,0.0
01884.HK,2020-08-03,0.22,0.22,0.22,0.22,0.0,0.0
01884.HK,2020-08-04,0.22,0.23,0.22,0.22,52000.0,0.0
01884.HK,2020-08-05,0.22,0.22,0.22,0.22,0.0,0.0
01884.HK,2020-08-06,0.22,0.22,0.22,0.22,0.0,0.0
01884.HK,2020-08-07,0.21,0.21,0.2,0.2,3532000.0,0.0
01884.HK,2020-08-10,0.2,0.2,0.2,0.2,0.0,0.0
01884.HK,2020-08-11,0.21,0.21,0.21,0.21,120000.0,0.0
01884.HK,2020-08-12,0.21,0.21,0.21,0.21,24000.0,0.0
01884.HK,2020-08-13,0.21,0.24,0.21,0.24,460000.0,0.0
01884.HK,2020-08-14,0.23,0.23,0.23,0.23,48000.0,0.0
01884.HK,2020-08-17,0.23,0.26,0.23,0.25,180000.0,0.0
01884.HK,2020-08-18,0.25,0.25,0.25,0.25,0.0,0.0
01884.HK,2020-08-19,0.26,0.26,0.26,0.26,88000.0,0.0
01884.HK,2020-08-20,0.26,0.26,0.26,0.26,8000.0,0.0
01884.HK,2020-08-21,0.26,0.27,0.26,0.27,16000.0,0.0
01884.HK,2020-08-24,0.27,0.27,0.27,0.27,0.0,0.0
01884.HK,2020-08-25,0.27,0.27,0.27,0.27,0.0,0.0
01884.HK,2020-08-26,0.27,0.27,0.27,0.27,0.0,0.0
01884.HK,2020-08-27,0.22,0.23,0.22,0.23,36000.0,0.0
01884.HK,2020-08-28,0.22,0.23,0.22,0.23,28000.0,0.0
01884.HK,2020-08-31,0.23,0.23,0.23,0.23,0.0,0.0
01884.HK,2020-09-01,0.23,0.23,0.22,0.22,96000.0,0.0
01884.HK,2020-09-02,0.22,0.22,0.22,0.22,0.0,0.0
01884.HK,2020-09-03,0.23,0.23,0.23,0.23,192000.0,0.0
01884.HK,2020-09-04,0.23,0.23,0.23,0.23,0.0,0.0
01884.HK,2020-09-07,0.22,0.22,0.22,0.22,32000.0,0.0
01884.HK,2020-09-08,0.22,0.22,0.22,0.22,4000.0,0.0
01884.HK,2020-09-09,0.22,0.22,0.22,0.22,32000.0,0.0
01884.HK,2020-09-10,0.22,0.22,0.22,0.22,0.0,0.0
01884.HK,2020-09-11,0.22,0.22,0.22,0.22,4000.0,0.0
01884.HK,2020-09-14,0.22,0.22,0.22,0.22,0.0,0.0
01884.HK,2020-09-15,0.21,0.21,0.21,0.21,20000.0,0.0
01884.HK,2020-09-16,0.21,0.21,0.21,0.21,0.0,0.0
01884.HK,2020-09-17,0.21,0.21,0.21,0.21,84000.0,0.0
01884.HK,2020-09-18,0.21,0.21,0.21,0.21,0.0,0.0
01884.HK,2020-09-21,0.21,0.21,0.21,0.21,124000.0,0.0
01884.HK,2020-09-22,0.21,0.21,0.21,0.21,0.0,0.0
01884.HK,2020-09-23,0.21,0.21,0.21,0.21,0.0,0.0
01884.HK,2020-09-24,0.21,0.21,0.21,0.21,0.0,0.0
01884.HK,2020-09-25,0.21,0.21,0.21,0.21,0.0,0.0
01884.HK,2020-09-28,0.21,0.21,0.21,0.21,32000.0,0.0
01884.HK,2020-09-29,0.21,0.21,0.21,0.21,0.0,0.0
01884.HK,2020-09-30,0.21,0.21,0.21,0.21,0.0,0.0
01884.HK,2020-10-05,0.21,0.21,0.21,0.21,0.0,0.0
01884.HK,2020-10-06,0.21,0.21,0.2,0.2,72000.0,0.0
01884.HK,2020-10-07,0.23,0.23,0.23,0.23,0.0,0.0
01884.HK,2020-10-08,0.2,0.23,0.2,0.23,16000.0,0.0
01884.HK,2020-10-09,0.23,0.23,0.23,0.23,0.0,0.0
01884.HK,2020-10-12,0.23,0.23,0.19,0.23,524000.0,0.0
01884.HK,2020-10-14,0.23,0.23,0.23,0.23,0.0,0.0
01884.HK,2020-10-15,0.23,0.23,0.23,0.23,0.0,0.0
01884.HK,2020-10-16,0.23,0.23,0.23,0.23,0.0,0.0
01884.HK,2020-10-19,0.23,0.23,0.23,0.23,60000.0,0.0
01884.HK,2020-10-20,0.23,0.23,0.23,0.23,20000.0,0.0
01884.HK,2020-10-21,0.23,0.23,0.23,0.23,80000.0,0.0
01884.HK,2020-10-22,0.23,0.23,0.23,0.23,0.0,0.0
01884.HK,2020-10-23,0.23,0.23,0.23,0.23,0.0,0.0
01884.HK,2020-10-27,0.23,0.23,0.23,0.23,0.0,0.0
01884.HK,2020-10-28,0.23,0.23,0.23,0.23,0.0,0.0
01884.HK,2020-10-29,0.23,0.23,0.22,0.22,200000.0,0.0
01884.HK,2020-10-30,0.22,0.22,0.22,0.22,0.0,0.0
01884.HK,2020-11-02,0.22,0.22,0.22,0.22,0.0,0.0
01884.HK,2020-11-03,0.22,0.22,0.22,0.22,0.0,0.0
01884.HK,2020-11-04,0.22,0.22,0.22,0.22,56000.0,0.0
01884.HK,2020-11-05,0.21,0.21,0.21,0.21,0.0,0.0
01884.HK,2020-11-06,0.22,0.22,0.22,0.22,136000.0,0.0
01884.HK,2020-11-09,0.22,0.22,0.22,0.22,0.0,0.0
01884.HK,2020-11-10,0.22,0.22,0.22,0.22,12000.0,0.0
01884.HK,2020-11-11,0.22,0.22,0.22,0.22,92000.0,0.0
01884.HK,2020-11-12,0.2,0.22,0.19,0.2,84000.0,0.0
01884.HK,2020-11-13,0.2,0.2,0.2,0.2,316000.0,0.0
01884.HK,2020-11-16,0.22,0.22,0.22,0.22,420000.0,0.0
01884.HK,2020-11-17,0.22,0.22,0.22,0.22,0.0,0.0
01884.HK,2020-11-18,0.22,0.22,0.22,0.22,0.0,0.0
01884.HK,2020-11-19,0.22,0.22,0.22,0.22,652000.0,0.0
01884.HK,2020-11-20,0.22,0.22,0.22,0.22,128000.0,0.0
01884.HK,2020-11-23,0.2,0.22,0.2,0.22,800000.0,0.0
01884.HK,2020-11-24,0.22,0.22,0.22,0.22,0.0,0.0
01884.HK,2020-11-25,0.2,0.23,0.2,0.22,372000.0,0.0
01884.HK,2020-11-26,0.22,0.22,0.22,0.22,28000.0,0.0
01884.HK,2020-11-27,0.22,0.22,0.22,0.22,0.0,0.0
01884.HK,2020-11-30,0.22,0.22,0.22,0.22,0.0,0.0
01884.HK,2020-12-01,0.22,0.22,0.22,0.22,0.0,0.0
01884.HK,2020-12-02,0.22,0.22,0.22,0.22,0.0,0.0
01884.HK,2020-12-03,0.21,0.21,0.21,0.21,40000.0,0.0
01884.HK,2020-12-04,0.21,0.21,0.2,0.21,164000.0,0.0
01884.HK,2020-12-07,0.2,0.21,0.2,0.21,36000.0,0.0
01884.HK,2020-12-08,0.21,0.21,0.21,0.21,0.0,0.0
01884.HK,2020-12-09,0.21,0.21,0.21,0.21,0.0,0.0
01884.HK,2020-12-10,0.2,0.21,0.2,0.21,16000.0,0.0
01884.HK,2020-12-11,0.23,0.23,0.23,0.23,8000.0,0.0
01884.HK,2020-12-14,0.23,0.23,0.23,0.23,0.0,0.0
01884.HK,2020-12-15,0.21,0.21,0.21,0.21,24000.0,0.0
01884.HK,2020-12-16,0.21,0.21,0.21,0.21,0.0,0.0
01884.HK,2020-12-17,0.21,0.21,0.21,0.21,0.0,0.0
01884.HK,2020-12-18,0.21,0.21,0.21,0.21,0.0,0.0
01884.HK,2020-12-21,0.21,0.21,0.21,0.21,0.0,0.0
01884.HK,2020-12-22,0.2,0.21,0.2,0.21,88000.0,0.0
01884.HK,2020-12-23,0.21,0.21,0.21,0.21,40000.0,0.0
01884.HK,2020-12-24,0.2,0.2,0.2,0.2,40000.0,0.0
01884.HK,2020-12-28,0.2,0.2,0.2,0.2,0.0,0.0
01884.HK,2020-12-29,0.2,0.2,0.2,0.2,0.0,0.0
01884.HK,2020-12-30,0.21,0.21,0.19,0.19,132000.0,0.0
01884.HK,2020-12-31,0.19,0.19,0.19,0.19,0.0,0.0
01884.HK,2021-01-04,0.19,0.2,0.18,0.2,32000.0,0.0
01884.HK,2021-01-05,0.2,0.2,0.2,0.2,0.0,0.0
01884.HK,2021-01-06,0.2,0.22,0.2,0.22,232000.0,0.0
01884.HK,2021-01-07,0.21,0.21,0.21,0.21,0.0,0.0
01884.HK,2021-01-08,0.2,0.2,0.2,0.2,8000.0,0.0
01884.HK,2021-01-11,0.2,0.21,0.2,0.2,36000.0,0.0
01884.HK,2021-01-12,0.2,0.2,0.2,0.2,20000.0,0.0
01884.HK,2021-01-13,0.2,0.2,0.2,0.2,4000.0,0.0
01884.HK,2021-01-14,0.21,0.21,0.21,0.21,12000.0,0.0
01884.HK,2021-01-15,0.2,0.21,0.2,0.21,100000.0,0.0
01884.HK,2021-01-18,0.21,0.21,0.2,0.21,360000.0,0.0
01884.HK,2021-01-19,0.21,0.21,0.21,0.21,4000.0,0.0
01884.HK,2021-01-20,0.2,0.2,0.19,0.2,44000.0,0.0
01884.HK,2021-01-21,0.21,0.21,0.21,0.21,12000.0,0.0
01884.HK,2021-01-22,0.21,0.21,0.21,0.21,0.0,0.0
01884.HK,2021-01-25,0.21,0.21,0.21,0.21,0.0,0.0
01884.HK,2021-01-26,0.2,0.21,0.2,0.2,96000.0,0.0
01884.HK,2021-01-27,0.21,0.21,0.2,0.2,140000.0,0.0
01884.HK,2021-01-28,0.2,0.21,0.2,0.21,48000.0,0.0
01884.HK,2021-01-29,0.21,0.21,0.21,0.21,20000.0,0.0
01884.HK,2021-02-01,0.22,0.25,0.22,0.25,512000.0,0.0
01884.HK,2021-02-02,0.25,0.25,0.25,0.25,8000.0,0.0
01884.HK,2021-02-03,0.24,0.24,0.24,0.24,136000.0,0.0
01884.HK,2021-02-04,0.24,0.24,0.24,0.24,48000.0,0.0
01884.HK,2021-02-05,0.24,0.24,0.24,0.24,168000.0,0.0
01884.HK,2021-02-08,0.23,0.23,0.23,0.23,28000.0,0.0
01884.HK,2021-02-09,0.23,0.23,0.23,0.23,0.0,0.0
01884.HK,2021-02-10,0.23,0.23,0.23,0.23,36000.0,0.0
01884.HK,2021-02-11,0.23,0.23,0.23,0.23,0.0,0.0
01884.HK,2021-02-16,0.24,0.24,0.24,0.24,188000.0,0.0
01884.HK,2021-02-17,0.24,0.24,0.24,0.24,124000.0,0.0
01884.HK,2021-02-18,0.24,0.24,0.24,0.24,0.0,0.0
01884.HK,2021-02-19,0.24,0.52,0.24,0.37,4228000.0,0.0
01884.HK,2021-02-22,0.4,0.6,0.4,0.51,5776000.0,0.0
01884.HK,2021-02-23,0.5,0.5,0.39,0.41,3336000.0,0.0
01884.HK,2021-02-24,0.43,0.44,0.36,0.38,1228000.0,0.0
01884.HK,2021-02-25,0.39,0.41,0.39,0.4,268000.0,0.0
01884.HK,2021-02-26,0.38,0.38,0.32,0.35,420000.0,0.0
01884.HK,2021-03-01,0.3,0.35,0.3,0.31,136000.0,0.0
01884.HK,2021-03-02,0.35,0.4,0.35,0.39,276000.0,0.0
01884.HK,2021-03-03,0.39,0.42,0.36,0.39,584000.0,0.0
01884.HK,2021-03-04,0.39,0.39,0.39,0.39,272000.0,0.0
01884.HK,2021-03-05,0.38,0.39,0.38,0.38,248000.0,0.0
01884.HK,2021-03-08,0.31,0.35,0.3,0.35,64000.0,0.0
01884.HK,2021-03-09,0.31,0.33,0.3,0.33,8000.0,0.0
01884.HK,2021-03-10,0.34,0.35,0.34,0.34,296000.0,0.0
01884.HK,2021-03-11,0.34,0.34,0.34,0.34,0.0,0.0
01884.HK,2021-03-12,0.34,0.36,0.32,0.33,216000.0,0.0
01884.HK,2021-03-15,0.33,0.43,0.33,0.43,116000.0,0.0
01884.HK,2021-03-16,0.4,0.4,0.4,0.4,0.0,0.0
01884.HK,2021-03-17,0.34,0.37,0.34,0.37,260000.0,0.0
01884.HK,2021-03-18,0.35,0.38,0.35,0.38,108000.0,0.0
01884.HK,2021-03-19,0.38,0.38,0.38,0.38,0.0,0.0
01884.HK,2021-03-22,0.33,0.35,0.32,0.34,252000.0,0.0
01884.HK,2021-03-23,0.34,0.36,0.32,0.35,144000.0,0.0
01884.HK,2021-03-24,0.44,0.44,0.36,0.36,316000.0,0.0
01884.HK,2021-03-25,0.38,0.38,0.31,0.35,76000.0,0.0
01884.HK,2021-03-26,0.36,0.37,0.36,0.36,8000.0,0.0
01884.HK,2021-03-29,0.33,0.37,0.33,0.34,16000.0,0.0
01884.HK,2021-03-30,0.36,0.37,0.36,0.37,172000.0,0.0
01884.HK,2021-03-31,0.35,0.35,0.33,0.33,56000.0,0.0
01884.HK,2021-04-01,0.34,0.34,0.31,0.33,48000.0,0.0
01884.HK,2021-04-07,0.33,0.33,0.33,0.33,28000.0,0.0
01884.HK,2021-04-08,0.32,0.33,0.32,0.33,56000.0,0.0
01884.HK,2021-04-09,0.33,0.34,0.33,0.34,28000.0,0.0
01884.HK,2021-04-12,0.35,0.35,0.35,0.35,4000.0,0.0
01884.HK,2021-04-13,0.32,0.38,0.3,0.33,488000.0,0.0
01884.HK,2021-04-14,0.33,0.41,0.32,0.32,160000.0,0.0
01884.HK,2021-04-15,0.32,0.32,0.32,0.32,140000.0,0.0
01884.HK,2021-04-16,0.35,0.38,0.31,0.34,96000.0,0.0
01884.HK,2021-04-19,0.37,0.37,0.36,0.36,4000.0,0.0
01884.HK,2021-04-20,0.35,0.35,0.35,0.35,0.0,0.0
01884.HK,2021-04-21,0.32,0.34,0.32,0.34,80000.0,0.0
01884.HK,2021-04-22,0.34,0.34,0.34,0.34,16000.0,0.0
01884.HK,2021-04-23,0.32,0.32,0.31,0.31,40000.0,0.0
01884.HK,2021-04-26,0.31,0.31,0.31,0.31,92000.0,0.0
01884.HK,2021-04-27,0.31,0.31,0.31,0.31,12000.0,0.0
01884.HK,2021-04-28,0.31,0.31,0.31,0.31,0.0,0.0
01884.HK,2021-04-29,0.31,0.31,0.31,0.31,0.0,0.0
01884.HK,2021-04-30,0.31,0.31,0.31,0.31,0.0,0.0
01884.HK,2021-05-03,0.31,0.31,0.31,0.31,0.0,0.0
01884.HK,2021-05-04,0.29,0.33,0.28,0.32,192000.0,0.0
01884.HK,2021-05-05,0.32,0.32,0.29,0.3,76000.0,0.0
01884.HK,2021-05-06,0.3,0.3,0.3,0.3,0.0,0.0
01884.HK,2021-05-07,0.35,0.7,0.35,0.4,20404000.0,0.0
01884.HK,2021-05-10,0.4,0.4,0.36,0.36,1316000.0,0.0
01884.HK,2021-05-11,0.35,0.35,0.32,0.34,964000.0,0.0
01884.HK,2021-05-12,0.33,0.33,0.32,0.32,384000.0,0.0
01884.HK,2021-05-13,0.34,0.42,0.34,0.38,1136000.0,0.0
01884.HK,2021-05-14,0.38,0.38,0.34,0.34,96000.0,0.0
01884.HK,2021-05-17,0.35,0.35,0.34,0.35,384000.0,0.0
01884.HK,2021-05-18,0.33,0.36,0.33,0.35,212000.0,0.0
01884.HK,2021-05-20,0.35,0.35,0.35,0.35,0.0,0.0
01884.HK,2021-05-21,0.32,0.34,0.32,0.33,176000.0,0.0
01884.HK,2021-05-24,0.33,0.33,0.33,0.33,47000.0,0.0
01884.HK,2021-05-25,0.32,0.33,0.32,0.32,48000.0,0.0
01884.HK,2021-05-26,0.33,0.33,0.33,0.33,144000.0,0.0
01884.HK,2021-05-27,0.33,0.35,0.33,0.33,372000.0,0.0
01884.HK,2021-05-28,0.33,0.34,0.33,0.34,144000.0,0.0
01884.HK,2021-05-31,0.34,0.34,0.34,0.34,0.0,0.0
01884.HK,2021-06-01,0.34,0.34,0.34,0.34,0.0,0.0
01884.HK,2021-06-02,0.34,0.34,0.34,0.34,0.0,0.0
01884.HK,2021-06-03,0.33,0.33,0.33,0.33,4000.0,0.0
01884.HK,2021-06-04,0.32,0.33,0.32,0.33,416000.0,0.0
01884.HK,2021-06-07,0.32,0.34,0.32,0.34,400000.0,0.0
01884.HK,2021-06-08,0.34,0.35,0.34,0.35,32000.0,0.0
01884.HK,2021-06-09,0.35,0.35,0.35,0.35,0.0,0.0
01884.HK,2021-06-10,0.32,0.36,0.32,0.36,44000.0,0.0
01884.HK,2021-06-11,0.35,0.35,0.35,0.35,0.0,0.0
01884.HK,2021-06-15,0.35,0.36,0.34,0.36,108000.0,0.0
01884.HK,2021-06-16,0.33,0.33,0.33,0.33,8000.0,0.0
01884.HK,2021-06-17,0.33,0.33,0.33,0.33,12000.0,0.0
01884.HK,2021-06-18,0.35,0.36,0.35,0.36,16000.0,0.0
01884.HK,2021-06-21,0.36,0.36,0.36,0.36,0.0,0.0
01884.HK,2021-06-22,0.36,0.36,0.36,0.36,0.0,0.0
01884.HK,2021-06-23,0.35,0.37,0.35,0.36,124000.0,0.0
01884.HK,2021-06-24,0.36,0.36,0.36,0.36,0.0,0.0
01884.HK,2021-06-25,0.36,0.36,0.34,0.35,128000.0,0.0
01884.HK,2021-06-28,0.34,0.34,0.34,0.34,0.0,0.0
01884.HK,2021-06-29,0.33,0.36,0.33,0.33,21588000.0,0.0
01884.HK,2021-06-30,0.34,0.45,0.34,0.34,22988000.0,0.0
01884.HK,2021-07-02,0.38,0.39,0.33,0.33,20519000.0,0.0
01884.HK,2021-07-05,0.34,0.36,0.33,0.35,20000.0,0.0
01884.HK,2021-07-06,0.33,0.34,0.33,0.34,28000.0,0.0
01884.HK,2021-07-07,0.34,0.34,0.33,0.33,256000.0,0.0
01884.HK,2021-07-08,0.33,0.33,0.29,0.29,1244000.0,0.0
01884.HK,2021-07-09,0.32,0.33,0.28,0.32,596000.0,0.0
01884.HK,2021-07-12,0.3,0.34,0.3,0.31,2332000.0,0.0
01884.HK,2021-07-13,0.31,0.31,0.3,0.3,120000.0,0.0
01884.HK,2021-07-14,0.3,0.31,0.3,0.31,196000.0,0.0
01884.HK,2021-07-15,0.3,0.31,0.3,0.31,44000.0,0.0
01884.HK,2021-07-16,0.29,0.31,0.29,0.3,736000.0,0.0
01884.HK,2021-07-19,0.3,0.3,0.3,0.3,0.0,0.0
01884.HK,2021-07-20,0.29,0.29,0.29,0.29,20000.0,0.0
01884.HK,2021-07-21,0.29,0.29,0.29,0.29,0.0,0.0
01884.HK,2021-07-22,0.29,0.29,0.29,0.29,0.0,0.0
01884.HK,2021-07-23,0.3,0.3,0.29,0.29,164000.0,0.0
01884.HK,2021-07-26,0.29,0.29,0.29,0.29,200000.0,0.0
01884.HK,2021-07-27,0.29,0.3,0.28,0.3,120000.0,0.0
01884.HK,2021-07-28,0.29,0.29,0.29,0.29,84000.0,0.0
01884.HK,2021-07-29,0.29,0.29,0.29,0.29,60000.0,0.0
01884.HK,2021-07-30,0.29,0.3,0.29,0.3,68000.0,0.0
01884.HK,2021-08-02,0.3,0.31,0.3,0.3,140000.0,0.0
01884.HK,2021-08-03,0.29,0.29,0.29,0.29,80000.0,0.0
01884.HK,2021-08-04,0.29,0.29,0.29,0.29,0.0,0.0
01884.HK,2021-08-05,0.29,0.29,0.29,0.29,0.0,0.0
01884.HK,2021-08-06,0.29,0.29,0.28,0.29,160000.0,0.0
01884.HK,2021-08-09,0.29,0.29,0.29,0.29,40000.0,0.0
01884.HK,2021-08-10,0.3,0.3,0.29,0.29,8000.0,0.0
01884.HK,2021-08-11,0.29,0.29,0.29,0.29,12000.0,0.0
01884.HK,2021-08-12,0.29,0.29,0.29,0.29,0.0,0.0
01884.HK,2021-08-13,0.29,0.29,0.29,0.29,0.0,0.0
01884.HK,2021-08-16,0.29,0.29,0.29,0.29,0.0,0.0
01884.HK,2021-08-17,0.29,0.29,0.28,0.28,200000.0,0.0
01884.HK,2021-08-18,0.29,0.29,0.28,0.28,308000.0,0.0
01884.HK,2021-08-19,0.29,0.29,0.29,0.29,20000.0,0.0
01884.HK,2021-08-20,0.29,0.29,0.29,0.29,100000.0,0.0
01884.HK,2021-08-23,0.29,0.29,0.29,0.29,36000.0,0.0
01884.HK,2021-08-24,0.29,0.29,0.29,0.29,0.0,0.0
01884.HK,2021-08-25,0.29,0.29,0.28,0.28,124000.0,0.0
01884.HK,2021-08-26,0.29,0.29,0.29,0.29,180000.0,0.0
01884.HK,2021-08-27,0.29,0.29,0.29,0.29,0.0,0.0
01884.HK,2021-08-30,0.29,0.29,0.29,0.29,8000.0,0.0
01884.HK,2021-08-31,0.29,0.29,0.29,0.29,56000.0,0.0
01884.HK,2021-09-01,0.29,0.29,0.29,0.29,160000.0,0.0
01884.HK,2021-09-02,0.29,0.29,0.29,0.29,0.0,0.0
01884.HK,2021-09-03,0.29,0.29,0.29,0.29,48000.0,0.0
01884.HK,2021-09-06,0.29,0.29,0.29,0.29,32000.0,0.0
01884.HK,2021-09-07,0.29,0.29,0.29,0.29,0.0,0.0
01884.HK,2021-09-08,0.29,0.29,0.29,0.29,32000.0,0.0
01884.HK,2021-09-09,0.29,0.29,0.29,0.29,20000.0,0.0
01884.HK,2021-09-10,0.29,0.29,0.29,0.29,92000.0,0.0
01884.HK,2021-09-13,0.29,0.29,0.29,0.29,0.0,0.0
01884.HK,2021-09-14,0.29,0.29,0.29,0.29,0.0,0.0
01884.HK,2021-09-15,0.29,0.29,0.29,0.29,4000.0,0.0
01884.HK,2021-09-16,0.3,0.3,0.3,0.3,28000.0,0.0
01884.HK,2021-09-17,0.3,0.3,0.3,0.3,0.0,0.0
01884.HK,2021-09-20,0.29,0.29,0.29,0.29,84000.0,0.0
01884.HK,2021-09-21,0.29,0.29,0.29,0.29,0.0,0.0
01884.HK,2021-09-23,0.29,0.29,0.29,0.29,0.0,0.0
01884.HK,2021-09-24,0.29,0.29,0.29,0.29,0.0,0.0
01884.HK,2021-09-27,0.29,0.29,0.29,0.29,0.0,0.0
01884.HK,2021-09-28,0.29,0.29,0.29,0.29,0.0,0.0
01884.HK,2021-09-29,0.29,0.29,0.29,0.29,24000.0,0.0
01884.HK,2021-09-30,0.3,0.39,0.3,0.33,21235000.0,0.0
01884.HK,2021-10-04,0.32,0.32,0.3,0.3,152000.0,0.0
01884.HK,2021-10-05,0.3,0.31,0.29,0.31,180000.0,0.0
01884.HK,2021-10-06,0.3,0.3,0.29,0.29,20000.0,0.0
01884.HK,2021-10-07,0.29,0.29,0.29,0.29,100000.0,0.0
01884.HK,2021-10-08,0.29,0.31,0.29,0.31,84000.0,0.0
01884.HK,2021-10-11,0.29,0.29,0.29,0.29,12000.0,0.0
01884.HK,2021-10-12,0.29,0.29,0.29,0.29,8000.0,0.0
01884.HK,2021-10-15,0.29,0.29,0.29,0.29,0.0,0.0
01884.HK,2021-10-18,0.29,0.29,0.29,0.29,48000.0,0.0
01884.HK,2021-10-19,0.29,0.29,0.29,0.29,0.0,0.0
01884.HK,2021-10-20,0.29,0.29,0.29,0.29,0.0,0.0
01884.HK,2021-10-21,0.29,0.29,0.29,0.29,148000.0,0.0
01884.HK,2021-10-22,0.29,0.29,0.29,0.29,0.0,0.0
01884.HK,2021-10-25,0.29,0.29,0.29,0.29,12000.0,0.0
01884.HK,2021-10-26,0.29,0.29,0.29,0.29,48000.0,0.0
01884.HK,2021-10-27,0.29,0.29,0.29,0.29,52000.0,0.0
01884.HK,2021-10-28,0.29,0.29,0.29,0.29,20000.0,0.0
01884.HK,2021-10-29,0.29,0.29,0.29,0.29,96000.0,0.0
01884.HK,2021-11-01,0.29,0.29,0.28,0.29,348000.0,0.0
01884.HK,2021-11-02,0.29,0.29,0.28,0.28,168000.0,0.0
01884.HK,2021-11-03,0.29,0.29,0.29,0.29,40000.0,0.0
01884.HK,2021-11-04,0.29,0.29,0.29,0.29,0.0,0.0
01884.HK,2021-11-05,0.29,0.29,0.29,0.29,24000.0,0.0
01884.HK,2021-11-08,0.29,0.29,0.29,0.29,32000.0,0.0
01884.HK,2021-11-09,0.29,0.29,0.29,0.29,20000.0,0.0
01884.HK,2021-11-10,0.29,0.29,0.29,0.29,12000.0,0.0
01884.HK,2021-11-11,0.29,0.31,0.29,0.3,332000.0,0.0
01884.HK,2021-11-12,0.29,0.29,0.29,0.29,68000.0,0.0
01884.HK,2021-11-15,0.29,0.3,0.29,0.3,108000.0,0.0
01884.HK,2021-11-16,0.3,0.3,0.3,0.3,0.0,0.0
01884.HK,2021-11-17,0.29,0.29,0.29,0.29,36000.0,0.0
01884.HK,2021-11-18,0.29,0.29,0.29,0.29,20000.0,0.0
01884.HK,2021-11-19,0.29,0.29,0.29,0.29,0.0,0.0
01884.HK,2021-11-22,0.29,0.29,0.29,0.29,64000.0,0.0
01884.HK,2021-11-23,0.29,0.29,0.29,0.29,4000.0,0.0
01884.HK,2021-11-24,0.3,0.3,0.3,0.3,0.0,0.0
01884.HK,2021-11-25,0.3,0.3,0.3,0.3,0.0,0.0
01884.HK,2021-11-26,0.29,0.29,0.27,0.27,224000.0,0.0
01884.HK,2021-11-29,0.29,0.29,0.29,0.29,52000.0,0.0
01884.HK,2021-11-30,0.29,0.29,0.29,0.29,80000.0,0.0
01884.HK,2021-12-01,0.3,0.3,0.3,0.3,160000.0,0.0
01884.HK,2021-12-02,0.3,0.3,0.3,0.3,0.0,0.0
01884.HK,2021-12-03,0.3,0.3,0.3,0.3,0.0,0.0
01884.HK,2021-12-06,0.3,0.3,0.3,0.3,0.0,0.0
01884.HK,2021-12-07,0.3,0.3,0.3,0.3,0.0,0.0
01884.HK,2021-12-08,0.3,0.3,0.3,0.3,0.0,0.0
01884.HK,2021-12-09,0.29,0.29,0.29,0.29,60000.0,0.0
01884.HK,2021-12-10,0.29,0.29,0.29,0.29,44000.0,0.0
01884.HK,2021-12-13,0.29,0.29,0.29,0.29,40000.0,0.0
01884.HK,2021-12-14,0.29,0.29,0.29,0.29,0.0,0.0
01884.HK,2021-12-15,0.29,0.29,0.29,0.29,0.0,0.0
01884.HK,2021-12-16,0.29,0.29,0.29,0.29,0.0,0.0
01884.HK,2021-12-17,0.29,0.29,0.29,0.29,40000.0,0.0
01884.HK,2021-12-20,0.3,0.3,0.29,0.29,24000.0,0.0
01884.HK,2021-12-21,0.29,0.29,0.29,0.29,0.0,0.0
01884.HK,2021-12-22,0.29,0.29,0.29,0.29,40000.0,0.0
01884.HK,2021-12-23,0.29,0.29,0.29,0.29,0.0,0.0
01884.HK,2021-12-24,0.29,0.29,0.29,0.29,0.0,0.0
01884.HK,2021-12-28,0.29,0.29,0.28,0.28,128000.0,0.0
01884.HK,2021-12-29,0.29,0.29,0.29,0.29,40000.0,0.0
01884.HK,2021-12-30,0.29,0.29,0.29,0.29,0.0,0.0
01884.HK,2021-12-31,0.29,0.29,0.29,0.29,44000.0,0.0
01884.HK,2022-01-03,0.29,0.29,0.29,0.29,40000.0,0.0
01884.HK,2022-01-04,0.29,0.29,0.29,0.29,56000.0,0.0
01884.HK,2022-01-05,0.29,0.29,0.28,0.28,84000.0,0.0
01884.HK,2022-01-06,0.29,0.29,0.26,0.26,132000.0,0.0
01884.HK,2022-01-07,0.29,0.29,0.27,0.27,140000.0,0.0
01884.HK,2022-01-10,0.29,0.29,0.28,0.28,80000.0,0.0
01884.HK,2022-01-11,0.29,0.29,0.27,0.28,108000.0,0.0
01884.HK,2022-01-12,0.29,0.29,0.25,0.26,328000.0,0.0
01884.HK,2022-01-13,0.26,0.29,0.26,0.28,84000.0,0.0
01884.HK,2022-01-14,0.28,0.28,0.28,0.28,80000.0,0.0
01884.HK,2022-01-17,0.28,0.28,0.28,0.28,80000.0,0.0
01884.HK,2022-01-18,0.28,0.28,0.27,0.28,80000.0,0.0
01884.HK,2022-01-19,0.28,0.28,0.27,0.27,172000.0,0.0
01884.HK,2022-01-20,0.28,0.28,0.28,0.28,84000.0,0.0
01884.HK,2022-01-21,0.28,0.28,0.28,0.28,84000.0,0.0
01884.HK,2022-01-24,0.28,0.29,0.28,0.28,84000.0,0.0
01884.HK,2022-01-25,0.28,0.29,0.28,0.29,80000.0,0.0
01884.HK,2022-01-26,0.29,0.29,0.28,0.28,88000.0,0.0
01884.HK,2022-01-27,0.28,0.28,0.28,0.28,188000.0,0.0
01884.HK,2022-01-28,0.28,0.29,0.28,0.29,40000.0,0.0
01884.HK,2022-01-31,0.29,0.29,0.29,0.29,40000.0,0.0
01884.HK,2022-02-04,0.29,0.29,0.29,0.29,8000.0,0.0
01884.HK,2022-02-07,0.29,0.29,0.29,0.29,4000.0,0.0
01884.HK,2022-02-08,0.29,0.29,0.29,0.29,0.0,0.0
01884.HK,2022-02-09,0.29,0.29,0.28,0.28,80000.0,0.0
01884.HK,2022-02-10,0.28,0.29,0.28,0.29,12000.0,0.0
01884.HK,2022-02-11,0.29,0.29,0.29,0.29,64000.0,0.0
01884.HK,2022-02-14,0.29,0.3,0.29,0.3,36000.0,0.0
01884.HK,2022-02-15,0.3,0.3,0.29,0.29,48000.0,0.0
01884.HK,2022-02-16,0.29,0.3,0.29,0.29,176000.0,0.0
01884.HK,2022-02-17,0.29,0.3,0.29,0.3,80000.0,0.0
01884.HK,2022-02-18,0.29,0.29,0.29,0.29,0.0,0.0
01884.HK,2022-02-21,0.3,0.3,0.3,0.3,53000.0,0.0
01884.HK,2022-02-22,0.3,0.3,0.29,0.29,88000.0,0.0
01884.HK,2022-02-23,0.29,0.29,0.29,0.29,4000.0,0.0
01884.HK,2022-02-24,0.29,0.29,0.29,0.29,84000.0,0.0
01884.HK,2022-02-25,0.29,0.29,0.29,0.29,0.0,0.0
01884.HK,2022-02-28,0.29,0.29,0.28,0.28,64000.0,0.0
01884.HK,2022-03-01,0.28,0.29,0.28,0.29,168000.0,0.0
01884.HK,2022-03-02,0.29,0.29,0.28,0.28,80000.0,0.0
01884.HK,2022-03-03,0.29,0.29,0.29,0.29,52000.0,0.0
01884.HK,2022-03-04,0.29,0.3,0.29,0.29,32000.0,0.0
01884.HK,2022-03-07,0.29,0.29,0.29,0.29,84000.0,0.0
01884.HK,2022-03-08,0.29,0.29,0.29,0.29,48000.0,0.0
01884.HK,2022-03-09,0.29,0.29,0.28,0.28,100000.0,0.0
01884.HK,2022-03-10,0.29,0.29,0.28,0.28,104000.0,0.0
01884.HK,2022-03-11,0.28,0.29,0.27,0.29,316000.0,0.0
01884.HK,2022-03-14,0.29,0.29,0.28,0.28,60000.0,0.0
01884.HK,2022-03-15,0.28,0.28,0.28,0.28,92000.0,0.0
01884.HK,2022-03-16,0.29,0.29,0.26,0.26,144000.0,0.0
01884.HK,2022-03-17,0.28,0.28,0.28,0.28,288000.0,0.0
01884.HK,2022-03-18,0.28,0.28,0.28,0.28,120000.0,0.0
01884.HK,2022-03-21,0.29,0.29,0.26,0.28,196000.0,0.0
01884.HK,2022-03-22,0.29,0.29,0.28,0.28,80000.0,0.0
01884.HK,2022-03-23,0.29,0.29,0.28,0.28,80000.0,0.0
01884.HK,2022-03-24,0.29,0.29,0.28,0.28,60000.0,0.0
01884.HK,2022-03-25,0.29,0.29,0.28,0.28,76000.0,0.0
01884.HK,2022-03-28,0.28,0.29,0.28,0.29,56000.0,0.0
01884.HK,2022-03-29,0.29,0.3,0.29,0.29,24000.0,0.0
01884.HK,2022-03-30,0.29,0.29,0.29,0.29,12000.0,0.0
01884.HK,2022-03-31,0.29,0.29,0.28,0.28,104000.0,0.0
01884.HK,2022-04-01,0.29,0.35,0.29,0.29,1184000.0,0.0
01884.HK,2022-04-04,0.29,0.29,0.28,0.28,60000.0,0.0
01884.HK,2022-04-06,0.29,0.29,0.29,0.29,60000.0,0.0
01884.HK,2022-04-07,0.29,0.29,0.29,0.29,0.0,0.0
01884.HK,2022-04-08,0.29,0.29,0.29,0.29,4788000.0,0.0
01884.HK,2022-04-11,0.29,0.29,0.29,0.29,44000.0,0.0
01884.HK,2022-04-12,0.29,0.29,0.29,0.29,132000.0,0.0
01884.HK,2022-04-13,0.29,0.29,0.28,0.28,132000.0,0.0
01884.HK,2022-04-14,0.28,0.31,0.27,0.3,256000.0,0.0
01884.HK,2022-04-19,0.29,0.29,0.29,0.29,156000.0,0.0
01884.HK,2022-04-20,0.29,0.29,0.29,0.29,48000.0,0.0
01884.HK,2022-04-21,0.29,0.29,0.29,0.29,28000.0,0.0
01884.HK,2022-04-22,0.29,0.29,0.29,0.29,0.0,0.0
01884.HK,2022-04-25,0.29,0.29,0.29,0.29,0.0,0.0
01884.HK,2022-04-26,0.29,0.29,0.29,0.29,0.0,0.0
01884.HK,2022-04-27,0.29,0.29,0.29,0.29,0.0,0.0
01884.HK,2022-04-28,0.29,0.29,0.29,0.29,0.0,0.0
01884.HK,2022-04-29,0.29,0.29,0.29,0.29,0.0,0.0
01884.HK,2022-05-03,0.28,0.29,0.28,0.28,100000.0,0.0
01884.HK,2022-05-04,0.28,0.28,0.28,0.28,4000.0,0.0
01884.HK,2022-05-05,0.28,0.28,0.28,0.28,0.0,0.0
01884.HK,2022-05-06,0.28,0.28,0.28,0.28,0.0,0.0
01884.HK,2022-05-10,0.28,0.28,0.28,0.28,0.0,0.0
01884.HK,2022-05-11,0.28,0.28,0.28,0.28,20000.0,0.0
01884.HK,2022-05-12,0.28,0.28,0.28,0.28,0.0,0.0
01884.HK,2022-05-13,0.27,0.27,0.27,0.27,20000.0,0.0
01884.HK,2022-05-16,0.27,0.27,0.27,0.27,0.0,0.0
01884.HK,2022-05-17,0.27,0.27,0.27,0.27,0.0,0.0
01884.HK,2022-05-18,0.27,0.27,0.27,0.27,0.0,0.0
01884.HK,2022-05-19,0.27,0.27,0.27,0.27,0.0,0.0
01884.HK,2022-05-20,0.27,0.27,0.27,0.27,8000.0,0.0
01884.HK,2022-05-23,0.27,0.27,0.27,0.27,0.0,0.0
01884.HK,2022-05-24,0.27,0.27,0.27,0.27,0.0,0.0
01884.HK,2022-05-25,0.27,0.27,0.27,0.27,0.0,0.0
01884.HK,2022-05-26,0.27,0.27,0.27,0.27,0.0,0.0
01884.HK,2022-05-27,0.27,0.27,0.27,0.27,60000.0,0.0
01884.HK,2022-05-30,0.27,0.27,0.27,0.27,4000.0,0.0
01884.HK,2022-05-31,0.27,0.27,0.27,0.27,0.0,0.0
01884.HK,2022-06-01,0.27,0.27,0.27,0.27,0.0,0.0
01884.HK,2022-06-02,0.27,0.27,0.27,0.27,0.0,0.0
01884.HK,2022-06-06,0.27,0.27,0.27,0.27,0.0,0.0
01884.HK,2022-06-07,0.27,0.27,0.27,0.27,0.0,0.0
01884.HK,2022-06-08,0.25,0.27,0.25,0.27,44000.0,0.0
01884.HK,2022-06-09,0.27,0.27,0.27,0.27,0.0,0.0
01884.HK,2022-06-10,0.27,0.3,0.27,0.29,12000.0,0.0
01884.HK,2022-06-13,0.28,0.28,0.28,0.28,0.0,0.0
01884.HK,2022-06-14,0.28,0.28,0.28,0.28,0.0,0.0
01884.HK,2022-06-15,0.27,0.27,0.27,0.27,32000.0,0.0
01884.HK,2022-06-16,0.27,0.27,0.27,0.27,0.0,0.0
01884.HK,2022-06-17,0.27,0.27,0.27,0.27,0.0,0.0
01884.HK,2022-06-20,0.27,0.27,0.27,0.27,40000.0,0.0
01884.HK,2022-06-21,0.26,0.26,0.26,0.26,124000.0,0.0
01884.HK,2022-06-22,0.25,0.25,0.25,0.25,80000.0,0.0
01884.HK,2022-06-23,0.25,0.25,0.25,0.25,0.0,0.0
01884.HK,2022-06-24,0.25,0.25,0.25,0.25,8000.0,0.0
01884.HK,2022-06-27,0.27,0.28,0.25,0.25,280000.0,0.0
01884.HK,2022-06-28,0.27,0.27,0.27,0.27,8000.0,0.0
01884.HK,2022-06-29,0.26,0.27,0.26,0.27,24000.0,0.0
01884.HK,2022-06-30,0.28,0.32,0.26,0.32,328000.0,0.0
01884.HK,2022-07-04,0.29,0.29,0.29,0.29,0.0,0.0
01884.HK,2022-07-05,0.28,0.3,0.28,0.3,16000.0,0.0
01884.HK,2022-07-06,0.29,0.29,0.29,0.29,0.0,0.0
01884.HK,2022-07-07,0.29,0.29,0.29,0.29,0.0,0.0
01884.HK,2022-07-08,0.29,0.29,0.29,0.29,0.0,0.0
01884.HK,2022-07-11,0.29,0.29,0.29,0.29,0.0,0.0
01884.HK,2022-07-12,0.29,0.29,0.29,0.29,0.0,0.0
01884.HK,2022-07-13,0.29,0.29,0.29,0.29,8000.0,0.0
01884.HK,2022-07-14,0.29,0.29,0.29,0.29,0.0,0.0
01884.HK,2022-07-15,0.29,0.3,0.29,0.29,8000.0,0.0
01884.HK,2022-07-18,0.29,0.29,0.29,0.29,140000.0,0.0
01884.HK,2022-07-19,0.3,0.3,0.3,0.3,32000.0,0.0
01884.HK,2022-07-20,0.3,0.3,0.28,0.3,88000.0,0.0
01884.HK,2022-07-21,0.3,0.3,0.3,0.3,0.0,0.0
01884.HK,2022-07-22,0.27,0.3,0.27,0.3,108000.0,0.0
01884.HK,2022-07-25,0.27,0.29,0.27,0.29,260000.0,0.0
01884.HK,2022-07-26,0.29,0.29,0.29,0.29,0.0,0.0
01884.HK,2022-07-27,0.29,0.29,0.29,0.29,0.0,0.0
01884.HK,2022-07-28,0.27,0.27,0.27,0.27,16000.0,0.0
01884.HK,2022-07-29,0.27,0.27,0.27,0.27,0.0,0.0
01884.HK,2022-08-01,0.29,0.29,0.28,0.28,4000.0,0.0
01884.HK,2022-08-02,0.27,0.29,0.26,0.28,376000.0,0.0
01884.HK,2022-08-03,0.28,0.28,0.28,0.28,0.0,0.0
01884.HK,2022-08-04,0.27,0.27,0.27,0.27,32000.0,0.0
01884.HK,2022-08-05,0.27,0.27,0.27,0.27,0.0,0.0
01884.HK,2022-08-08,0.28,0.28,0.27,0.27,8000.0,0.0
01884.HK,2022-08-09,0.27,0.27,0.26,0.26,100000.0,0.0
01884.HK,2022-08-10,0.26,0.26,0.26,0.26,412000.0,0.0
01884.HK,2022-08-11,0.26,0.26,0.26,0.26,8000.0,0.0
01884.HK,2022-08-12,0.26,0.26,0.26,0.26,0.0,0.0
01884.HK,2022-08-15,0.26,0.26,0.26,0.26,180000.0,0.0
01884.HK,2022-08-16,0.25,0.32,0.25,0.32,52000.0,0.0
01884.HK,2022-08-17,0.26,0.27,0.26,0.26,168000.0,0.0
01884.HK,2022-08-18,0.28,0.28,0.28,0.28,8000.0,0.0
01884.HK,2022-08-19,0.28,0.28,0.28,0.28,0.0,0.0
01884.HK,2022-08-22,0.28,0.28,0.28,0.28,0.0,0.0
01884.HK,2022-08-23,0.28,0.28,0.28,0.28,0.0,0.0
01884.HK,2022-08-24,0.28,0.28,0.28,0.28,0.0,0.0
01884.HK,2022-08-25,0.28,0.28,0.28,0.28,0.0,0.0
01884.HK,2022-08-26,0.28,0.28,0.28,0.28,0.0,0.0
01884.HK,2022-08-29,0.27,0.27,0.27,0.27,4000.0,0.0
01884.HK,2022-08-30,0.27,0.27,0.27,0.27,0.0,0.0
01884.HK,2022-08-31,0.26,0.26,0.26,0.26,40000.0,0.0
01884.HK,2022-09-01,0.26,0.26,0.26,0.26,0.0,0.0
01884.HK,2022-09-02,0.26,0.26,0.26,0.26,0.0,0.0
01884.HK,2022-09-05,0.26,0.26,0.26,0.26,0.0,0.0
01884.HK,2022-09-06,0.26,0.26,0.26,0.26,0.0,0.0
01884.HK,2022-09-07,0.26,0.26,0.26,0.26,0.0,0.0
01884.HK,2022-09-08,0.25,0.28,0.25,0.28,52000.0,0.0
01884.HK,2022-09-09,0.27,0.27,0.27,0.27,0.0,0.0
01884.HK,2022-09-13,0.25,0.26,0.25,0.26,40000.0,0.0
01884.HK,2022-09-14,0.26,0.26,0.26,0.26,32000.0,0.0
01884.HK,2022-09-15,0.26,0.26,0.26,0.26,0.0,0.0
01884.HK,2022-09-16,0.26,0.26,0.26,0.26,0.0,0.0
01884.HK,2022-09-19,0.26,0.26,0.26,0.26,0.0,0.0
01884.HK,2022-09-20,0.26,0.26,0.26,0.26,0.0,0.0
01884.HK,2022-09-21,0.26,0.26,0.26,0.26,0.0,0.0
01884.HK,2022-09-22,0.26,0.29,0.26,0.29,72000.0,0.0
01884.HK,2022-09-23,0.28,0.28,0.28,0.28,0.0,0.0
01884.HK,2022-09-26,0.27,0.27,0.27,0.27,0.0,0.0
01884.HK,2022-09-27,0.24,0.26,0.23,0.25,592000.0,0.0
01884.HK,2022-09-28,0.25,0.25,0.25,0.25,0.0,0.0
01884.HK,2022-09-29,0.25,0.25,0.25,0.25,0.0,0.0
01884.HK,2022-09-30,0.25,0.25,0.25,0.25,3600000.0,0.0
01884.HK,2022-10-03,0.24,0.24,0.24,0.24,4000.0,0.0
01884.HK,2022-10-05,0.23,0.27,0.23,0.26,200000.0,0.0
01884.HK,2022-10-06,0.26,0.26,0.26,0.26,8000.0,0.0
01884.HK,2022-10-07,0.26,0.26,0.26,0.26,0.0,0.0
01884.HK,2022-10-10,0.26,0.26,0.26,0.26,0.0,0.0
01884.HK,2022-10-11,0.26,0.26,0.26,0.26,0.0,0.0
01884.HK,2022-10-12,0.26,0.26,0.26,0.26,0.0,0.0
01884.HK,2022-10-13,0.26,0.26,0.26,0.26,0.0,0.0
01884.HK,2022-10-14,0.26,0.26,0.26,0.26,0.0,0.0
01884.HK,2022-10-17,0.26,0.26,0.26,0.26,0.0,0.0
01884.HK,2022-10-18,0.26,0.26,0.26,0.26,0.0,0.0
01884.HK,2022-10-19,0.26,0.26,0.26,0.26,0.0,0.0
01884.HK,2022-10-20,0.26,0.26,0.26,0.26,0.0,0.0
01884.HK,2022-10-21,0.26,0.26,0.26,0.26,0.0,0.0
01884.HK,2022-10-24,0.26,0.26,0.26,0.26,0.0,0.0
01884.HK,2022-10-25,0.26,0.26,0.26,0.26,0.0,0.0
01884.HK,2022-10-26,0.26,0.26,0.26,0.26,20000.0,0.0
01884.HK,2022-10-27,0.26,0.26,0.26,0.26,0.0,0.0
01884.HK,2022-10-28,0.26,0.26,0.26,0.26,20000.0,0.0
01884.HK,2022-10-31,0.26,0.26,0.26,0.26,0.0,0.0
01884.HK,2022-11-01,0.23,0.23,0.21,0.22,48000.0,0.0
01884.HK,2022-11-02,0.22,0.22,0.22,0.22,0.0,0.0
01884.HK,2022-11-03,0.22,0.22,0.2,0.22,36000.0,0.0
01884.HK,2022-11-04,0.24,0.24,0.24,0.24,4000.0,0.0
01884.HK,2022-11-07,0.24,0.24,0.24,0.24,0.0,0.0
01884.HK,2022-11-08,0.24,0.24,0.24,0.24,0.0,0.0
01884.HK,2022-11-09,0.24,0.24,0.24,0.24,0.0,0.0
01884.HK,2022-11-10,0.24,0.24,0.24,0.24,0.0,0.0
01884.HK,2022-11-11,0.25,0.41,0.25,0.4,2736000.0,0.0
01884.HK,2022-11-14,0.44,0.44,0.33,0.36,4136000.0,0.0
01884.HK,2022-11-15,0.36,0.41,0.31,0.35,1708000.0,0.0
01884.HK,2022-11-16,0.34,0.4,0.28,0.29,2156000.0,0.0
01884.HK,2022-11-17,0.33,0.44,0.29,0.33,16076000.0,0.0
01884.HK,2022-11-18,0.33,0.46,0.31,0.42,12820000.0,0.0
01884.HK,2022-11-21,0.36,0.39,0.33,0.35,5104000.0,0.0
01884.HK,2022-11-22,0.35,0.39,0.31,0.32,13844000.0,0.0
01884.HK,2022-11-23,0.31,0.44,0.25,0.43,12220000.0,0.0
01884.HK,2022-11-24,0.4,0.5,0.4,0.42,8594000.0,0.0
01884.HK,2022-11-25,0.44,0.44,0.37,0.41,6244000.0,0.0
01884.HK,2022-11-28,0.36,0.38,0.35,0.36,3972000.0,0.0
01884.HK,2022-11-29,0.35,0.5,0.35,0.44,11180000.0,0.0
01884.HK,2022-11-30,0.41,0.45,0.41,0.42,2952000.0,0.0
01884.HK,2022-12-01,0.4,0.42,0.39,0.41,908000.0,0.0
01884.HK,2022-12-02,0.36,0.42,0.36,0.39,2132000.0,0.0
01884.HK,2022-12-05,0.39,0.42,0.38,0.41,1638000.0,0.0
01884.HK,2022-12-06,0.4,0.41,0.39,0.4,2572000.0,0.0
01884.HK,2022-12-07,0.41,0.62,0.41,0.61,18304000.0,0.0
01884.HK,2022-12-08,0.59,0.73,0.51,0.72,27420000.0,0.0
01884.HK,2022-12-09,0.72,0.76,0.67,0.71,84416000.0,0.0
01884.HK,2022-12-12,0.72,0.82,0.7,0.8,77730718.0,0.0
01884.HK,2022-12-13,0.8,0.83,0.62,0.69,27264000.0,0.0
01884.HK,2022-12-14,0.71,0.74,0.43,0.7,15200000.0,0.0
01884.HK,2022-12-15,0.69,0.7,0.58,0.64,4396000.0,0.0
01884.HK,2022-12-16,0.67,0.79,0.6,0.79,8432000.0,0.0
01884.HK,2022-12-19,0.79,0.8,0.67,0.7,4664000.0,0.0
01884.HK,2022-12-20,0.62,0.62,0.36,0.48,26204000.0,0.0
01884.HK,2022-12-21,0.48,0.5,0.42,0.45,2320000.0,0.0
01884.HK,2022-12-22,0.45,0.46,0.4,0.42,5916000.0,0.0
01884.HK,2022-12-23,0.41,0.49,0.41,0.44,3448000.0,0.0
01884.HK,2022-12-28,0.44,0.48,0.42,0.43,2032000.0,0.0
01884.HK,2022-12-29,0.42,0.43,0.41,0.42,1300000.0,0.0
01884.HK,2022-12-30,0.42,0.42,0.4,0.41,2056000.0,0.0
01884.HK,2023-01-03,0.39,0.4,0.39,0.39,568000.0,0.0
01884.HK,2023-01-04,0.4,0.45,0.39,0.42,1756000.0,0.0
01884.HK,2023-01-05,0.42,0.43,0.41,0.42,368000.0,0.0
01884.HK,2023-01-06,0.42,0.46,0.41,0.44,1708000.0,0.0
01884.HK,2023-01-09,0.44,0.48,0.43,0.47,3492000.0,0.0
01884.HK,2023-01-10,0.47,0.62,0.44,0.58,7260000.0,0.0
01884.HK,2023-01-11,0.64,0.64,0.54,0.58,2260000.0,0.0
01884.HK,2023-01-12,0.58,0.58,0.54,0.55,848000.0,0.0
01884.HK,2023-01-13,0.51,0.58,0.51,0.58,1168000.0,0.0
01884.HK,2023-01-16,0.55,0.56,0.53,0.54,340000.0,0.0
01884.HK,2023-01-17,0.54,0.68,0.54,0.65,7056000.0,0.0
01884.HK,2023-01-18,0.65,0.65,0.6,0.6,520000.0,0.0
01884.HK,2023-01-19,0.6,0.63,0.59,0.61,560000.0,0.0
01884.HK,2023-01-20,0.57,0.64,0.56,0.62,1620000.0,0.0
01884.HK,2023-01-26,0.62,0.64,0.6,0.64,140000.0,0.0
01884.HK,2023-01-27,0.62,0.65,0.6,0.65,604000.0,0.0
01884.HK,2023-01-30,0.65,0.7,0.6,0.69,1056000.0,0.0
01884.HK,2023-01-31,0.69,0.71,0.67,0.7,1532000.0,0.0
01884.HK,2023-02-01,0.7,0.7,0.65,0.68,740000.0,0.0
01884.HK,2023-02-02,0.65,0.66,0.63,0.64,900000.0,0.0
01884.HK,2023-02-03,0.63,0.64,0.54,0.64,1020000.0,0.0
01884.HK,2023-02-06,0.61,0.64,0.61,0.63,796000.0,0.0
01884.HK,2023-02-07,0.61,0.68,0.61,0.64,3248000.0,0.0
01884.HK,2023-02-08,0.61,0.63,0.61,0.62,324000.0,0.0
01884.HK,2023-02-09,0.62,0.66,0.62,0.66,416000.0,0.0
01884.HK,2023-02-10,0.66,0.68,0.64,0.68,340000.0,0.0
01884.HK,2023-02-13,0.65,0.67,0.64,0.66,704000.0,0.0
01884.HK,2023-02-14,0.66,0.66,0.6,0.63,756000.0,0.0
01884.HK,2023-02-15,0.61,0.65,0.61,0.65,128000.0,0.0
01884.HK,2023-02-16,0.65,0.65,0.62,0.65,176000.0,0.0
01884.HK,2023-02-17,0.62,0.67,0.62,0.67,956000.0,0.0
01884.HK,2023-02-20,0.66,0.66,0.63,0.65,392000.0,0.0
01884.HK,2023-02-21,0.66,0.67,0.63,0.67,1072000.0,0.0
01884.HK,2023-02-22,0.63,0.66,0.63,0.66,564000.0,0.0
01884.HK,2023-02-23,0.63,0.65,0.63,0.64,420000.0,0.0
01884.HK,2023-02-24,0.63,0.65,0.6,0.64,1212000.0,0.0
01884.HK,2023-02-27,0.64,0.64,0.6,0.6,592000.0,0.0
01884.HK,2023-02-28,0.6,0.62,0.6,0.62,88000.0,0.0
01884.HK,2023-03-01,0.62,0.63,0.54,0.61,780000.0,0.0
01884.HK,2023-03-02,0.61,0.61,0.58,0.6,112000.0,0.0
01884.HK,2023-03-03,0.6,0.6,0.57,0.6,232000.0,0.0
01884.HK,2023-03-06,0.58,0.61,0.58,0.61,8000.0,0.0
01884.HK,2023-03-07,0.64,0.64,0.58,0.59,148000.0,0.0
01884.HK,2023-03-08,0.59,0.6,0.58,0.6,472000.0,0.0
01884.HK,2023-03-09,0.57,0.59,0.56,0.59,768000.0,0.0
01884.HK,2023-03-10,0.57,0.58,0.56,0.58,52000.0,0.0
01884.HK,2023-03-13,0.58,0.58,0.58,0.58,56008.0,0.0
01884.HK,2023-03-14,0.55,0.57,0.52,0.57,528000.0,0.0
01884.HK,2023-03-15,0.52,0.56,0.52,0.56,12000.0,0.0
01884.HK,2023-03-16,0.51,0.55,0.51,0.55,392000.0,0.0
01884.HK,2023-03-17,0.52,0.54,0.49,0.53,784000.0,0.0
01884.HK,2023-03-20,0.56,0.59,0.52,0.54,604000.0,0.0
01884.HK,2023-03-21,0.53,0.55,0.5,0.55,1220000.0,0.0
01884.HK,2023-03-22,0.57,0.62,0.57,0.61,2400000.0,0.0
01884.HK,2023-03-23,0.62,0.62,0.61,0.62,720000.0,0.0
01884.HK,2023-03-24,0.63,0.64,0.6,0.61,1748000.0,0.0
01884.HK,2023-03-27,0.61,0.8,0.58,0.66,27104000.0,0.0
01884.HK,2023-03-28,0.66,0.77,0.41,0.71,22768000.0,0.0
01884.HK,2023-03-29,0.69,0.7,0.65,0.67,2932000.0,0.0
01884.HK,2023-03-30,0.67,0.67,0.53,0.6,5436000.0,0.0
01884.HK,2023-03-31,0.61,0.61,0.57,0.61,812000.0,0.0
01884.HK,2023-04-03,0.58,0.6,0.58,0.59,656000.0,0.0
01884.HK,2023-04-04,0.59,0.62,0.56,0.57,1492000.0,0.0
01884.HK,2023-04-06,0.57,0.57,0.5,0.55,1508000.0,0.0
01884.HK,2023-04-11,0.55,0.55,0.52,0.52,1360000.0,0.0
01884.HK,2023-04-12,0.52,0.53,0.5,0.52,1164000.0,0.0
01884.HK,2023-04-13,0.51,0.53,0.5,0.5,804000.0,0.0
01884.HK,2023-04-14,0.63,0.63,0.53,0.56,404000.0,0.0
01884.HK,2023-04-17,0.53,0.55,0.52,0.53,512000.0,0.0
01884.HK,2023-04-18,0.53,0.53,0.5,0.52,2292000.0,0.0
01884.HK,2023-04-19,0.51,0.53,0.51,0.53,152000.0,0.0
01884.HK,2023-04-20,0.53,0.53,0.52,0.53,448000.0,0.0
01884.HK,2023-04-21,0.53,0.55,0.53,0.55,212000.0,0.0
01884.HK,2023-04-24,0.55,0.56,0.53,0.56,720000.0,0.0
01884.HK,2023-04-25,0.53,0.53,0.53,0.53,112000.0,0.0
01884.HK,2023-04-26,0.52,0.52,0.52,0.52,196000.0,0.0
01884.HK,2023-04-27,0.51,0.53,0.51,0.53,256000.0,0.0
01884.HK,2023-04-28,0.52,0.54,0.52,0.54,392000.0,0.0
01884.HK,2023-05-02,0.51,0.52,0.51,0.52,64000.0,0.0
01884.HK,2023-05-03,0.52,0.52,0.5,0.5,404000.0,0.0
01884.HK,2023-05-04,0.51,0.51,0.5,0.51,180000.0,0.0
01884.HK,2023-05-05,0.5,0.5,0.48,0.49,264000.0,0.0
01884.HK,2023-05-08,0.5,0.52,0.5,0.52,68000.0,0.0
01884.HK,2023-05-09,0.5,0.53,0.5,0.52,244000.0,0.0
01884.HK,2023-05-10,0.51,0.51,0.5,0.51,612000.0,0.0
01884.HK,2023-05-11,0.52,0.52,0.5,0.51,660000.0,0.0
01884.HK,2023-05-12,0.5,0.5,0.43,0.46,3924000.0,0.0
01884.HK,2023-05-15,0.45,0.51,0.44,0.45,2736000.0,0.0
01884.HK,2023-05-16,0.46,0.46,0.45,0.46,1012000.0,0.0
01884.HK,2023-05-17,0.45,0.48,0.43,0.46,1680000.0,0.0
01884.HK,2023-05-18,0.44,0.45,0.43,0.45,1528000.0,0.0
01884.HK,2023-05-19,0.44,0.48,0.44,0.46,4084000.0,0.0
01884.HK,2023-05-22,0.45,0.45,0.44,0.44,444000.0,0.0
01884.HK,2023-05-23,0.44,0.44,0.41,0.43,452000.0,0.0
01884.HK,2023-05-24,0.43,0.43,0.42,0.43,280000.0,0.0
01884.HK,2023-05-25,0.42,0.42,0.4,0.42,588000.0,0.0
01884.HK,2023-05-29,0.4,0.4,0.37,0.39,176000.0,0.0
01884.HK,2023-05-30,0.39,0.43,0.39,0.4,1972000.0,0.0
01884.HK,2023-05-31,0.4,0.4,0.38,0.4,440000.0,0.0
01884.HK,2023-06-01,0.4,0.4,0.4,0.4,532000.0,0.0
01884.HK,2023-06-02,0.39,0.46,0.39,0.46,2176000.0,0.0
01884.HK,2023-06-05,0.46,0.46,0.43,0.45,216000.0,0.0
01884.HK,2023-06-06,0.45,0.5,0.44,0.47,120000.0,0.0
01884.HK,2023-06-07,0.43,0.49,0.43,0.49,20000.0,0.0
01884.HK,2023-06-08,0.49,0.49,0.49,0.49,0.0,0.0
01884.HK,2023-06-09,0.49,0.49,0.49,0.49,0.0,0.0
01884.HK,2023-06-12,0.49,0.49,0.43,0.43,40000.0,0.0
01884.HK,2023-06-13,0.4,0.42,0.4,0.42,496000.0,0.0
01884.HK,2023-06-14,0.41,0.41,0.4,0.4,512000.0,0.0
01884.HK,2023-06-15,0.4,0.4,0.4,0.4,16000.0,0.0
01884.HK,2023-06-16,0.4,0.46,0.4,0.45,1152000.0,0.0
01884.HK,2023-06-19,0.45,0.45,0.45,0.45,0.0,0.0
01884.HK,2023-06-20,0.41,0.43,0.36,0.4,2756000.0,0.0
01884.HK,2023-06-21,0.39,0.43,0.38,0.41,304000.0,0.0
01884.HK,2023-06-23,0.41,0.41,0.38,0.41,80000.0,0.0
01884.HK,2023-06-26,0.39,0.39,0.39,0.39,8000.0,0.0
01884.HK,2023-06-27,0.4,0.4,0.4,0.4,4000.0,0.0
01884.HK,2023-06-28,0.38,0.4,0.38,0.4,128000.0,0.0
01884.HK,2023-06-29,0.4,0.4,0.4,0.4,0.0,0.0
01884.HK,2023-06-30,0.38,0.39,0.38,0.39,108000.0,0.0
01884.HK,2023-07-03,0.38,0.38,0.38,0.38,4000.0,0.0
01884.HK,2023-07-04,0.38,0.38,0.38,0.38,32000.0,0.0
01884.HK,2023-07-05,0.4,0.4,0.38,0.4,12000.0,0.0
01884.HK,2023-07-06,0.4,0.4,0.4,0.4,0.0,0.0
01884.HK,2023-07-07,0.39,0.4,0.39,0.4,2444000.0,0.0
01884.HK,2023-07-10,0.4,0.4,0.38,0.4,24000.0,0.0
01884.HK,2023-07-11,0.4,0.43,0.39,0.43,612000.0,0.0
01884.HK,2023-07-12,0.4,0.46,0.4,0.45,396000.0,0.0
01884.HK,2023-07-13,0.41,0.43,0.41,0.43,108000.0,0.0
01884.HK,2023-07-14,0.41,0.41,0.39,0.4,1648000.0,0.0
01884.HK,2023-07-17,0.4,0.4,0.4,0.4,0.0,0.0
01884.HK,2023-07-18,0.42,0.42,0.4,0.41,840000.0,0.0
01884.HK,2023-07-19,0.41,0.43,0.4,0.43,172000.0,0.0
01884.HK,2023-07-20,0.43,0.43,0.43,0.43,0.0,0.0
01884.HK,2023-07-21,0.44,0.49,0.42,0.43,2192000.0,0.0
01884.HK,2023-07-24,0.45,0.45,0.41,0.43,24000.0,0.0
01884.HK,2023-07-25,0.42,0.46,0.42,0.44,2860000.0,0.0
01884.HK,2023-07-26,0.44,0.44,0.44,0.44,0.0,0.0
01884.HK,2023-07-27,0.44,0.44,0.44,0.44,0.0,0.0
01884.HK,2023-07-28,0.44,0.45,0.43,0.43,132000.0,0.0
01884.HK,2023-07-31,0.46,0.46,0.44,0.44,172000.0,0.0
01884.HK,2023-08-01,0.43,0.43,0.43,0.43,28000.0,0.0
01884.HK,2023-08-02,0.42,0.43,0.42,0.43,144000.0,0.0
01884.HK,2023-08-03,0.42,0.43,0.41,0.43,80000.0,0.0
01884.HK,2023-08-04,0.43,0.43,0.43,0.43,0.0,0.0
01884.HK,2023-08-07,0.42,0.42,0.42,0.42,20000.0,0.0
01884.HK,2023-08-08,0.42,0.42,0.41,0.41,76000.0,0.0
01884.HK,2023-08-09,0.42,0.42,0.41,0.42,24000.0,0.0
01884.HK,2023-08-10,0.41,0.41,0.41,0.41,40000.0,0.0
01884.HK,2023-08-11,0.4,0.41,0.4,0.41,116000.0,0.0
01884.HK,2023-08-14,0.41,0.41,0.41,0.41,0.0,0.0
01884.HK,2023-08-15,0.41,0.41,0.41,0.41,0.0,0.0
01884.HK,2023-08-16,0.41,0.45,0.4,0.45,5484000.0,0.0
01884.HK,2023-08-17,0.45,0.5,0.43,0.48,1432000.0,0.0
01884.HK,2023-08-18,0.48,0.51,0.47,0.5,720000.0,0.0
01884.HK,2023-08-21,0.5,0.54,0.47,0.5,2940000.0,0.0
01884.HK,2023-08-22,0.5,0.54,0.5,0.54,1176000.0,0.0
01884.HK,2023-08-23,0.54,0.59,0.52,0.59,1672000.0,0.0
01884.HK,2023-08-24,0.59,0.62,0.57,0.6,1340000.0,0.0
01884.HK,2023-08-25,0.6,0.6,0.52,0.55,1176000.0,0.0
01884.HK,2023-08-28,0.55,0.55,0.55,0.55,0.0,0.0
01884.HK,2023-08-29,0.55,0.55,0.55,0.55,0.0,0.0
01884.HK,2023-08-30,0.52,0.53,0.51,0.53,856000.0,0.0
01884.HK,2023-08-31,0.55,0.55,0.54,0.54,4000.0,0.0
01884.HK,2023-09-01,0.54,0.54,0.54,0.54,0.0,0.0
01884.HK,2023-09-04,0.51,0.52,0.49,0.52,112000.0,0.0
01884.HK,2023-09-05,0.51,0.51,0.51,0.51,0.0,0.0
01884.HK,2023-09-06,0.57,0.57,0.46,0.46,128000.0,0.0
01884.HK,2023-09-07,0.46,0.47,0.45,0.46,112000.0,0.0
01884.HK,2023-09-08,0.46,0.46,0.46,0.46,0.0,0.0
01884.HK,2023-09-11,0.46,0.46,0.42,0.46,56000.0,0.0
01884.HK,2023-09-12,0.46,0.46,0.46,0.46,0.0,0.0
01884.HK,2023-09-13,0.43,0.46,0.43,0.45,204000.0,0.0
01884.HK,2023-09-14,0.45,0.45,0.45,0.45,0.0,0.0
01884.HK,2023-09-15,0.44,0.46,0.43,0.45,2652000.0,0.0
01884.HK,2023-09-18,0.43,0.44,0.42,0.43,96000.0,0.0
01884.HK,2023-09-19,0.43,0.43,0.42,0.42,132000.0,0.0
01884.HK,2023-09-20,0.42,0.42,0.42,0.42,0.0,0.0
01884.HK,2023-09-21,0.43,0.43,0.41,0.43,60000.0,0.0
01884.HK,2023-09-22,0.43,0.44,0.42,0.44,68000.0,0.0
01884.HK,2023-09-25,0.44,0.46,0.44,0.46,168000.0,0.0
01884.HK,2023-09-26,0.44,0.47,0.43,0.43,96000.0,0.0
01884.HK,2023-09-27,0.43,0.43,0.43,0.43,12000.0,0.0
01884.HK,2023-09-28,0.43,0.43,0.42,0.43,100000.0,0.0
01884.HK,2023-09-29,0.42,0.43,0.42,0.43,24000.0,0.0
01884.HK,2023-10-03,0.42,0.42,0.42,0.42,4000.0,0.0
01884.HK,2023-10-04,0.44,0.45,0.42,0.44,60000.0,0.0
01884.HK,2023-10-05,0.46,0.46,0.38,0.41,400000.0,0.0
01884.HK,2023-10-06,0.41,0.41,0.41,0.41,120000.0,0.0
01884.HK,2023-10-09,0.42,0.42,0.4,0.4,252000.0,0.0
01884.HK,2023-10-10,0.38,0.38,0.3,0.34,1348000.0,0.0
01884.HK,2023-10-11,0.34,0.37,0.32,0.34,584000.0,0.0
01884.HK,2023-10-12,0.36,0.39,0.36,0.36,748000.0,0.0
01884.HK,2023-10-13,0.38,0.38,0.37,0.37,288000.0,0.0
01884.HK,2023-10-16,0.34,0.35,0.31,0.32,904000.0,0.0
01884.HK,2023-10-17,0.32,0.33,0.32,0.33,820000.0,0.0
01884.HK,2023-10-18,0.34,0.35,0.34,0.35,24000.0,0.0
01884.HK,2023-10-19,0.35,0.35,0.35,0.35,4000.0,0.0
01884.HK,2023-10-20,0.35,0.35,0.35,0.35,0.0,0.0
01884.HK,2023-10-24,0.35,0.35,0.35,0.35,0.0,0.0
01884.HK,2023-10-25,0.35,0.35,0.35,0.35,0.0,0.0
01884.HK,2023-10-26,0.31,0.33,0.3,0.33,432000.0,0.0
01884.HK,2023-10-27,0.33,0.33,0.33,0.33,0.0,0.0
01884.HK,2023-10-30,0.31,0.31,0.31,0.31,1068000.0,0.0
01884.HK,2023-10-31,0.31,0.31,0.31,0.31,28000.0,0.0
01884.HK,2023-11-01,0.31,0.31,0.31,0.31,0.0,0.0
01884.HK,2023-11-02,0.33,0.34,0.33,0.34,2276000.0,0.0
01884.HK,2023-11-03,0.35,0.35,0.35,0.35,8000.0,0.0
01884.HK,2023-11-06,0.35,0.35,0.35,0.35,96000.0,0.0
01884.HK,2023-11-07,0.33,0.33,0.31,0.33,36000.0,0.0
01884.HK,2023-11-08,0.33,0.33,0.33,0.33,0.0,0.0
01884.HK,2023-11-09,0.3,0.32,0.28,0.32,216000.0,0.0
01884.HK,2023-11-10,0.32,0.32,0.32,0.32,0.0,0.0
01884.HK,2023-11-13,0.31,0.31,0.31,0.31,4000.0,0.0
01884.HK,2023-11-14,0.31,0.31,0.29,0.3,540000.0,0.0
01884.HK,2023-11-15,0.32,0.32,0.32,0.32,40000.0,0.0
01884.HK,2023-11-16,0.32,0.32,0.32,0.32,4000.0,0.0
01884.HK,2023-11-17,0.27,0.33,0.27,0.33,188000.0,0.0
01884.HK,2023-11-20,0.33,0.33,0.33,0.33,4000.0,0.0
01884.HK,2023-11-21,0.33,0.35,0.31,0.32,208000.0,0.0
01884.HK,2023-11-22,0.35,0.35,0.32,0.32,264000.0,0.0
01884.HK,2023-11-23,0.33,0.34,0.33,0.34,60000.0,0.0
01884.HK,2023-11-24,0.34,0.34,0.34,0.34,0.0,0.0
01884.HK,2023-11-27,0.34,0.34,0.34,0.34,0.0,0.0
01884.HK,2023-11-28,0.34,0.34,0.34,0.34,0.0,0.0
01884.HK,2023-11-29,0.34,0.34,0.34,0.34,0.0,0.0
01884.HK,2023-11-30,0.34,0.34,0.34,0.34,0.0,0.0
01884.HK,2023-12-01,0.34,0.34,0.34,0.34,0.0,0.0
01884.HK,2023-12-04,0.31,0.31,0.31,0.31,60000.0,0.0
01884.HK,2023-12-05,0.31,0.31,0.31,0.31,0.0,0.0
01884.HK,2023-12-06,0.3,0.3,0.3,0.3,476000.0,0.0
01884.HK,2023-12-07,0.32,0.32,0.29,0.32,1344000.0,0.0
01884.HK,2023-12-08,0.33,0.34,0.33,0.33,16000.0,0.0
01884.HK,2023-12-11,0.32,0.32,0.32,0.32,0.0,0.0
01884.HK,2023-12-12,0.32,0.32,0.32,0.32,372000.0,0.0
01884.HK,2023-12-13,0.32,0.32,0.32,0.32,0.0,0.0
01884.HK,2023-12-14,0.32,0.32,0.32,0.32,0.0,0.0
01884.HK,2023-12-15,0.32,0.32,0.32,0.32,0.0,0.0
01884.HK,2023-12-18,0.32,0.32,0.32,0.32,0.0,0.0
01884.HK,2023-12-19,0.3,0.32,0.3,0.32,104000.0,0.0
01884.HK,2023-12-20,0.32,0.32,0.32,0.32,0.0,0.0
01884.HK,2023-12-21,0.32,0.32,0.32,0.32,0.0,0.0
01884.HK,2023-12-22,0.3,0.32,0.3,0.32,4540000.0,0.0
01884.HK,2023-12-27,0.31,0.31,0.31,0.31,0.0,0.0
01884.HK,2023-12-28,0.31,0.31,0.31,0.31,0.0,0.0
01884.HK,2023-12-29,0.31,0.31,0.31,0.31,0.0,0.0
01884.HK,2024-01-02,0.31,0.31,0.31,0.31,0.0,0.0
01884.HK,2024-01-03,0.31,0.31,0.31,0.31,0.0,0.0
01884.HK,2024-01-04,0.3,0.31,0.3,0.31,320000.0,0.0
01884.HK,2024-01-05,0.31,0.31,0.31,0.31,12000.0,0.0
01884.HK,2024-01-08,0.31,0.31,0.31,0.31,0.0,0.0
01884.HK,2024-01-09,0.29,0.31,0.29,0.31,248000.0,0.0
01884.HK,2024-01-10,0.29,0.29,0.29,0.29,216000.0,0.0
01884.HK,2024-01-11,0.31,0.35,0.31,0.34,1576000.0,0.0
01884.HK,2024-01-12,0.36,0.37,0.35,0.35,440000.0,0.0
01884.HK,2024-01-15,0.38,0.39,0.35,0.37,1456000.0,0.0
01884.HK,2024-01-16,0.37,0.4,0.37,0.4,2004000.0,0.0
01884.HK,2024-01-17,0.4,0.46,0.4,0.42,1048000.0,0.0
01884.HK,2024-01-18,0.42,0.47,0.42,0.46,1564000.0,0.0
01884.HK,2024-01-19,0.45,0.47,0.45,0.47,260000.0,0.0
01884.HK,2024-01-22,0.47,0.47,0.47,0.47,0.0,0.0
01884.HK,2024-01-23,0.45,0.45,0.45,0.45,0.0,0.0
01884.HK,2024-01-24,0.42,0.45,0.41,0.44,108000.0,0.0
01884.HK,2024-01-25,0.44,0.44,0.44,0.44,8000.0,0.0
01884.HK,2024-01-26,0.44,0.44,0.44,0.44,16000.0,0.0
01884.HK,2024-01-29,0.43,0.43,0.43,0.43,8000.0,0.0
01884.HK,2024-01-30,0.4,0.43,0.4,0.43,24000.0,0.0
01884.HK,2024-01-31,0.43,0.43,0.43,0.43,0.0,0.0
01884.HK,2024-02-01,0.43,0.43,0.43,0.43,0.0,0.0
01884.HK,2024-02-02,0.42,0.42,0.42,0.42,0.0,0.0
01884.HK,2024-02-05,0.41,0.41,0.41,0.41,0.0,0.0
01884.HK,2024-02-06,0.4,0.44,0.36,0.44,224000.0,0.0
01884.HK,2024-02-07,0.44,0.44,0.44,0.44,0.0,0.0
01884.HK,2024-02-08,0.37,0.43,0.37,0.43,72000.0,0.0
01884.HK,2024-02-09,0.43,0.43,0.43,0.43,200000.0,0.0
01884.HK,2024-02-14,0.43,0.43,0.43,0.43,0.0,0.0
01884.HK,2024-02-15,0.43,0.43,0.43,0.43,0.0,0.0
01884.HK,2024-02-16,0.43,0.43,0.43,0.43,0.0,0.0
01884.HK,2024-02-19,0.43,0.43,0.43,0.43,0.0,0.0
01884.HK,2024-02-20,0.43,0.43,0.43,0.43,0.0,0.0
01884.HK,2024-02-21,0.38,0.43,0.38,0.42,52000.0,0.0
01884.HK,2024-02-22,0.39,0.42,0.39,0.42,60000.0,0.0
01884.HK,2024-02-23,0.38,0.41,0.38,0.41,24000.0,0.0
01884.HK,2024-02-26,0.39,0.42,0.39,0.42,8000.0,0.0
01884.HK,2024-02-27,0.4,0.4,0.39,0.4,24000.0,0.0
01884.HK,2024-02-28,0.39,0.4,0.39,0.4,8000.0,0.0
01884.HK,2024-02-29,0.41,0.55,0.41,0.55,2992000.0,0.0
01884.HK,2024-03-01,0.6,0.6,0.46,0.5,3624000.0,0.0
01884.HK,2024-03-04,0.49,0.52,0.49,0.5,12112000.0,0.0
01884.HK,2024-03-05,0.49,0.49,0.49,0.49,4000.0,0.0
01884.HK,2024-03-06,0.48,0.48,0.42,0.45,1048000.0,0.0
01884.HK,2024-03-07,0.41,0.43,0.39,0.43,548000.0,0.0
01884.HK,2024-03-08,0.39,0.43,0.39,0.42,688000.0,0.0
01884.HK,2024-03-11,0.42,0.46,0.41,0.42,100000.0,0.0
01884.HK,2024-03-12,0.43,0.43,0.39,0.4,932000.0,0.0
01884.HK,2024-03-13,0.38,0.4,0.37,0.38,256000.0,0.0
01884.HK,2024-03-14,0.38,0.39,0.38,0.39,200000.0,0.0
01884.HK,2024-03-15,0.39,0.39,0.39,0.39,80000.0,0.0
01884.HK,2024-03-18,0.38,0.38,0.38,0.38,8000.0,0.0
01884.HK,2024-03-19,0.38,0.53,0.38,0.47,1472000.0,0.0
01884.HK,2024-03-20,0.46,0.49,0.42,0.47,276000.0,0.0
01884.HK,2024-03-21,0.41,0.44,0.39,0.41,232000.0,0.0
01884.HK,2024-03-22,0.44,0.45,0.4,0.43,504000.0,0.0
01884.HK,2024-03-25,0.41,0.42,0.4,0.42,264000.0,0.0
01884.HK,2024-03-26,0.44,0.44,0.42,0.42,56000.0,0.0
01884.HK,2024-03-27,0.43,0.43,0.39,0.41,420000.0,0.0
01884.HK,2024-03-28,0.39,0.5,0.39,0.46,1512000.0,0.0
01884.HK,2024-04-02,0.44,0.44,0.39,0.42,692000.0,0.0
01884.HK,2024-04-03,0.4,0.4,0.4,0.4,120000.0,0.0
01884.HK,2024-04-05,0.42,0.42,0.39,0.4,336000.0,0.0
01884.HK,2024-04-08,0.4,0.41,0.4,0.41,143000.0,0.0
01884.HK,2024-04-09,0.4,0.4,0.39,0.39,220000.0,0.0
01884.HK,2024-04-10,0.41,0.41,0.41,0.41,372000.0,0.0
01884.HK,2024-04-11,0.39,0.4,0.39,0.4,16000.0,0.0
01884.HK,2024-04-12,0.41,0.41,0.4,0.4,24000.0,0.0
01884.HK,2024-04-15,0.4,0.41,0.38,0.41,248000.0,0.0
01884.HK,2024-04-16,0.4,0.4,0.4,0.4,60000.0,0.0
01884.HK,2024-04-17,0.4,0.4,0.4,0.4,0.0,0.0
01884.HK,2024-04-18,0.4,0.47,0.4,0.43,1904000.0,0.0
01884.HK,2024-04-19,0.41,0.41,0.4,0.4,332000.0,0.0
01884.HK,2024-04-22,0.4,0.4,0.4,0.4,0.0,0.0
01884.HK,2024-04-23,0.4,0.4,0.4,0.4,0.0,0.0
01884.HK,2024-04-24,0.41,0.42,0.41,0.42,200000.0,0.0
01884.HK,2024-04-25,0.43,0.55,0.42,0.47,3568000.0,0.0
01884.HK,2024-04-26,0.48,0.48,0.44,0.47,608000.0,0.0
01884.HK,2024-04-29,0.46,0.51,0.46,0.51,864000.0,0.0
01884.HK,2024-04-30,0.5,0.5,0.46,0.46,648000.0,0.0
01884.HK,2024-05-02,0.48,0.56,0.48,0.53,7968000.0,0.0
01884.HK,2024-05-03,0.54,0.54,0.5,0.5,2048000.0,0.0
01884.HK,2024-05-06,0.5,0.51,0.47,0.5,1532000.0,0.0
01884.HK,2024-05-07,0.49,0.49,0.47,0.48,132000.0,0.0
01884.HK,2024-05-08,0.46,0.46,0.44,0.45,676000.0,0.0
01884.HK,2024-05-09,0.44,0.44,0.44,0.44,44000.0,0.0
01884.HK,2024-05-10,0.43,0.46,0.42,0.46,4596000.0,0.0
01884.HK,2024-05-13,0.46,0.48,0.46,0.47,6712000.0,0.0
01884.HK,2024-05-14,0.44,0.49,0.44,0.47,1060000.0,0.0
01884.HK,2024-05-16,0.48,0.49,0.46,0.47,276000.0,0.0
01884.HK,2024-05-17,0.46,0.47,0.45,0.46,800000.0,0.0
01884.HK,2024-05-20,0.46,0.47,0.43,0.45,444000.0,0.0
01884.HK,2024-05-21,0.45,0.45,0.43,0.45,180000.0,0.0
01884.HK,2024-05-22,0.45,0.62,0.45,0.58,8140000.0,0.0
01884.HK,2024-05-23,0.58,0.64,0.55,0.6,2876000.0,0.0
01884.HK,2024-05-24,0.58,0.59,0.54,0.58,880000.0,0.0
01884.HK,2024-05-27,0.56,0.59,0.56,0.58,692000.0,0.0
01884.HK,2024-05-28,0.59,0.59,0.55,0.58,264000.0,0.0
01884.HK,2024-05-29,0.57,0.58,0.56,0.57,224000.0,0.0
01884.HK,2024-05-30,0.56,0.57,0.54,0.57,144000.0,0.0
01884.HK,2024-05-31,0.58,0.58,0.58,0.58,52000.0,0.0
01884.HK,2024-06-03,0.56,0.56,0.56,0.56,20000.0,0.0
01884.HK,2024-06-04,0.56,0.57,0.56,0.57,128000.0,0.0
01884.HK,2024-06-05,0.57,0.58,0.51,0.58,9176000.0,0.0
01884.HK,2024-06-06,0.58,0.75,0.58,0.75,13228000.0,0.0
01884.HK,2024-06-07,0.7,0.82,0.7,0.78,32728000.0,0.0
01884.HK,2024-06-11,0.79,0.8,0.77,0.8,11772000.0,0.0
01884.HK,2024-06-12,0.8,0.8,0.7,0.79,16304000.0,0.0
01884.HK,2024-06-13,0.77,0.79,0.73,0.76,4760000.0,0.0
01884.HK,2024-06-14,0.76,0.78,0.23,0.24,123654000.0,0.0
01884.HK,2024-06-17,0.2,0.27,0.18,0.2,90476000.0,0.0
01884.HK,2024-06-18,0.2,0.2,0.18,0.19,29848000.0,0.0
01884.HK,2024-06-19,0.19,0.2,0.18,0.18,15284000.0,0.0
01884.HK,2024-06-20,0.18,0.19,0.18,0.18,8744000.0,0.0
01884.HK,2024-06-21,0.18,0.19,0.16,0.16,12992000.0,0.0
01884.HK,2024-06-24,0.16,0.17,0.16,0.16,3848000.0,0.0
01884.HK,2024-06-25,0.16,0.16,0.15,0.15,4528000.0,0.0
01884.HK,2024-06-26,0.15,0.19,0.15,0.16,8460000.0,0.0
01884.HK,2024-06-27,0.16,0.16,0.16,0.16,804000.0,0.0
01884.HK,2024-06-28,0.16,0.16,0.15,0.15,5268000.0,0.0
01884.HK,2024-07-02,0.16,0.16,0.15,0.15,1332000.0,0.0
01884.HK,2024-07-03,0.15,0.15,0.15,0.15,1700000.0,0.0
01884.HK,2024-07-04,0.15,0.15,0.14,0.14,2052000.0,0.0
01884.HK,2024-07-05,0.14,0.14,0.11,0.13,10928000.0,0.0
01884.HK,2024-07-08,0.12,0.14,0.12,0.12,3848000.0,0.0
01884.HK,2024-07-09,0.12,0.14,0.12,0.14,1912000.0,0.0
01884.HK,2024-07-10,0.14,0.16,0.13,0.15,6768000.0,0.0
01884.HK,2024-07-11,0.15,0.17,0.11,0.13,13604000.0,0.0
01884.HK,2024-07-12,0.13,0.14,0.13,0.13,3184000.0,0.0
01884.HK,2024-07-15,0.13,0.13,0.13,0.13,724000.0,0.0
01884.HK,2024-07-16,0.13,0.13,0.13,0.13,940000.0,0.0
01884.HK,2024-07-17,0.13,0.13,0.13,0.13,284000.0,0.0
01884.HK,2024-07-18,0.13,0.13,0.12,0.13,780000.0,0.0
01884.HK,2024-07-19,0.13,0.13,0.13,0.13,364000.0,0.0
01884.HK,2024-07-22,0.13,0.13,0.13,0.13,176000.0,0.0
01884.HK,2024-07-23,0.13,0.13,0.12,0.12,828000.0,0.0
01884.HK,2024-07-24,0.12,0.13,0.11,0.12,3004000.0,0.0
01884.HK,2024-07-25,0.12,0.12,0.12,0.12,20000.0,0.0
01884.HK,2024-07-26,0.13,0.13,0.12,0.12,224000.0,0.0
01884.HK,2024-07-29,0.12,0.12,0.12,0.12,136000.0,0.0
01884.HK,2024-07-30,0.12,0.12,0.12,0.12,440000.0,0.0
01884.HK,2024-07-31,0.12,0.12,0.12,0.12,480000.0,0.0
01884.HK,2024-08-01,0.12,0.12,0.12,0.12,464000.0,0.0
01884.HK,2024-08-02,0.12,0.12,0.12,0.12,16000.0,0.0
01884.HK,2024-08-05,0.12,0.12,0.12,0.12,688000.0,0.0
01884.HK,2024-08-06,0.12,0.12,0.11,0.12,1288000.0,0.0
01884.HK,2024-08-07,0.11,0.12,0.11,0.12,1968000.0,0.0
01884.HK,2024-08-08,0.11,0.11,0.11,0.11,3428000.0,0.0
01884.HK,2024-08-09,0.11,0.11,0.1,0.11,1464000.0,0.0
01884.HK,2024-08-12,0.1,0.11,0.1,0.11,950000.0,0.0
01884.HK,2024-08-13,0.11,0.11,0.11,0.11,100000.0,0.0
01884.HK,2024-08-14,0.11,0.11,0.11,0.11,0.0,0.0
01884.HK,2024-08-15,0.1,0.1,0.1,0.1,176000.0,0.0
01884.HK,2024-08-16,0.11,0.11,0.1,0.1,960000.0,0.0
01884.HK,2024-08-19,0.1,0.1,0.1,0.1,0.0,0.0
01884.HK,2024-08-20,0.1,0.1,0.1,0.1,168000.0,0.0
01884.HK,2024-08-21,0.1,0.11,0.1,0.11,460000.0,0.0
01884.HK,2024-08-22,0.1,0.1,0.1,0.1,168000.0,0.0
01884.HK,2024-08-23,0.1,0.1,0.1,0.1,0.0,0.0
01884.HK,2024-08-26,0.1,0.1,0.1,0.1,272000.0,0.0
01884.HK,2024-08-27,0.1,0.11,0.1,0.11,16000.0,0.0
01884.HK,2024-08-28,0.1,0.11,0.1,0.11,48000.0,0.0
01884.HK,2024-08-29,0.11,0.11,0.11,0.11,0.0,0.0
01884.HK,2024-08-30,0.11,0.11,0.11,0.11,364000.0,0.0
01884.HK,2024-09-02,0.11,0.11,0.11,0.11,0.0,0.0
01884.HK,2024-09-03,0.1,0.11,0.09,0.11,1572000.0,0.0
01884.HK,2024-09-04,0.1,0.11,0.1,0.1,292000.0,0.0
01884.HK,2024-09-05,0.1,0.1,0.1,0.1,460000.0,0.0
01884.HK,2024-09-09,0.1,0.1,0.1,0.1,1132000.0,0.0
01884.HK,2024-09-10,0.1,0.1,0.09,0.09,1480000.0,0.0
01884.HK,2024-09-11,0.09,0.1,0.09,0.1,1648000.0,0.0
01884.HK,2024-09-12,0.09,0.09,0.09,0.09,4000.0,0.0
01884.HK,2024-09-13,0.09,0.09,0.09,0.09,148000.0,0.0
01884.HK,2024-09-16,0.09,0.1,0.09,0.09,1552000.0,0.0
01884.HK,2024-09-17,0.09,0.09,0.09,0.09,0.0,0.0
01884.HK,2024-09-19,0.09,0.09,0.09,0.09,792000.0,0.0
01884.HK,2024-09-20,0.09,0.1,0.09,0.09,620000.0,0.0
01884.HK,2024-09-23,0.09,0.09,0.09,0.09,108000.0,0.0
01884.HK,2024-09-24,0.09,0.1,0.09,0.1,676000.0,0.0
01884.HK,2024-09-25,0.1,0.1,0.1,0.1,1484000.0,0.0
01884.HK,2024-09-26,0.1,0.1,0.1,0.1,776000.0,0.0
01884.HK,2024-09-27,0.1,0.11,0.1,0.11,988000.0,0.0
01884.HK,2024-09-30,0.1,0.1,0.1,0.1,272000.0,0.0
01884.HK,2024-10-02,0.1,0.11,0.1,0.1,3168000.0,0.0
01884.HK,2024-10-03,0.1,0.1,0.1,0.1,804000.0,0.0
01884.HK,2024-10-04,0.1,0.12,0.1,0.11,1436000.0,0.0
01884.HK,2024-10-07,0.12,0.12,0.12,0.12,1076000.0,0.0
01884.HK,2024-10-08,0.11,0.11,0.1,0.1,1024000.0,0.0
01884.HK,2024-10-09,0.11,0.11,0.1,0.1,1508000.0,0.0
01884.HK,2024-10-10,0.1,0.1,0.1,0.1,328000.0,0.0
01884.HK,2024-10-14,0.1,0.1,0.1,0.1,8000.0,0.0
01884.HK,2024-10-15,0.1,0.1,0.09,0.09,2528000.0,0.0
01884.HK,2024-10-16,0.09,0.09,0.09,0.09,3196000.0,0.0
01884.HK,2024-10-17,0.09,0.09,0.09,0.09,920000.0,0.0
01884.HK,2024-10-18,0.09,0.09,0.09,0.09,372000.0,0.0
01884.HK,2024-10-21,0.1,0.1,0.09,0.1,1216000.0,0.0
01884.HK,2024-10-22,0.09,0.1,0.09,0.1,84000.0,0.0
01884.HK,2024-10-23,0.1,0.1,0.1,0.1,624000.0,0.0
01884.HK,2024-10-24,0.1,0.1,0.1,0.1,0.0,0.0
01884.HK,2024-10-25,0.11,0.11,0.1,0.1,792000.0,0.0
01884.HK,2024-10-28,0.1,0.1,0.1,0.1,408000.0,0.0
01884.HK,2024-10-29,0.1,0.1,0.1,0.1,120000.0,0.0
01884.HK,2024-10-30,0.1,0.1,0.1,0.1,128000.0,0.0
01884.HK,2024-10-31,0.1,0.1,0.1,0.1,128000.0,0.0
01884.HK,2024-11-01,0.11,0.11,0.1,0.1,760000.0,0.0
01884.HK,2024-11-04,0.1,0.12,0.1,0.12,1712000.0,0.0
01884.HK,2024-11-05,0.13,0.16,0.12,0.15,24536000.0,0.0
01884.HK,2024-11-06,0.15,0.15,0.13,0.14,2576000.0,0.0
01884.HK,2024-11-07,0.13,0.13,0.12,0.13,1932000.0,0.0
01884.HK,2024-11-08,0.13,0.13,0.12,0.13,528000.0,0.0
01884.HK,2024-11-11,0.13,0.13,0.12,0.13,568000.0,0.0
01884.HK,2024-11-12,0.13,0.14,0.12,0.14,736000.0,0.0
01884.HK,2024-11-13,0.14,0.14,0.14,0.14,0.0,0.0
01884.HK,2024-11-14,0.12,0.13,0.12,0.12,240000.0,0.0
01884.HK,2024-11-15,0.12,0.12,0.11,0.12,556000.0,0.0
01884.HK,2024-11-18,0.12,0.12,0.12,0.12,196000.0,0.0
01884.HK,2024-11-19,0.12,0.12,0.12,0.12,32000.0,0.0
01884.HK,2024-11-20,0.14,0.14,0.13,0.13,4000.0,0.0
01884.HK,2024-11-21,0.12,0.13,0.12,0.12,120000.0,0.0
01884.HK,2024-11-22,0.11,0.12,0.11,0.12,264000.0,0.0
01884.HK,2024-11-25,0.13,0.13,0.12,0.12,56000.0,0.0
01884.HK,2024-11-26,0.12,0.12,0.11,0.12,244000.0,0.0
01884.HK,2024-11-27,0.12,0.12,0.12,0.12,188000.0,0.0
01884.HK,2024-11-28,0.14,0.14,0.12,0.12,40000.0,0.0
01884.HK,2024-11-29,0.12,0.12,0.12,0.12,48000.0,0.0
01884.HK,2024-12-02,0.14,0.14,0.12,0.13,536000.0,0.0
01884.HK,2024-12-03,0.13,0.13,0.13,0.13,300000.0,0.0
01884.HK,2024-12-04,0.12,0.14,0.12,0.13,312000.0,0.0
01884.HK,2024-12-05,0.12,0.14,0.12,0.13,104000.0,0.0
01884.HK,2024-12-06,0.13,0.14,0.12,0.12,564000.0,0.0
01884.HK,2024-12-09,0.13,0.13,0.12,0.12,60000.0,0.0
01884.HK,2024-12-10,0.12,0.12,0.12,0.12,356000.0,0.0
01884.HK,2024-12-11,0.12,0.13,0.12,0.13,12000.0,0.0
01884.HK,2024-12-12,0.13,0.13,0.13,0.13,0.0,0.0
01884.HK,2024-12-13,0.13,0.13,0.13,0.13,0.0,0.0
01884.HK,2024-12-16,0.13,0.13,0.12,0.12,224000.0,0.0
01884.HK,2024-12-17,0.12,0.13,0.12,0.12,80000.0,0.0
01884.HK,2024-12-18,0.12,0.12,0.12,0.12,0.0,0.0
01884.HK,2024-12-19,0.12,0.12,0.12,0.12,0.0,0.0
01884.HK,2024-12-20,0.12,0.12,0.12,0.12,20000.0,0.0
01884.HK,2024-12-23,0.14,0.14,0.13,0.13,4000.0,0.0
01884.HK,2024-12-24,0.13,0.13,0.12,0.12,212000.0,0.0
01884.HK,2024-12-27,0.12,0.12,0.11,0.12,1440000.0,0.0
01884.HK,2024-12-30,0.12,0.12,0.12,0.12,8000.0,0.0
01884.HK,2024-12-31,0.12,0.12,0.12,0.12,240000.0,0.0
01884.HK,2025-01-02,0.12,0.12,0.11,0.11,440000.0,0.0
01884.HK,2025-01-03,0.12,0.12,0.12,0.12,4000.0,0.0
01884.HK,2025-01-06,0.12,0.12,0.12,0.12,236000.0,0.0
01884.HK,2025-01-07,0.12,0.12,0.12,0.12,116000.0,0.0
01884.HK,2025-01-08,0.11,0.11,0.11,0.11,336000.0,0.0
01884.HK,2025-01-09,0.11,0.11,0.11,0.11,8000.0,0.0
01884.HK,2025-01-10,0.11,0.11,0.1,0.1,1524000.0,0.0
01884.HK,2025-01-13,0.1,0.11,0.1,0.1,872000.0,0.0
01884.HK,2025-01-14,0.1,0.1,0.1,0.1,0.0,0.0
01884.HK,2025-01-15,0.1,0.1,0.1,0.1,4000.0,0.0
01884.HK,2025-01-16,0.1,0.1,0.1,0.1,0.0,0.0
01884.HK,2025-01-17,0.11,0.11,0.1,0.1,788000.0,0.0
01884.HK,2025-01-20,0.1,0.11,0.09,0.11,1300000.0,0.0
01884.HK,2025-01-21,0.12,0.12,0.11,0.11,136000.0,0.0
01884.HK,2025-01-22,0.11,0.11,0.11,0.11,0.0,0.0
01884.HK,2025-01-23,0.11,0.11,0.11,0.11,0.0,0.0
01884.HK,2025-01-24,0.11,0.11,0.11,0.11,8000.0,0.0
01884.HK,2025-01-27,0.11,0.11,0.11,0.11,0.0,0.0
01884.HK,2025-01-28,0.11,0.11,0.11,0.11,0.0,0.0
01884.HK,2025-02-03,0.11,0.11,0.11,0.11,4000.0,0.0
01884.HK,2025-02-04,0.11,0.12,0.11,0.11,1012000.0,0.0
01884.HK,2025-02-05,0.11,0.12,0.11,0.12,168000.0,0.0
01884.HK,2025-02-06,0.12,0.12,0.11,0.11,152000.0,0.0
01884.HK,2025-02-07,0.11,0.11,0.11,0.11,1408000.0,0.0
01884.HK,2025-02-10,0.11,0.11,0.11,0.11,8000.0,0.0
01884.HK,2025-02-11,0.1,0.11,0.1,0.11,2376000.0,0.0
01884.HK,2025-02-12,0.11,0.11,0.11,0.11,4000.0,0.0
01884.HK,2025-02-13,0.11,0.11,0.1,0.11,1568000.0,0.0
01884.HK,2025-02-14,0.11,0.11,0.1,0.11,264000.0,0.0
01884.HK,2025-02-17,0.11,0.11,0.11,0.11,0.0,0.0
01884.HK,2025-02-18,0.11,0.11,0.11,0.11,492000.0,0.0
01884.HK,2025-02-19,0.11,0.12,0.11,0.12,596000.0,0.0
01884.HK,2025-02-20,0.12,0.12,0.12,0.12,200000.0,0.0
01884.HK,2025-02-21,0.12,0.12,0.12,0.12,452000.0,0.0
01884.HK,2025-02-24,0.11,0.11,0.11,0.11,388000.0,0.0
01884.HK,2025-02-25,0.11,0.11,0.1,0.11,1868000.0,0.0
01884.HK,2025-02-26,0.11,0.11,0.1,0.11,440000.0,0.0
01884.HK,2025-02-27,0.1,0.11,0.1,0.11,160000.0,0.0
01884.HK,2025-02-28,0.1,0.11,0.1,0.11,360000.0,0.0
01884.HK,2025-03-03,0.1,0.11,0.1,0.11,112000.0,0.0
01884.HK,2025-03-04,0.11,0.11,0.11,0.11,200000.0,0.0
01884.HK,2025-03-05,0.11,0.11,0.11,0.11,0.0,0.0
01884.HK,2025-03-06,0.11,0.11,0.11,0.11,0.0,0.0
01884.HK,2025-03-07,0.11,0.11,0.1,0.11,588000.0,0.0
01884.HK,2025-03-10,0.11,0.11,0.1,0.11,72000.0,0.0
01884.HK,2025-03-11,0.1,0.11,0.1,0.11,124000.0,0.0
01884.HK,2025-03-12,0.11,0.11,0.11,0.11,104000.0,0.0
01884.HK,2025-03-13,0.11,0.11,0.11,0.11,0.0,0.0
01884.HK,2025-03-14,0.11,0.11,0.11,0.11,0.0,0.0
01884.HK,2025-03-17,0.11,0.11,0.11,0.11,124000.0,0.0
01884.HK,2025-03-18,0.11,0.11,0.11,0.11,72000.0,0.0
01884.HK,2025-03-19,0.1,0.11,0.1,0.11,316000.0,0.0
01884.HK,2025-03-20,0.11,0.11,0.11,0.11,0.0,0.0
01884.HK,2025-03-21,0.1,0.11,0.1,0.11,164000.0,0.0
01884.HK,2025-03-24,0.11,0.11,0.11,0.11,0.0,0.0
01884.HK,2025-03-25,0.1,0.11,0.1,0.11,712000.0,0.0
01884.HK,2025-03-26,0.11,0.11,0.1,0.11,828000.0,0.0
01884.HK,2025-03-27,0.12,0.12,0.11,0.12,1288000.0,0.0
01884.HK,2025-03-28,0.11,0.12,0.11,0.12,332000.0,0.0
01884.HK,2025-03-31,0.12,0.12,0.12,0.12,948000.0,0.0
01884.HK,2025-04-01,0.13,0.14,0.12,0.13,1236000.0,0.0
01884.HK,2025-04-02,0.12,0.12,0.11,0.12,440000.0,0.0
01884.HK,2025-04-03,0.12,0.12,0.11,0.11,92000.0,0.0
01884.HK,2025-04-07,0.11,0.11,0.1,0.1,716000.0,0.0
01884.HK,2025-04-08,0.1,0.1,0.1,0.1,200000.0,0.0
01884.HK,2025-04-09,0.1,0.12,0.1,0.12,800000.0,0.0
01884.HK,2025-04-10,0.1,0.12,0.1,0.11,64000.0,0.0
01884.HK,2025-04-11,0.11,0.11,0.11,0.11,16000.0,0.0
01884.HK,2025-04-14,0.11,0.11,0.11,0.11,0.0,0.0
01884.HK,2025-04-15,0.11,0.11,0.11,0.11,0.0,0.0
01884.HK,2025-04-16,0.11,0.11,0.11,0.11,300000.0,0.0
01884.HK,2025-04-17,0.11,0.12,0.11,0.12,404000.0,0.0
01884.HK,2025-04-22,0.11,0.11,0.11,0.11,84000.0,0.0
01884.HK,2025-04-23,0.11,0.11,0.11,0.11,0.0,0.0
01884.HK,2025-04-24,0.1,0.12,0.1,0.12,96000.0,0.0
01884.HK,2025-04-25,0.12,0.12,0.12,0.12,0.0,0.0
01884.HK,2025-04-28,0.12,0.12,0.12,0.12,0.0,0.0
01884.HK,2025-04-29,0.12,0.12,0.12,0.12,0.0,0.0
01884.HK,2025-04-30,0.11,0.11,0.11,0.11,4000.0,0.0
01884.HK,2025-05-02,0.11,0.11,0.11,0.11,28000.0,0.0
01884.HK,2025-05-06,0.11,0.11,0.11,0.11,8000.0,0.0
01884.HK,2025-05-07,0.11,0.11,0.11,0.11,148000.0,0.0
01884.HK,2025-05-08,0.11,0.11,0.11,0.11,0.0,0.0
01884.HK,2025-05-09,0.11,0.11,0.11,0.11,0.0,0.0
01884.HK,2025-05-12,0.11,0.11,0.11,0.11,68000.0,0.0
01884.HK,2025-05-13,0.11,0.11,0.11,0.11,0.0,0.0
01884.HK,2025-05-14,0.11,0.11,0.11,0.11,20000.0,0.0
01884.HK,2025-05-15,0.11,0.11,0.11,0.11,552000.0,0.0
01884.HK,2025-05-16,0.11,0.11,0.11,0.11,0.0,0.0
01884.HK,2025-05-19,0.1,0.11,0.1,0.11,180000.0,0.0
01884.HK,2025-05-20,0.11,0.11,0.11,0.11,64000.0,0.0
01884.HK,2025-05-21,0.11,0.11,0.11,0.11,0.0,0.0
01884.HK,2025-05-22,0.11,0.12,0.11,0.11,200000.0,0.0
01884.HK,2025-05-23,0.11,0.12,0.11,0.12,328000.0,0.0
01884.HK,2025-05-26,0.11,0.12,0.11,0.12,304000.0,0.0
01884.HK,2025-05-27,0.12,0.12,0.12,0.12,0.0,0.0
01884.HK,2025-05-28,0.11,0.11,0.11,0.11,320000.0,0.0
01884.HK,2025-05-29,0.11,0.11,0.1,0.11,1908000.0,0.0
01884.HK,2025-05-30,0.11,0.12,0.11,0.12,148000.0,0.0
01884.HK,2025-06-02,0.12,0.12,0.12,0.12,0.0,0.0
01884.HK,2025-06-03,0.12,0.12,0.12,0.12,0.0,0.0
01884.HK,2025-06-04,0.12,0.12,0.12,0.12,0.0,0.0
01884.HK,2025-06-05,0.11,0.12,0.11,0.11,24000.0,0.0
01884.HK,2025-06-06,0.11,0.11,0.11,0.11,0.0,0.0
01884.HK,2025-06-09,0.11,0.11,0.11,0.11,0.0,0.0
01884.HK,2025-06-10,0.11,0.11,0.11,0.11,0.0,0.0
01884.HK,2025-06-11,0.11,0.12,0.11,0.12,588000.0,0.0
01884.HK,2025-06-12,0.11,0.12,0.11,0.12,324000.0,0.0
01884.HK,2025-06-13,0.11,0.11,0.11,0.11,0.0,0.0
01884.HK,2025-06-16,0.11,0.11,0.11,0.11,616000.0,0.0
01884.HK,2025-06-17,0.11,0.11,0.11,0.11,0.0,0.0
01884.HK,2025-06-18,0.11,0.11,0.11,0.11,0.0,0.0
01884.HK,2025-06-19,0.11,0.11,0.11,0.11,0.0,0.0
01884.HK,2025-06-20,0.11,0.11,0.11,0.11,0.0,0.0
01884.HK,2025-06-23,0.11,0.12,0.11,0.11,1180000.0,0.0
01884.HK,2025-06-24,0.11,0.11,0.11,0.11,200000.0,0.0
01884.HK,2025-06-25,0.11,0.11,0.11,0.11,0.0,0.0
01884.HK,2025-06-26,0.11,0.11,0.1,0.1,500000.0,0.0
01884.HK,2025-06-27,0.1,0.1,0.1,0.1,0.0,0.0
01884.HK,2025-06-30,0.1,0.1,0.1,0.1,0.0,0.0
01884.HK,2025-07-02,0.1,0.1,0.1,0.1,0.0,0.0
01884.HK,2025-07-03,0.1,0.1,0.1,0.1,4000.0,0.0
01884.HK,2025-07-04,0.1,0.11,0.1,0.11,72000.0,0.0
01884.HK,2025-07-07,0.11,0.11,0.11,0.11,0.0,0.0
01884.HK,2025-07-08,0.11,0.11,0.11,0.11,20000.0,0.0
01884.HK,2025-07-09,0.11,0.11,0.1,0.1,192000.0,0.0
01884.HK,2025-07-10,0.1,0.1,0.1,0.1,560000.0,0.0
01884.HK,2025-07-11,0.1,0.1,0.1,0.1,0.0,0.0
01884.HK,2025-07-14,0.1,0.1,0.1,0.1,0.0,0.0
01884.HK,2025-07-15,0.1,0.1,0.1,0.1,0.0,0.0
01884.HK,2025-07-16,0.1,0.1,0.1,0.1,0.0,0.0
01884.HK,2025-07-17,0.1,0.1,0.1,0.1,16000.0,0.0
01884.HK,2025-07-18,0.1,0.1,0.1,0.1,88000.0,0.0
01884.HK,2025-07-21,0.1,0.1,0.1,0.1,80000.0,0.0
01884.HK,2025-07-22,0.1,0.11,0.1,0.11,556000.0,0.0
01884.HK,2025-07-23,0.11,0.11,0.11,0.11,8000.0,0.0
01884.HK,2025-07-24,0.11,0.11,0.11,0.11,12000.0,0.0
01884.HK,2025-07-25,0.11,0.11,0.1,0.1,108000.0,0.0
01884.HK,2025-07-28,0.1,0.1,0.1,0.1,616000.0,0.0
01884.HK,2025-07-29,0.1,0.1,0.1,0.1,304000.0,0.0
01884.HK,2025-07-30,0.1,0.1,0.1,0.1,296000.0,0.0
01884.HK,2025-07-31,0.1,0.1,0.1,0.1,0.0,0.0
01884.HK,2025-08-01,0.1,0.11,0.09,0.11,3440000.0,0.0
01884.HK,2025-08-04,0.11,0.11,0.11,0.11,832000.0,0.0
01884.HK,2025-08-05,0.1,0.11,0.1,0.11,432000.0,0.0
01884.HK,2025-08-06,0.11,0.11,0.11,0.11,0.0,0.0
01884.HK,2025-08-07,0.11,0.11,0.11,0.11,0.0,0.0
01884.HK,2025-08-08,0.11,0.11,0.11,0.11,0.0,0.0
01884.HK,2025-08-11,0.1,0.1,0.1,0.1,0.0,0.0
01884.HK,2025-08-12,0.1,0.11,0.1,0.11,64000.0,0.0
01884.HK,2025-08-13,0.11,0.11,0.1,0.11,496000.0,0.0
01884.HK,2025-08-14,0.1,0.11,0.1,0.11,536000.0,0.0
01884.HK,2025-08-15,0.11,0.11,0.11,0.11,0.0,0.0
01884.HK,2025-08-18,0.11,0.11,0.11,0.11,0.0,0.0
01884.HK,2025-08-19,0.11,0.11,0.1,0.1,20000.0,0.0
01884.HK,2025-08-20,0.1,0.1,0.1,0.1,28000.0,0.0
01884.HK,2025-08-21,0.1,0.1,0.1,0.1,0.0,0.0
01884.HK,2025-08-22,0.1,0.1,0.1,0.1,0.0,0.0
01884.HK,2025-08-25,0.1,0.1,0.1,0.1,0.0,0.0
01884.HK,2025-08-26,0.1,0.11,0.1,0.11,332000.0,0.0
01884.HK,2025-08-27,0.11,0.11,0.11,0.11,72000.0,0.0
01884.HK,2025-08-28,0.1,0.12,0.1,0.11,964000.0,0.0
01884.HK,2025-08-29,0.12,0.14,0.12,0.13,3066000.0,0.0
01884.HK,2025-09-01,0.14,0.14,0.12,0.12,1480000.0,0.0
01884.HK,2025-09-02,0.12,0.12,0.12,0.12,0.0,0.0
01884.HK,2025-09-03,0.11,0.12,0.11,0.11,608000.0,0.0
01884.HK,2025-09-04,0.11,0.11,0.11,0.11,0.0,0.0
01884.HK,2025-09-05,0.12,0.12,0.11,0.12,312000.0,0.0
01884.HK,2025-09-08,0.12,0.12,0.12,0.12,436000.0,0.0
01884.HK,2025-09-09,0.12,0.12,0.12,0.12,0.0,0.0
01884.HK,2025-09-10,0.11,0.12,0.11,0.12,372000.0,0.0
01884.HK,2025-09-11,0.12,0.12,0.12,0.12,0.0,0.0
01884.HK,2025-09-12,0.12,0.12,0.12,0.12,204000.0,0.0
01884.HK,2025-09-15,0.11,0.11,0.11,0.11,332000.0,0.0
01884.HK,2025-09-16,0.11,0.11,0.11,0.11,256000.0,0.0
01884.HK,2025-09-17,0.11,0.11,0.11,0.11,60000.0,0.0
01884.HK,2025-09-18,0.11,0.11,0.11,0.11,880000.0,0.0
01884.HK,2025-09-19,0.11,0.11,0.11,0.11,120000.0,0.0
01884.HK,2025-09-22,0.11,0.12,0.11,0.12,500000.0,0.0
01884.HK,2025-09-23,0.12,0.13,0.12,0.12,420000.0,0.0
01884.HK,2025-09-24,0.13,0.13,0.12,0.13,764000.0,0.0
01884.HK,2025-09-25,0.13,0.13,0.13,0.13,4000.0,0.0
01884.HK,2025-09-26,0.13,0.13,0.13,0.13,100000.0,0.0
01884.HK,2025-09-29,0.13,0.13,0.13,0.13,0.0,0.0
01884.HK,2025-09-30,0.13,0.13,0.13,0.13,0.0,0.0
01884.HK,2025-10-02,0.12,0.12,0.12,0.12,88000.0,0.0
01884.HK,2025-10-03,0.13,0.13,0.13,0.13,4000.0,0.0
01884.HK,2025-10-06,0.13,0.13,0.13,0.13,0.0,0.0
01884.HK,2025-10-08,0.12,0.13,0.12,0.12,400000.0,0.0
01884.HK,2025-10-09,0.13,0.13,0.12,0.12,72000.0,0.0
01884.HK,2025-10-10,0.12,0.12,0.12,0.12,188000.0,0.0
01884.HK,2025-10-13,0.11,0.11,0.11,0.11,96000.0,0.0
01884.HK,2025-10-14,0.11,0.11,0.11,0.11,0.0,0.0
01884.HK,2025-10-15,0.12,0.13,0.12,0.13,728000.0,0.0
01884.HK,2025-10-16,0.13,0.13,0.13,0.13,0.0,0.0
01884.HK,2025-10-17,0.12,0.13,0.12,0.12,520000.0,0.0
01884.HK,2025-10-20,0.12,0.12,0.12,0.12,0.0,0.0
01884.HK,2025-10-21,0.12,0.12,0.12,0.12,104000.0,0.0
01884.HK,2025-10-22,0.12,0.13,0.11,0.13,840000.0,0.0
01884.HK,2025-10-23,0.12,0.12,0.12,0.12,0.0,0.0
01884.HK,2025-10-24,0.13,0.13,0.13,0.13,292000.0,0.0
01884.HK,2025-10-27,0.13,0.13,0.13,0.13,0.0,0.0
01884.HK,2025-10-28,0.13,0.13,0.13,0.13,0.0,0.0
01884.HK,2025-10-30,0.12,0.12,0.12,0.12,0.0,0.0
01884.HK,2025-10-31,0.12,0.12,0.11,0.11,140000.0,0.0
01884.HK,2025-11-03,0.11,0.11,0.11,0.11,100000.0,0.0
01884.HK,2025-11-04,0.11,0.11,0.11,0.11,0.0,0.0
01884.HK,2025-11-05,0.11,0.11,0.1,0.11,1236000.0,0.0
01884.HK,2025-11-06,0.1,0.11,0.1,0.11,616000.0,0.0
01884.HK,2025-11-07,0.11,0.11,0.11,0.11,0.0,0.0
01884.HK,2025-11-10,0.12,0.12,0.12,0.12,16000.0,0.0
01884.HK,2025-11-11,0.11,0.13,0.11,0.11,472000.0,0.0
01884.HK,2025-11-12,0.11,0.12,0.11,0.12,100000.0,0.0
01884.HK,2025-11-13,0.12,0.13,0.12,0.12,416000.0,0.0
01884.HK,2025-11-14,0.12,0.12,0.12,0.12,0.0,0.0
01884.HK,2025-11-17,0.12,0.12,0.11,0.11,344000.0,0.0
01884.HK,2025-11-18,0.11,0.11,0.11,0.11,0.0,0.0
01884.HK,2025-11-19,0.11,0.11,0.11,0.11,0.0,0.0
01884.HK,2025-11-20,0.11,0.11,0.11,0.11,588000.0,0.0
01884.HK,2025-11-21,0.11,0.11,0.11,0.11,220000.0,0.0
01884.HK,2025-11-24,0.11,0.11,0.11,0.11,0.0,0.0
01884.HK,2025-11-25,0.11,0.11,0.11,0.11,8000.0,0.0
01884.HK,2025-11-26,0.11,0.11,0.11,0.11,0.0,0.0
01884.HK,2025-11-27,0.11,0.11,0.11,0.11,200000.0,0.0
01884.HK,2025-11-28,0.12,0.12,0.12,0.12,12000.0,0.0
01884.HK,2025-12-01,0.12,0.12,0.12,0.12,744000.0,0.0
01884.HK,2025-12-02,0.11,0.12,0.11,0.12,48000.0,0.0
01884.HK,2025-12-03,0.12,0.12,0.12,0.12,152000.0,0.0
01884.HK,2025-12-04,0.12,0.12,0.12,0.12,60000.0,0.0
01884.HK,2025-12-05,0.12,0.12,0.12,0.12,626000.0,0.0
01884.HK,2025-12-08,0.11,0.11,0.11,0.11,484000.0,0.0
01884.HK,2025-12-09,0.11,0.11,0.11,0.11,0.0,0.0
01884.HK,2025-12-10,0.11,0.11,0.11,0.11,360000.0,0.0
01884.HK,2025-12-11,0.11,0.11,0.11,0.11,0.0,0.0
01884.HK,2025-12-12,0.11,0.11,0.11,0.11,0.0,0.0
01884.HK,2025-12-15,0.11,0.11,0.11,0.11,112000.0,0.0
01884.HK,2025-12-16,0.11,0.12,0.11,0.12,128000.0,0.0
01884.HK,2025-12-17,0.12,0.12,0.12,0.12,172000.0,0.0
01884.HK,2025-12-18,0.12,0.12,0.12,0.12,1560000.0,0.0
01884.HK,2025-12-19,0.12,0.12,0.12,0.12,0.0,0.0
01884.HK,2025-12-22,0.12,0.13,0.11,0.12,928000.0,0.0
01884.HK,2025-12-23,0.12,0.12,0.12,0.12,0.0,0.0
01884.HK,2025-12-24,0.12,0.12,0.12,0.12,0.0,0.0
01884.HK,2025-12-29,0.11,0.11,0.11,0.11,104000.0,0.0
01884.HK,2025-12-30,0.11,0.13,0.11,0.13,14669.0,0.0
01884.HK,2025-12-31,0.12,0.12,0.12,0.12,0.0,0.0
01884.HK,2026-01-02,0.12,0.12,0.12,0.12,0.0,0.0
01884.HK,2026-01-05,0.11,0.12,0.11,0.11,248000.0,0.0
01884.HK,2026-01-06,0.11,0.11,0.11,0.11,0.0,0.0
01884.HK,2026-01-07,0.11,0.11,0.11,0.11,0.0,0.0
01884.HK,2026-01-08,0.11,0.12,0.11,0.12,52000.0,0.0
01884.HK,2026-01-09,0.12,0.12,0.12,0.12,0.0,0.0
01884.HK,2026-01-12,0.11,0.12,0.11,0.12,132000.0,0.0
01884.HK,2026-01-13,0.12,0.12,0.12,0.12,944000.0,0.0
01884.HK,2026-01-14,0.12,0.12,0.12,0.12,0.0,0.0
01884.HK,2026-01-15,0.12,0.12,0.12,0.12,48000.0,0.0
01884.HK,2026-01-16,0.12,0.12,0.12,0.12,0.0,0.0
01884.HK,2026-01-19,0.12,0.12,0.12,0.12,0.0,0.0
01884.HK,2026-01-20,0.12,0.12,0.12,0.12,0.0,0.0
01884.HK,2026-01-21,0.12,0.12,0.12,0.12,0.0,0.0
01884.HK,2026-01-22,0.12,0.12,0.12,0.12,0.0,0.0
01884.HK,2026-01-23,0.11,0.11,0.11,0.11,60000.0,0.0
01884.HK,2026-01-26,0.11,0.11,0.11,0.11,4000.0,0.0
01884.HK,2026-01-27,0.11,0.11,0.11,0.11,80000.0,0.0
01884.HK,2026-01-28,0.12,0.12,0.11,0.11,136000.0,0.0
01884.HK,2026-01-29,0.11,0.11,0.11,0.11,72000.0,0.0
01884.HK,2026-01-30,0.11,0.11,0.11,0.11,32000.0,0.0
01884.HK,2026-02-02,0.11,0.11,0.11,0.11,0.0,0.0
01884.HK,2026-02-03,0.11,0.11,0.11,0.11,0.0,0.0
01884.HK,2026-02-04,0.11,0.11,0.11,0.11,192000.0,0.0
01884.HK,2026-02-05,0.11,0.11,0.11,0.11,0.0,0.0
01884.HK,2026-02-06,0.11,0.11,0.11,0.11,68000.0,0.0
01884.HK,2026-02-09,0.11,0.11,0.11,0.11,104000.0,0.0
01884.HK,2026-02-10,0.12,0.12,0.12,0.12,356000.0,0.0
01884.HK,2026-02-11,0.12,0.12,0.12,0.12,0.0,0.0
01884.HK,2026-02-12,0.12,0.12,0.12,0.12,0.0,0.0
01884.HK,2026-02-13,0.12,0.12,0.11,0.11,304000.0,0.0
01884.HK,2026-02-16,0.11,0.11,0.11,0.11,0.0,0.0
01884.HK,2026-02-20,0.11,0.12,0.11,0.12,416000.0,0.0
01884.HK,2026-02-23,0.12,0.12,0.12,0.12,348000.0,0.0
01884.HK,2026-02-24,0.12,0.12,0.12,0.12,0.0,0.0
01884.HK,2026-02-25,0.12,0.12,0.12,0.12,0.0,0.0
01884.HK,2026-02-26,0.12,0.12,0.12,0.12,1460000.0,0.0
01884.HK,2026-02-27,0.12,0.12,0.12,0.12,332000.0,0.0
01884.HK,2026-03-02,0.12,0.12,0.12,0.12,0.0,0.0
01884.HK,2026-03-03,0.12,0.12,0.12,0.12,0.0,0.0
01884.HK,2026-03-04,0.13,0.13,0.12,0.12,84000.0,0.0
01884.HK,2026-03-05,0.12,0.12,0.12,0.12,0.0,0.0
01884.HK,2026-03-06,0.13,0.13,0.13,0.13,116000.0,0.0
01884.HK,2026-03-09,0.12,0.12,0.11,0.12,112000.0,0.0
01884.HK,2026-03-10,0.12,0.12,0.12,0.12,24000.0,0.0
01884.HK,2026-03-11,0.12,0.12,0.11,0.12,12000.0,0.0
01884.HK,2026-03-12,0.12,0.12,0.12,0.12,0.0,0.0
01884.HK,2026-03-13,0.12,0.12,0.12,0.12,0.0,0.0
01884.HK,2026-03-16,0.11,0.12,0.11,0.12,40000.0,0.0
01884.HK,2026-03-17,0.11,0.11,0.11,0.11,264000.0,0.0
01884.HK,2026-03-18,0.11,0.12,0.11,0.12,612000.0,0.0
01884.HK,2026-03-19,0.11,0.11,0.11,0.11,432000.0,0.0
01884.HK,2026-03-20,0.11,0.12,0.11,0.12,512000.0,0.0
01884.HK,2026-03-23,0.11,0.12,0.11,0.11,516000.0,0.0
01884.HK,2026-03-24,0.11,0.11,0.11,0.11,344000.0,0.0
01884.HK,2026-03-25,0.11,0.11,0.11,0.11,232000.0,0.0
01884.HK,2026-03-26,0.11,0.11,0.11,0.11,108000.0,0.0
01884.HK,2026-03-27,0.11,0.11,0.11,0.11,20000.0,0.0
01884.HK,2026-03-30,0.11,0.11,0.11,0.11,0.0,0.0
01884.HK,2026-03-31,0.11,0.11,0.11,0.11,0.0,0.0
01884.HK,2026-04-01,0.11,0.11,0.11,0.11,0.0,0.0
01884.HK,2026-04-02,0.11,0.11,0.11,0.11,20000.0,0.0
01884.HK,2026-04-08,0.11,0.11,0.11,0.11,0.0,0.0
01884.HK,2026-04-09,0.11,0.11,0.11,0.11,0.0,0.0
01884.HK,2026-04-10,0.11,0.11,0.11,0.11,0.0,0.0
01884.HK,2026-04-13,0.11,0.11,0.11,0.11,0.0,0.0
01884.HK,2026-04-14,0.11,0.11,0.11,0.11,0.0,0.0
01884.HK,2026-04-15,0.11,0.11,0.11,0.11,440000.0,0.0
01884.HK,2026-04-16,0.11,0.11,0.11,0.11,0.0,0.0
01884.HK,2026-04-17,0.11,0.11,0.11,0.11,0.0,0.0
01884.HK,2026-04-20,0.11,0.11,0.11,0.11,0.0,0.0
01884.HK,2026-04-21,0.11,0.11,0.11,0.11,0.0,0.0
01884.HK,2026-04-22,0.11,0.11,0.11,0.11,0.0,0.0
01884.HK,2026-04-23,0.11,0.11,0.11,0.11,0.0,0.0
01884.HK,2026-04-24,0.11,0.11,0.11,0.11,0.0,0.0
01884.HK,2026-04-27,0.1,0.11,0.1,0.11,40000.0,0.0
01884.HK,2026-04-28,0.11,0.12,0.11,0.11,1292000.0,0.0
01884.HK,2026-04-29,0.11,0.11,0.1,0.1,288000.0,0.0
01884.HK,2026-04-30,0.1,0.11,0.1,0.11,744000.0,0.0
01884.HK,2026-05-04,0.11,0.11,0.11,0.11,0.0,0.0
01884.HK,2026-05-05,0.11,0.11,0.11,0.11,0.0,0.0
01884.HK,2026-05-06,0.11,0.11,0.11,0.11,0.0,0.0
01884.HK,2026-05-07,0.11,0.11,0.11,0.11,40000.0,0.0
01884.HK,2026-05-08,0.11,0.11,0.11,0.11,0.0,0.0
01884.HK,2026-05-11,0.11,0.11,0.11,0.11,0.0,0.0
01884.HK,2026-05-12,0.1,0.11,0.1,0.11,312000.0,0.0
01884.HK,2026-05-13,0.11,0.11,0.11,0.11,0.0,0.0
01884.HK,2026-05-14,0.1,0.11,0.1,0.11,532000.0,0.0
01884.HK,2026-05-15,0.1,0.1,0.1,0.1,80000.0,0.0
01884.HK,2026-05-18,0.1,0.1,0.1,0.1,12000.0,0.0
01884.HK,2026-05-19,0.1,0.1,0.1,0.1,0.0,0.0
01884.HK,2026-05-20,0.1,0.1,0.1,0.1,84000.0,8652.0
01884.HK,2026-05-21,0.11,0.11,0.1,0.1,1532000.0,0.0
01884.HK,2026-05-22,0.1,0.1,0.1,0.1,64000.0,0.0
01884.HK,2026-05-26,0.1,0.1,0.1,0.1,0.0,0.0
01884.HK,2026-05-27,0.11,0.11,0.1,0.1,172000.0,0.0
01884.HK,2026-05-28,0.11,0.11,0.1,0.11,32000.0,0.0
01884.HK,2026-05-29,0.1,0.11,0.1,0.11,76000.0,7816.0
01884.HK,2026-06-01,0.11,0.11,0.11,0.11,0.0,0.0
01884.HK,2026-06-02,0.11,0.11,0.1,0.11,24000.0,0.0
01884.HK,2026-06-03,0.1,0.1,0.1,0.1,8000.0,0.0
01884.HK,2026-06-05,0.1,0.11,0.1,0.11,316000.0,34492.0
01884.HK,2026-06-08,0.1,0.11,0.1,0.11,156000.0,16476.0
01884.HK,2026-06-09,0.1,0.1,0.1,0.1,252000.0,25792.0
01884.HK,2026-06-11,0.1,0.1,0.1,0.1,36000.0,3636.0
01884.HK,2026-06-12,0.1,0.1,0.1,0.1,204000.0,20604.0
01884.HK,2026-06-15,0.1,0.12,0.1,0.1,260000.0,27300.0
01884.HK,2026-06-16,0.1,0.1,0.1,0.1,84000.0,8608.0
01884.HK,2026-06-17,0.1,0.1,0.1,0.1,188000.0,19352.0
01884.HK,2026-06-22,0.1,0.11,0.1,0.11,116000.0,12072.0
01884.HK,2026-06-23,0.1,0.11,0.1,0.11,124000.0,12648.0
01884.HK,2026-06-25,0.1,0.11,0.1,0.11,80000.0,8340.0
01884.HK,2026-06-29,0.1,0.11,0.1,0.11,44000.0,4512.0
01884.HK,2026-07-06,0.1,0.11,0.1,0.11,96000.0,9920.0
01884.HK,2026-07-13,0.1,0.1,0.1,0.1,12000.0,1212.0
01884.HK,2026-07-14,0.1,0.11,0.1,0.11,376000.0,39516.0
01884.HK,2026-07-16,0.1,0.11,0.1,0.1,24000.0,2496.0
01884.HK,2026-07-17,0.1,0.1,0.1,0.1,168000.0,16800.0
01884.HK,2026-07-20,0.12,0.12,0.11,0.12,1592000.0,182308.0
01884.HK,2026-07-21,0.11,0.11,0.11,0.11,36000.0,3812.0
01884.HK,2026-07-22,0.11,0.11,0.11,0.11,180000.0,19920.0
01884.HK,2026-07-23,0.12,0.12,0.11,0.11,228000.0,26116.0
01884.HK,2026-07-29,0.12,0.14,0.12,0.13,4688000.0,603592.0
01884.HK,2026-07-30,0.13,0.17,0.13,0.14,12840000.0,1924716.0
01884.HK,2026-07-31,0.14,0.14,0.14,0.14,512000.0,69732.0
01884.HK,2026-08-03,0.14,0.14,0.13,0.13,84000.0,11256.0
01884.HK,2026-08-04,0.13,0.15,0.13,0.14,1528000.0,215716.0
01884.HK,2026-08-05,0.15,0.15,0.11,0.11,3660000.0,431048.0
01884.HK,2026-08-06,0.11,0.11,0.11,0.11,164000.0,18544.0
01884.HK,2026-08-07,0.11,0.13,0.11,0.11,1148000.0,125872.0
01884.HK,2026-08-10,0.11,0.12,0.11,0.12,840000.0,92204.0
01884.HK,2026-08-11,0.11,0.11,0.11,0.11,420000.0,45392.0
01884.HK,2026-08-13,0.12,0.12,0.11,0.11,656000.0,74432.0
01884.HK,2026-08-14,0.12,0.12,0.12,0.12,192000.0,22532.0
01884.HK,2026-08-18,0.11,0.11,0.11,0.11,676000.0,75568.0
01884.HK,2026-08-19,0.11,0.11,0.11,0.11,40000.0,4480.0
01884.HK,2026-08-20,0.11,0.12,0.11,0.12,572000.0,65744.0
01884.HK,2026-08-24,0.12,0.12,0.12,0.12,692000.0,81904.0
01884.HK,2026-08-25,0.12,0.12,0.12,0.12,160000.0,19340.0
01884.HK,2026-08-26,0.12,0.12,0.12,0.12,4000.0,488.0
01884.HK,2026-08-27,0.12,0.12,0.12,0.12,20000.0,2420.0
01884.HK,2026-08-28,0.12,0.12,0.12,0.12,88000.0,10392.0
01884.HK,2026-09-03,0.12,0.12,0.12,0.12,24000.0,2836.0
01884.HK,2026-09-04,0.12,0.12,0.11,0.12,104000.0,11900.0
01884.HK,2026-09-07,0.12,0.12,0.12,0.12,92000.0,11024.0
01884.HK,2026-09-08,0.12,0.12,0.11,0.12,60000.0,6884.0
01884.HK,2026-09-09,0.12,0.12,0.11,0.11,516000.0,58288.0
01884.HK,2026-09-10,0.11,0.11,0.11,0.11,8000.0,896.0
01884.HK,2026-09-11,0.11,0.11,0.11,0.11,40000.0,4480.0
