symbol,datetime,open,high,low,close,volume,amount
02427.HK,2022-12-29,1.2,1.92,1.17,1.75,63010000.0,0.0
02427.HK,2022-12-30,1.83,1.94,1.42,1.55,12010800.0,0.0
02427.HK,2023-01-03,1.58,1.58,1.42,1.43,23250000.0,0.0
02427.HK,2023-01-04,1.5,1.54,1.45,1.51,7500000.0,0.0
02427.HK,2023-01-05,1.53,1.6,1.5,1.6,21256200.0,0.0
02427.HK,2023-01-06,1.6,2.07,1.58,2.02,25945000.0,0.0
02427.HK,2023-01-09,2.06,2.06,1.82,1.87,15465000.0,0.0
02427.HK,2023-01-10,1.87,1.94,1.76,1.88,5350000.0,0.0
02427.HK,2023-01-11,1.88,1.92,1.81,1.84,2225000.0,0.0
02427.HK,2023-01-12,1.84,1.85,1.7,1.82,2127000.0,0.0
02427.HK,2023-01-13,1.8,1.88,1.79,1.8,5463000.0,0.0
02427.HK,2023-01-16,1.86,1.86,1.7,1.73,152500.0,0.0
02427.HK,2023-01-17,1.73,1.74,1.63,1.63,4205000.0,0.0
02427.HK,2023-01-18,1.61,1.79,1.5,1.7,5445000.0,0.0
02427.HK,2023-01-19,1.66,1.74,1.66,1.69,1675000.0,0.0
02427.HK,2023-01-20,1.65,1.67,1.64,1.65,9220000.0,0.0
02427.HK,2023-01-26,1.6,1.65,1.52,1.65,12195000.0,0.0
02427.HK,2023-01-27,1.65,1.65,1.56,1.62,1855000.0,0.0
02427.HK,2023-01-30,1.57,1.63,1.54,1.54,4950000.0,0.0
02427.HK,2023-01-31,1.51,1.6,1.5,1.56,2425000.0,0.0
02427.HK,2023-02-01,1.56,1.61,1.54,1.59,1700000.0,0.0
02427.HK,2023-02-02,1.58,1.58,1.52,1.57,1900500.0,0.0
02427.HK,2023-02-03,1.51,1.55,1.4,1.4,505000.0,0.0
02427.HK,2023-02-06,1.38,1.39,1.34,1.37,1095000.0,0.0
02427.HK,2023-02-07,1.37,1.55,1.28,1.53,615000.0,0.0
02427.HK,2023-02-08,1.5,1.53,1.5,1.5,230000.0,0.0
02427.HK,2023-02-09,1.48,1.49,1.48,1.49,435000.0,0.0
02427.HK,2023-02-10,1.54,1.6,1.48,1.57,3880000.0,0.0
02427.HK,2023-02-13,1.55,1.55,1.53,1.53,5000.0,0.0
02427.HK,2023-02-14,1.51,1.51,1.38,1.48,1810000.0,0.0
02427.HK,2023-02-15,1.47,1.47,1.47,1.47,785000.0,0.0
02427.HK,2023-02-16,1.42,1.47,1.42,1.47,3275000.0,0.0
02427.HK,2023-02-17,1.46,1.58,1.46,1.5,1115000.0,0.0
02427.HK,2023-02-20,1.5,1.5,1.45,1.5,2135000.0,0.0
02427.HK,2023-02-21,1.45,1.55,1.45,1.54,7140000.0,0.0
02427.HK,2023-02-22,1.45,1.69,1.45,1.58,3240000.0,0.0
02427.HK,2023-02-23,1.56,1.57,1.55,1.57,2235000.0,0.0
02427.HK,2023-02-24,1.5,1.64,1.5,1.6,1475000.0,0.0
02427.HK,2023-02-27,1.58,1.67,1.56,1.65,3780000.0,0.0
02427.HK,2023-02-28,1.63,1.8,1.63,1.76,1165000.0,0.0
02427.HK,2023-03-01,1.81,1.95,1.76,1.93,1625000.0,0.0
02427.HK,2023-03-02,1.93,2.35,1.9,2.26,3900000.0,0.0
02427.HK,2023-03-03,2.34,2.78,2.32,2.69,4395000.0,0.0
02427.HK,2023-03-06,2.68,2.84,2.29,2.52,13197000.0,0.0
02427.HK,2023-03-07,2.56,2.66,2.49,2.6,14365000.0,0.0
02427.HK,2023-03-08,2.62,2.75,2.48,2.68,3270000.0,0.0
02427.HK,2023-03-09,2.74,2.77,2.61,2.7,1620000.0,0.0
02427.HK,2023-03-10,2.72,2.74,2.64,2.65,2560000.0,0.0
02427.HK,2023-03-13,2.65,2.69,2.6,2.62,5348000.0,0.0
02427.HK,2023-03-14,2.66,2.82,2.57,2.8,2730000.0,0.0
02427.HK,2023-03-15,3.0,3.68,2.84,3.44,11854400.0,0.0
02427.HK,2023-03-16,3.44,3.78,2.84,3.69,13779800.0,0.0
02427.HK,2023-03-17,3.69,4.1,3.59,4.1,3820300.0,0.0
02427.HK,2023-03-20,4.08,4.08,3.56,3.64,3229000.0,0.0
02427.HK,2023-03-21,3.64,3.64,3.14,3.45,2295000.0,0.0
02427.HK,2023-03-22,3.45,3.5,3.15,3.47,2677800.0,0.0
02427.HK,2023-03-23,3.51,3.8,3.37,3.61,980000.0,0.0
02427.HK,2023-03-24,3.75,3.97,3.61,3.66,3145000.0,0.0
02427.HK,2023-03-27,3.79,3.98,3.7,3.79,6580000.0,0.0
02427.HK,2023-03-28,3.82,4.1,3.72,4.1,1870000.0,0.0
02427.HK,2023-03-29,4.18,4.33,3.97,4.14,6405000.0,0.0
02427.HK,2023-03-30,4.14,4.14,3.85,4.14,2205000.0,0.0
02427.HK,2023-03-31,4.14,4.22,4.0,4.04,4080000.0,0.0
02427.HK,2023-04-03,4.04,4.22,3.96,4.22,1660300.0,0.0
02427.HK,2023-04-04,4.1,4.25,3.95,4.0,2910000.0,0.0
02427.HK,2023-04-06,4.0,4.26,3.82,4.14,9115000.0,0.0
02427.HK,2023-04-11,4.12,4.26,4.02,4.07,3366638.0,0.0
02427.HK,2023-04-12,4.07,4.23,4.05,4.19,4402374.0,0.0
02427.HK,2023-04-13,4.19,5.4,4.11,4.98,6875500.0,0.0
02427.HK,2023-04-14,4.97,5.25,4.61,5.01,16230000.0,0.0
02427.HK,2023-04-17,5.01,5.02,4.86,5.02,1755000.0,0.0
02427.HK,2023-04-18,4.99,5.0,4.75,5.0,7664400.0,0.0
02427.HK,2023-04-19,4.95,5.03,4.32,4.62,11424400.0,0.0
02427.HK,2023-04-20,4.6,4.65,4.16,4.53,4549996.0,0.0
02427.HK,2023-04-21,4.51,4.59,4.0,4.13,4855514.0,0.0
02427.HK,2023-04-24,4.15,4.39,3.99,3.99,2460900.0,0.0
02427.HK,2023-04-25,4.0,4.1,1.5,1.54,80335500.0,0.0
02427.HK,2023-04-26,1.31,1.31,0.38,0.41,144846644.0,0.0
02427.HK,2023-04-27,0.41,0.48,0.34,0.39,85050642.0,0.0
02427.HK,2023-04-28,0.39,0.43,0.37,0.39,28278000.0,0.0
02427.HK,2023-05-02,0.39,0.51,0.34,0.48,65478000.0,0.0
02427.HK,2023-05-03,0.49,0.51,0.41,0.44,24276000.0,0.0
02427.HK,2023-05-04,0.44,0.48,0.42,0.43,6665000.0,0.0
02427.HK,2023-05-05,0.43,0.44,0.42,0.43,4555000.0,0.0
02427.HK,2023-05-08,0.42,0.44,0.4,0.43,4500000.0,0.0
02427.HK,2023-05-09,0.41,0.43,0.39,0.4,3819400.0,0.0
02427.HK,2023-05-10,0.39,0.42,0.38,0.4,3275000.0,0.0
02427.HK,2023-05-11,0.4,0.41,0.36,0.39,3910000.0,0.0
02427.HK,2023-05-12,0.37,0.39,0.37,0.38,2170000.0,0.0
02427.HK,2023-05-15,0.38,0.4,0.37,0.38,3040000.0,0.0
02427.HK,2023-05-16,0.38,0.44,0.38,0.41,5991870.0,0.0
02427.HK,2023-05-17,0.41,0.47,0.4,0.46,9507890.0,0.0
02427.HK,2023-05-18,0.44,0.5,0.44,0.49,15030000.0,0.0
02427.HK,2023-05-19,0.5,0.5,0.45,0.46,4910000.0,0.0
02427.HK,2023-05-22,0.45,0.45,0.41,0.41,3215000.0,0.0
02427.HK,2023-05-23,0.41,0.41,0.39,0.39,1600000.0,0.0
02427.HK,2023-05-24,0.39,0.43,0.39,0.4,2470000.0,0.0
02427.HK,2023-05-25,0.4,0.4,0.39,0.39,1115000.0,0.0
02427.HK,2023-05-29,0.39,0.39,0.37,0.38,1815000.0,0.0
02427.HK,2023-05-30,0.38,0.38,0.36,0.37,1025000.0,0.0
02427.HK,2023-05-31,0.37,0.38,0.36,0.38,1745000.0,0.0
02427.HK,2023-06-01,0.37,0.39,0.37,0.38,590000.0,0.0
02427.HK,2023-06-02,0.38,0.42,0.38,0.39,2090000.0,0.0
02427.HK,2023-06-05,0.4,0.4,0.38,0.38,935000.0,0.0
02427.HK,2023-06-06,0.38,0.39,0.37,0.39,1850000.0,0.0
02427.HK,2023-06-07,0.39,0.39,0.37,0.37,1400000.0,0.0
02427.HK,2023-06-08,0.37,0.39,0.37,0.37,635000.0,0.0
02427.HK,2023-06-09,0.37,0.37,0.35,0.36,430000.0,0.0
02427.HK,2023-06-12,0.35,0.36,0.34,0.35,1650000.0,0.0
02427.HK,2023-06-13,0.35,0.36,0.34,0.35,970000.0,0.0
02427.HK,2023-06-14,0.34,0.36,0.34,0.35,365000.0,0.0
02427.HK,2023-06-15,0.34,0.35,0.34,0.34,1205000.0,0.0
02427.HK,2023-06-16,0.35,0.35,0.34,0.34,1375000.0,0.0
02427.HK,2023-06-19,0.35,0.35,0.34,0.34,290000.0,0.0
02427.HK,2023-06-20,0.34,0.34,0.33,0.33,1200000.0,0.0
02427.HK,2023-06-21,0.33,0.33,0.3,0.31,1395000.0,0.0
02427.HK,2023-06-23,0.3,0.34,0.28,0.32,2220000.0,0.0
02427.HK,2023-06-26,0.31,0.32,0.3,0.32,1240000.0,0.0
02427.HK,2023-06-27,0.32,0.33,0.31,0.32,825000.0,0.0
02427.HK,2023-06-28,0.32,0.36,0.32,0.36,2440000.0,0.0
02427.HK,2023-06-29,0.36,0.46,0.36,0.43,13142300.0,0.0
02427.HK,2023-06-30,0.43,0.5,0.42,0.44,8970000.0,0.0
02427.HK,2023-07-03,0.45,0.46,0.41,0.41,4775002.0,0.0
02427.HK,2023-07-04,0.4,0.4,0.36,0.38,3850000.0,0.0
02427.HK,2023-07-05,0.38,0.4,0.35,0.38,1965000.0,0.0
02427.HK,2023-07-06,0.37,0.39,0.37,0.38,1610000.0,0.0
02427.HK,2023-07-07,0.37,0.38,0.36,0.38,1360000.0,0.0
02427.HK,2023-07-10,0.36,0.37,0.34,0.34,2410000.0,0.0
02427.HK,2023-07-11,0.34,0.34,0.32,0.34,1770000.0,0.0
02427.HK,2023-07-12,0.33,0.38,0.33,0.37,2435000.0,0.0
02427.HK,2023-07-13,0.35,0.37,0.35,0.36,735000.0,0.0
02427.HK,2023-07-14,0.36,0.36,0.34,0.34,1145000.0,0.0
02427.HK,2023-07-17,0.34,0.34,0.34,0.34,0.0,0.0
02427.HK,2023-07-18,0.33,0.33,0.31,0.32,2350000.0,0.0
02427.HK,2023-07-19,0.32,0.34,0.32,0.32,434998.0,0.0
02427.HK,2023-07-20,0.33,0.33,0.32,0.33,485000.0,0.0
02427.HK,2023-07-21,0.33,0.33,0.32,0.32,1295000.0,0.0
02427.HK,2023-07-24,0.32,0.32,0.31,0.32,275000.0,0.0
02427.HK,2023-07-25,0.32,0.34,0.31,0.33,1245000.0,0.0
02427.HK,2023-07-26,0.33,0.34,0.33,0.34,540000.0,0.0
02427.HK,2023-07-27,0.33,0.34,0.33,0.33,630000.0,0.0
02427.HK,2023-07-28,0.33,0.36,0.32,0.35,2135000.0,0.0
02427.HK,2023-07-31,0.36,0.37,0.34,0.34,970000.0,0.0
02427.HK,2023-08-01,0.34,0.36,0.33,0.35,3260000.0,0.0
02427.HK,2023-08-02,0.35,0.35,0.34,0.34,655000.0,0.0
02427.HK,2023-08-03,0.33,0.34,0.33,0.34,660000.0,0.0
02427.HK,2023-08-04,0.33,0.34,0.33,0.34,295000.0,0.0
02427.HK,2023-08-07,0.33,0.35,0.33,0.33,615000.0,0.0
02427.HK,2023-08-08,0.33,0.33,0.33,0.33,85000.0,0.0
02427.HK,2023-08-09,0.33,0.33,0.32,0.32,515000.0,0.0
02427.HK,2023-08-10,0.32,0.33,0.32,0.32,85000.0,0.0
02427.HK,2023-08-11,0.35,0.52,0.34,0.37,40236094.0,0.0
02427.HK,2023-08-14,0.37,0.43,0.35,0.39,11130000.0,0.0
02427.HK,2023-08-15,0.38,0.41,0.37,0.37,4460000.0,0.0
02427.HK,2023-08-16,0.37,0.41,0.37,0.41,3095000.0,0.0
02427.HK,2023-08-17,0.41,0.46,0.39,0.46,10810000.0,0.0
02427.HK,2023-08-18,0.48,0.48,0.42,0.42,7305000.0,0.0
02427.HK,2023-08-21,0.42,0.43,0.39,0.4,1140000.0,0.0
02427.HK,2023-08-22,0.39,0.4,0.37,0.38,2205000.0,0.0
02427.HK,2023-08-23,0.38,0.38,0.37,0.37,1595000.0,0.0
02427.HK,2023-08-24,0.37,0.4,0.37,0.4,2175000.0,0.0
02427.HK,2023-08-25,0.4,0.4,0.38,0.38,1120000.0,0.0
02427.HK,2023-08-28,0.38,0.38,0.36,0.37,1360000.0,0.0
02427.HK,2023-08-29,0.36,0.37,0.36,0.37,740000.0,0.0
02427.HK,2023-08-30,0.37,0.39,0.37,0.38,1040000.0,0.0
02427.HK,2023-08-31,0.38,0.39,0.36,0.37,910000.0,0.0
02427.HK,2023-09-01,0.37,0.37,0.37,0.37,0.0,0.0
02427.HK,2023-09-04,0.36,0.37,0.33,0.36,2180000.0,0.0
02427.HK,2023-09-05,0.37,0.38,0.36,0.37,595000.0,0.0
02427.HK,2023-09-06,0.37,0.37,0.36,0.36,1020000.0,0.0
02427.HK,2023-09-07,0.35,0.36,0.35,0.35,645000.0,0.0
02427.HK,2023-09-08,0.35,0.35,0.35,0.35,0.0,0.0
02427.HK,2023-09-11,0.35,0.37,0.35,0.35,280000.0,0.0
02427.HK,2023-09-12,0.35,0.36,0.35,0.35,355000.0,0.0
02427.HK,2023-09-13,0.35,0.36,0.35,0.35,550000.0,0.0
02427.HK,2023-09-14,0.35,0.35,0.34,0.35,285000.0,0.0
02427.HK,2023-09-15,0.35,0.36,0.35,0.36,670000.0,0.0
02427.HK,2023-09-18,0.35,0.36,0.34,0.35,365000.0,0.0
02427.HK,2023-09-19,0.34,0.35,0.33,0.34,705000.0,0.0
02427.HK,2023-09-20,0.34,0.35,0.34,0.35,180000.0,0.0
02427.HK,2023-09-21,0.35,0.38,0.34,0.37,1755000.0,0.0
02427.HK,2023-09-22,0.36,0.38,0.36,0.38,2165000.0,0.0
02427.HK,2023-09-25,0.37,0.37,0.36,0.37,255000.0,0.0
02427.HK,2023-09-26,0.35,0.35,0.35,0.35,220000.0,0.0
02427.HK,2023-09-27,0.35,0.35,0.34,0.34,240000.0,0.0
02427.HK,2023-09-28,0.34,0.35,0.34,0.34,235000.0,0.0
02427.HK,2023-09-29,0.34,0.34,0.34,0.34,160000.0,0.0
02427.HK,2023-10-03,0.34,0.34,0.33,0.33,435000.0,0.0
02427.HK,2023-10-04,0.33,0.34,0.33,0.34,130000.0,0.0
02427.HK,2023-10-05,0.33,0.34,0.33,0.33,125000.0,0.0
02427.HK,2023-10-06,0.34,0.34,0.34,0.34,40000.0,0.0
02427.HK,2023-10-09,0.34,0.35,0.33,0.35,230000.0,0.0
02427.HK,2023-10-10,0.34,0.35,0.34,0.34,310000.0,0.0
02427.HK,2023-10-11,0.35,0.36,0.32,0.34,720000.0,0.0
02427.HK,2023-10-12,0.33,0.34,0.33,0.34,170000.0,0.0
02427.HK,2023-10-13,0.34,0.35,0.33,0.33,310000.0,0.0
02427.HK,2023-10-16,0.34,0.34,0.33,0.33,120000.0,0.0
02427.HK,2023-10-17,0.33,0.35,0.33,0.34,455000.0,0.0
02427.HK,2023-10-18,0.34,0.34,0.33,0.33,305000.0,0.0
02427.HK,2023-10-19,0.33,0.33,0.31,0.33,320000.0,0.0
02427.HK,2023-10-20,0.32,0.32,0.31,0.32,525000.0,0.0
02427.HK,2023-10-24,0.31,0.31,0.28,0.31,1290000.0,0.0
02427.HK,2023-10-25,0.3,0.31,0.29,0.31,490000.0,0.0
02427.HK,2023-10-26,0.31,0.31,0.31,0.31,0.0,0.0
02427.HK,2023-10-27,0.31,0.31,0.3,0.31,85000.0,0.0
02427.HK,2023-10-30,0.29,0.3,0.29,0.3,75000.0,0.0
02427.HK,2023-10-31,0.31,0.31,0.3,0.31,70000.0,0.0
02427.HK,2023-11-01,0.31,0.31,0.31,0.31,0.0,0.0
02427.HK,2023-11-02,0.3,0.31,0.3,0.3,45000.0,0.0
02427.HK,2023-11-03,0.3,0.3,0.3,0.3,15000.0,0.0
02427.HK,2023-11-06,0.3,0.31,0.3,0.31,140000.0,0.0
02427.HK,2023-11-07,0.3,0.3,0.3,0.3,30000.0,0.0
02427.HK,2023-11-08,0.3,0.3,0.3,0.3,70000.0,0.0
02427.HK,2023-11-09,0.3,0.3,0.29,0.3,280000.0,0.0
02427.HK,2023-11-10,0.3,0.3,0.29,0.29,35000.0,0.0
02427.HK,2023-11-13,0.28,0.29,0.28,0.28,475000.0,0.0
02427.HK,2023-11-14,0.28,0.3,0.26,0.3,1875000.0,0.0
02427.HK,2023-11-15,0.3,0.3,0.29,0.3,650000.0,0.0
02427.HK,2023-11-16,0.29,0.32,0.28,0.3,690000.0,0.0
02427.HK,2023-11-17,0.32,0.32,0.3,0.3,195000.0,0.0
02427.HK,2023-11-20,0.31,0.32,0.31,0.32,1255000.0,0.0
02427.HK,2023-11-21,0.32,0.44,0.32,0.41,10120000.0,0.0
02427.HK,2023-11-22,0.41,0.49,0.39,0.45,7180000.0,0.0
02427.HK,2023-11-23,0.45,0.47,0.41,0.41,5425000.0,0.0
02427.HK,2023-11-24,0.42,0.43,0.41,0.43,1330000.0,0.0
02427.HK,2023-11-27,0.43,0.52,0.43,0.51,9240000.0,0.0
02427.HK,2023-11-28,0.51,0.58,0.49,0.53,6611990.0,0.0
02427.HK,2023-11-29,0.52,0.54,0.5,0.52,1465000.0,0.0
02427.HK,2023-11-30,0.5,0.56,0.5,0.55,3050000.0,0.0
02427.HK,2023-12-01,0.54,0.6,0.53,0.57,6535000.0,0.0
02427.HK,2023-12-04,0.59,0.6,0.54,0.59,2310000.0,0.0
02427.HK,2023-12-05,0.57,0.59,0.54,0.54,2360000.0,0.0
02427.HK,2023-12-06,0.58,0.58,0.53,0.55,1325000.0,0.0
02427.HK,2023-12-07,0.53,0.55,0.47,0.55,3375000.0,0.0
02427.HK,2023-12-08,0.52,0.54,0.51,0.53,1085000.0,0.0
02427.HK,2023-12-11,0.5,0.53,0.49,0.53,2785000.0,0.0
02427.HK,2023-12-12,0.51,0.53,0.51,0.53,855000.0,0.0
02427.HK,2023-12-13,0.52,0.54,0.52,0.54,460000.0,0.0
02427.HK,2023-12-14,0.55,0.55,0.54,0.54,270000.0,0.0
02427.HK,2023-12-15,0.54,0.58,0.54,0.57,1805000.0,0.0
02427.HK,2023-12-18,0.57,0.62,0.57,0.59,2612399.0,0.0
02427.HK,2023-12-19,0.62,0.72,0.6,0.71,8110000.0,0.0
02427.HK,2023-12-20,0.72,0.81,0.72,0.74,5800000.0,0.0
02427.HK,2023-12-21,0.74,0.75,0.66,0.74,950000.0,0.0
02427.HK,2023-12-22,0.74,0.85,0.73,0.81,2495000.0,0.0
02427.HK,2023-12-27,0.81,0.84,0.76,0.8,2430000.0,0.0
02427.HK,2023-12-28,0.8,0.8,0.64,0.66,5610000.0,0.0
02427.HK,2023-12-29,0.68,0.71,0.67,0.71,1710000.0,0.0
02427.HK,2024-01-02,0.71,0.71,0.68,0.7,120000.0,0.0
02427.HK,2024-01-03,0.68,0.7,0.65,0.69,640000.0,0.0
02427.HK,2024-01-04,0.7,0.7,0.69,0.69,90000.0,0.0
02427.HK,2024-01-05,0.69,0.71,0.67,0.67,1005000.0,0.0
02427.HK,2024-01-08,0.67,0.75,0.62,0.73,1165000.0,0.0
02427.HK,2024-01-09,0.73,0.73,0.65,0.7,120000.0,0.0
02427.HK,2024-01-10,0.67,0.73,0.67,0.69,320000.0,0.0
02427.HK,2024-01-11,0.69,0.69,0.65,0.68,190000.0,0.0
02427.HK,2024-01-12,0.68,0.7,0.66,0.7,475000.0,0.0
02427.HK,2024-01-15,0.7,0.7,0.69,0.69,150000.0,0.0
02427.HK,2024-01-16,0.7,0.74,0.66,0.74,1930000.0,0.0
02427.HK,2024-01-17,0.74,0.8,0.71,0.8,2805000.0,0.0
02427.HK,2024-01-18,0.8,0.83,0.77,0.79,2025000.0,0.0
02427.HK,2024-01-19,0.79,0.83,0.76,0.83,1775000.0,0.0
02427.HK,2024-01-22,0.8,0.84,0.79,0.84,867000.0,0.0
02427.HK,2024-01-23,0.8,0.83,0.79,0.82,1045000.0,0.0
02427.HK,2024-01-24,0.8,0.8,0.76,0.79,470000.0,0.0
02427.HK,2024-01-25,0.73,0.79,0.73,0.79,380000.0,0.0
02427.HK,2024-01-26,0.77,0.8,0.75,0.78,1135000.0,0.0
02427.HK,2024-01-29,0.73,0.79,0.73,0.78,295000.0,0.0
02427.HK,2024-01-30,0.71,0.78,0.69,0.72,630000.0,0.0
02427.HK,2024-01-31,0.72,0.76,0.64,0.72,1030000.0,0.0
02427.HK,2024-02-01,0.72,0.79,0.72,0.78,330000.0,0.0
02427.HK,2024-02-02,0.78,0.79,0.72,0.77,215000.0,0.0
02427.HK,2024-02-05,0.71,0.74,0.69,0.71,565000.0,0.0
02427.HK,2024-02-06,0.75,0.76,0.72,0.74,150000.0,0.0
02427.HK,2024-02-07,0.67,0.73,0.67,0.73,280000.0,0.0
02427.HK,2024-02-08,0.69,0.72,0.66,0.72,415000.0,0.0
02427.HK,2024-02-09,0.71,0.73,0.71,0.73,150000.0,0.0
02427.HK,2024-02-14,0.69,0.72,0.69,0.72,100000.0,0.0
02427.HK,2024-02-15,0.69,0.72,0.68,0.71,355000.0,0.0
02427.HK,2024-02-16,0.69,0.72,0.68,0.71,450000.0,0.0
02427.HK,2024-02-19,0.71,0.72,0.69,0.72,275000.0,0.0
02427.HK,2024-02-20,0.7,0.75,0.7,0.75,175000.0,0.0
02427.HK,2024-02-21,0.74,0.75,0.71,0.75,225000.0,0.0
02427.HK,2024-02-22,0.73,0.73,0.71,0.73,200000.0,0.0
02427.HK,2024-02-23,0.71,0.73,0.71,0.73,55000.0,0.0
02427.HK,2024-02-26,0.7,0.73,0.7,0.73,45000.0,0.0
02427.HK,2024-02-27,0.71,0.72,0.7,0.72,145000.0,0.0
02427.HK,2024-02-28,0.7,0.7,0.7,0.7,390000.0,0.0
02427.HK,2024-02-29,0.68,0.71,0.68,0.71,250000.0,0.0
02427.HK,2024-03-01,0.69,0.72,0.69,0.72,330000.0,0.0
02427.HK,2024-03-04,0.69,0.72,0.69,0.72,425000.0,0.0
02427.HK,2024-03-05,0.69,0.71,0.69,0.71,45000.0,0.0
02427.HK,2024-03-06,0.7,0.72,0.7,0.72,25000.0,0.0
02427.HK,2024-03-07,0.72,0.72,0.69,0.72,340000.0,0.0
02427.HK,2024-03-08,0.74,0.74,0.71,0.71,185000.0,0.0
02427.HK,2024-03-11,0.7,0.72,0.7,0.72,435000.0,0.0
02427.HK,2024-03-12,0.7,0.72,0.69,0.72,35000.0,0.0
02427.HK,2024-03-13,0.72,0.72,0.69,0.71,185000.0,0.0
02427.HK,2024-03-14,0.71,0.71,0.71,0.71,15000.0,0.0
02427.HK,2024-03-15,0.71,0.71,0.68,0.71,60000.0,0.0
02427.HK,2024-03-18,0.7,0.71,0.68,0.71,120000.0,0.0
02427.HK,2024-03-19,0.68,0.7,0.68,0.7,180000.0,0.0
02427.HK,2024-03-20,0.69,0.7,0.64,0.7,340000.0,0.0
02427.HK,2024-03-21,0.66,0.7,0.66,0.7,70000.0,0.0
02427.HK,2024-03-22,0.69,0.7,0.69,0.7,180000.0,0.0
02427.HK,2024-03-25,0.69,0.69,0.68,0.69,80000.0,0.0
02427.HK,2024-03-26,0.67,0.69,0.66,0.69,110000.0,0.0
02427.HK,2024-03-27,0.69,0.7,0.68,0.7,90000.0,0.0
02427.HK,2024-03-28,0.7,0.7,0.7,0.7,0.0,0.0
02427.HK,2024-04-02,0.7,0.73,0.69,0.73,481000.0,0.0
02427.HK,2024-04-03,0.71,0.75,0.71,0.73,150000.0,0.0
02427.HK,2024-04-05,0.74,0.75,0.7,0.75,200000.0,0.0
02427.HK,2024-04-08,0.75,0.8,0.75,0.77,440000.0,0.0
02427.HK,2024-04-09,0.77,0.77,0.76,0.77,85000.0,0.0
02427.HK,2024-04-10,0.75,0.8,0.75,0.8,425000.0,0.0
02427.HK,2024-04-11,0.8,0.85,0.8,0.82,830000.0,0.0
02427.HK,2024-04-12,0.8,0.8,0.78,0.8,265000.0,0.0
02427.HK,2024-04-15,0.79,0.83,0.79,0.83,180000.0,0.0
02427.HK,2024-04-16,0.84,0.88,0.82,0.82,510000.0,0.0
02427.HK,2024-04-17,0.82,0.84,0.82,0.84,155000.0,0.0
02427.HK,2024-04-18,0.84,0.86,0.84,0.86,185000.0,0.0
02427.HK,2024-04-19,0.86,0.87,0.85,0.87,280000.0,0.0
02427.HK,2024-04-22,0.87,0.88,0.83,0.88,280000.0,0.0
02427.HK,2024-04-23,0.88,0.9,0.86,0.9,320000.0,0.0
02427.HK,2024-04-24,0.89,0.9,0.87,0.88,390000.0,0.0
02427.HK,2024-04-25,0.88,0.9,0.85,0.88,280000.0,0.0
02427.HK,2024-04-26,0.83,0.88,0.83,0.88,190000.0,0.0
02427.HK,2024-04-29,0.87,0.88,0.84,0.88,205000.0,0.0
02427.HK,2024-04-30,0.82,0.9,0.8,0.9,285000.0,0.0
02427.HK,2024-05-02,0.93,0.93,0.91,0.91,100000.0,0.0
02427.HK,2024-05-03,0.9,0.92,0.9,0.92,205000.0,0.0
02427.HK,2024-05-06,0.92,0.93,0.92,0.93,180000.0,0.0
02427.HK,2024-05-07,0.93,0.94,0.93,0.94,220000.0,0.0
02427.HK,2024-05-08,0.94,0.94,0.93,0.93,225000.0,0.0
02427.HK,2024-05-09,0.93,0.94,0.92,0.92,185000.0,0.0
02427.HK,2024-05-10,0.9,0.93,0.87,0.93,185000.0,0.0
02427.HK,2024-05-13,0.92,0.94,0.92,0.94,195000.0,0.0
02427.HK,2024-05-14,0.94,0.95,0.94,0.95,215000.0,0.0
02427.HK,2024-05-16,0.95,0.96,0.93,0.96,215000.0,0.0
02427.HK,2024-05-17,0.97,1.05,0.97,1.0,640000.0,0.0
02427.HK,2024-05-20,0.99,1.0,0.97,0.98,290000.0,0.0
02427.HK,2024-05-21,0.98,0.99,0.98,0.99,60000.0,0.0
02427.HK,2024-05-22,0.99,1.0,0.99,1.0,155000.0,0.0
02427.HK,2024-05-23,0.98,1.0,0.98,0.99,305000.0,0.0
02427.HK,2024-05-24,0.98,1.0,0.9,1.0,310000.0,0.0
02427.HK,2024-05-27,1.0,1.01,1.0,1.01,220000.0,0.0
02427.HK,2024-05-28,1.01,1.01,1.0,1.01,285000.0,0.0
02427.HK,2024-05-29,1.01,1.01,0.99,1.01,305000.0,0.0
02427.HK,2024-05-30,1.01,1.01,0.98,1.0,115000.0,0.0
02427.HK,2024-05-31,0.99,1.0,0.98,1.0,185000.0,0.0
02427.HK,2024-06-03,1.0,1.0,1.0,1.0,75000.0,0.0
02427.HK,2024-06-04,0.97,0.97,0.95,0.97,180000.0,0.0
02427.HK,2024-06-05,0.93,0.99,0.93,0.97,265000.0,0.0
02427.HK,2024-06-06,0.95,0.98,0.93,0.98,210000.0,0.0
02427.HK,2024-06-07,0.96,0.99,0.96,0.99,215000.0,0.0
02427.HK,2024-06-11,0.93,0.93,0.91,0.91,190000.0,0.0
02427.HK,2024-06-12,0.88,0.9,0.77,0.9,790000.0,0.0
02427.HK,2024-06-13,0.84,0.84,0.73,0.77,330000.0,0.0
02427.HK,2024-06-14,0.76,0.8,0.75,0.78,295000.0,0.0
02427.HK,2024-06-17,0.76,0.78,0.76,0.78,30000.0,0.0
02427.HK,2024-06-18,0.78,0.78,0.78,0.78,0.0,0.0
02427.HK,2024-06-19,0.78,0.78,0.78,0.78,0.0,0.0
02427.HK,2024-06-20,0.75,0.78,0.64,0.78,720000.0,0.0
02427.HK,2024-06-21,0.72,0.76,0.72,0.73,90000.0,0.0
02427.HK,2024-06-24,0.71,0.78,0.71,0.78,1755000.0,0.0
02427.HK,2024-06-25,0.78,0.78,0.78,0.78,10000.0,0.0
02427.HK,2024-06-26,0.78,0.78,0.78,0.78,0.0,0.0
02427.HK,2024-06-27,0.71,0.72,0.71,0.72,15000.0,0.0
02427.HK,2024-06-28,0.72,0.78,0.66,0.78,165000.0,0.0
02427.HK,2024-07-02,0.78,0.78,0.78,0.78,170000.0,0.0
02427.HK,2024-07-03,0.79,0.8,0.79,0.8,10000.0,0.0
02427.HK,2024-07-04,0.8,0.8,0.8,0.8,0.0,0.0
02427.HK,2024-07-05,0.8,0.8,0.8,0.8,0.0,0.0
02427.HK,2024-07-08,0.8,0.8,0.8,0.8,10000.0,0.0
02427.HK,2024-07-09,0.77,0.8,0.77,0.8,80000.0,0.0
02427.HK,2024-07-10,0.77,0.8,0.77,0.8,145000.0,0.0
02427.HK,2024-07-11,0.78,0.8,0.78,0.8,220000.0,0.0
02427.HK,2024-07-12,0.8,0.8,0.8,0.8,0.0,0.0
02427.HK,2024-07-15,0.78,0.79,0.78,0.78,10000.0,0.0
02427.HK,2024-07-16,0.8,0.8,0.78,0.78,10000.0,0.0
02427.HK,2024-07-17,0.77,0.77,0.77,0.77,0.0,0.0
02427.HK,2024-07-18,0.76,0.76,0.76,0.76,0.0,0.0
02427.HK,2024-07-19,0.72,0.8,0.57,0.76,305000.0,0.0
02427.HK,2024-07-22,0.71,0.81,0.71,0.79,25000.0,0.0
02427.HK,2024-07-23,0.71,0.77,0.71,0.77,315000.0,0.0
02427.HK,2024-07-24,0.75,0.75,0.75,0.75,200000.0,0.0
02427.HK,2024-07-25,0.72,0.74,0.7,0.74,450000.0,0.0
02427.HK,2024-07-26,0.79,0.8,0.79,0.8,260000.0,0.0
02427.HK,2024-07-29,0.74,0.79,0.74,0.76,285000.0,0.0
02427.HK,2024-07-30,0.74,0.74,0.74,0.74,335000.0,0.0
02427.HK,2024-07-31,0.71,0.74,0.7,0.74,200000.0,0.0
02427.HK,2024-08-01,0.75,0.75,0.73,0.75,145000.0,0.0
02427.HK,2024-08-02,0.7,0.74,0.68,0.73,205000.0,0.0
02427.HK,2024-08-05,0.73,0.75,0.68,0.75,340000.0,0.0
02427.HK,2024-08-06,0.75,0.8,0.75,0.8,455000.0,0.0
02427.HK,2024-08-07,0.8,0.8,0.77,0.8,370000.0,0.0
02427.HK,2024-08-08,0.74,0.8,0.74,0.79,260000.0,0.0
02427.HK,2024-08-09,0.79,0.8,0.79,0.8,195000.0,0.0
02427.HK,2024-08-12,0.79,0.8,0.79,0.8,175000.0,0.0
02427.HK,2024-08-13,0.79,0.79,0.79,0.79,175000.0,0.0
02427.HK,2024-08-14,0.78,0.8,0.78,0.8,305000.0,0.0
02427.HK,2024-08-15,0.79,0.79,0.78,0.79,400000.0,0.0
02427.HK,2024-08-16,0.78,0.79,0.78,0.79,340000.0,0.0
02427.HK,2024-08-19,0.75,0.75,0.75,0.75,350000.0,0.0
02427.HK,2024-08-20,0.74,0.78,0.74,0.78,440000.0,0.0
02427.HK,2024-08-21,0.78,0.78,0.78,0.78,165000.0,0.0
02427.HK,2024-08-22,0.77,0.78,0.71,0.76,355000.0,0.0
02427.HK,2024-08-23,0.76,0.76,0.76,0.76,110000.0,0.0
02427.HK,2024-08-26,0.72,0.77,0.72,0.77,270000.0,0.0
02427.HK,2024-08-27,0.73,0.77,0.73,0.77,280000.0,0.0
02427.HK,2024-08-28,0.73,0.73,0.71,0.71,280000.0,0.0
02427.HK,2024-08-29,0.7,0.7,0.68,0.7,405000.0,0.0
02427.HK,2024-08-30,0.71,0.8,0.7,0.71,390000.0,0.0
02427.HK,2024-09-02,0.71,0.77,0.71,0.76,425000.0,0.0
02427.HK,2024-09-03,0.71,0.72,0.71,0.72,245000.0,0.0
02427.HK,2024-09-04,0.71,0.71,0.7,0.7,215000.0,0.0
02427.HK,2024-09-05,0.72,0.72,0.63,0.65,190000.0,0.0
02427.HK,2024-09-09,0.61,0.63,0.6,0.6,470000.0,0.0
02427.HK,2024-09-10,0.61,0.67,0.61,0.67,230000.0,0.0
02427.HK,2024-09-11,0.61,0.62,0.57,0.58,365000.0,0.0
02427.HK,2024-09-12,0.58,0.58,0.58,0.58,0.0,0.0
02427.HK,2024-09-13,0.58,0.58,0.58,0.58,35000.0,0.0
02427.HK,2024-09-16,0.58,0.58,0.58,0.58,0.0,0.0
02427.HK,2024-09-17,0.54,0.54,0.5,0.5,125000.0,0.0
02427.HK,2024-09-19,0.49,0.49,0.48,0.48,95000.0,0.0
02427.HK,2024-09-20,0.48,0.48,0.48,0.48,0.0,0.0
02427.HK,2024-09-23,0.48,0.48,0.37,0.39,25000.0,0.0
02427.HK,2024-09-24,0.39,0.51,0.39,0.51,115000.0,0.0
02427.HK,2024-09-25,0.52,0.59,0.52,0.52,135000.0,0.0
02427.HK,2024-09-26,0.52,0.52,0.52,0.52,0.0,0.0
02427.HK,2024-09-27,0.52,0.6,0.5,0.6,65000.0,0.0
02427.HK,2024-09-30,0.6,0.6,0.5,0.52,2185000.0,0.0
02427.HK,2024-10-02,0.53,0.57,0.45,0.49,2330000.0,0.0
02427.HK,2024-10-03,0.5,0.59,0.46,0.51,1290000.0,0.0
02427.HK,2024-10-04,0.52,0.52,0.47,0.51,1695000.0,0.0
02427.HK,2024-10-07,0.6,0.6,0.49,0.54,1405000.0,0.0
02427.HK,2024-10-08,0.54,0.6,0.51,0.59,1960000.0,0.0
02427.HK,2024-10-09,0.57,0.64,0.53,0.58,1065000.0,0.0
02427.HK,2024-10-10,0.55,0.6,0.52,0.53,5235000.0,0.0
02427.HK,2024-10-14,0.57,0.58,0.52,0.54,515000.0,0.0
02427.HK,2024-10-15,0.56,0.56,0.51,0.54,50000.0,0.0
02427.HK,2024-10-16,0.56,0.56,0.55,0.55,235000.0,0.0
02427.HK,2024-10-17,0.56,0.57,0.52,0.55,1045000.0,0.0
02427.HK,2024-10-18,0.56,0.56,0.52,0.54,355000.0,0.0
02427.HK,2024-10-21,0.56,0.56,0.53,0.53,150000.0,0.0
02427.HK,2024-10-22,0.55,0.55,0.52,0.55,175000.0,0.0
02427.HK,2024-10-23,0.56,0.84,0.52,0.59,390000.0,0.0
02427.HK,2024-10-24,0.57,0.58,0.52,0.55,785000.0,0.0
02427.HK,2024-10-25,0.57,0.57,0.53,0.57,965000.0,0.0
02427.HK,2024-10-28,0.55,0.59,0.54,0.55,420000.0,0.0
02427.HK,2024-10-29,0.56,0.59,0.51,0.59,715000.0,0.0
02427.HK,2024-10-30,0.6,0.6,0.57,0.58,180000.0,0.0
02427.HK,2024-10-31,0.56,0.65,0.54,0.6,680000.0,0.0
02427.HK,2024-11-01,0.6,0.64,0.5,0.55,2250000.0,0.0
02427.HK,2024-11-04,0.53,0.58,0.45,0.48,1540000.0,0.0
02427.HK,2024-11-05,0.45,0.46,0.4,0.44,4220000.0,0.0
02427.HK,2024-11-06,0.46,0.46,0.44,0.44,270000.0,0.0
02427.HK,2024-11-07,0.43,0.44,0.37,0.42,2475000.0,0.0
02427.HK,2024-11-08,0.45,0.46,0.45,0.45,155000.0,0.0
02427.HK,2024-11-11,0.45,0.47,0.41,0.42,335000.0,0.0
02427.HK,2024-11-12,0.45,0.46,0.43,0.45,495000.0,0.0
02427.HK,2024-11-13,0.45,0.45,0.45,0.45,5000.0,0.0
02427.HK,2024-11-14,0.48,0.48,0.42,0.42,20000.0,0.0
02427.HK,2024-11-15,0.48,0.48,0.43,0.43,140000.0,0.0
02427.HK,2024-11-18,0.42,0.44,0.41,0.44,190000.0,0.0
02427.HK,2024-11-19,0.44,0.44,0.43,0.43,190000.0,0.0
02427.HK,2024-11-20,0.4,0.45,0.39,0.43,1950000.0,0.0
02427.HK,2024-11-21,0.45,0.45,0.39,0.39,770000.0,0.0
02427.HK,2024-11-22,0.39,0.4,0.38,0.39,240000.0,0.0
02427.HK,2024-11-25,0.41,0.46,0.38,0.43,2660000.0,0.0
02427.HK,2024-11-26,0.43,0.45,0.4,0.44,1085000.0,0.0
02427.HK,2024-11-27,0.45,0.45,0.4,0.45,2240000.0,0.0
02427.HK,2024-11-28,0.45,0.45,0.38,0.38,2150000.0,0.0
02427.HK,2024-11-29,0.39,0.39,0.39,0.39,75000.0,0.0
02427.HK,2024-12-02,0.39,0.39,0.39,0.39,160000.0,0.0
02427.HK,2024-12-03,0.39,0.4,0.38,0.38,480000.0,0.0
02427.HK,2024-12-04,0.38,0.4,0.35,0.4,1860000.0,0.0
02427.HK,2024-12-05,0.39,0.4,0.37,0.4,700000.0,0.0
02427.HK,2024-12-06,0.38,0.4,0.38,0.4,880000.0,0.0
02427.HK,2024-12-09,0.38,0.38,0.35,0.35,2315000.0,0.0
02427.HK,2024-12-10,0.36,0.36,0.35,0.35,935000.0,0.0
02427.HK,2024-12-11,0.35,0.35,0.34,0.35,280000.0,0.0
02427.HK,2024-12-12,0.35,0.36,0.35,0.36,660000.0,0.0
02427.HK,2024-12-13,0.37,0.37,0.36,0.36,625000.0,0.0
02427.HK,2024-12-16,0.34,0.34,0.34,0.34,375000.0,0.0
02427.HK,2024-12-17,0.34,0.35,0.34,0.35,935000.0,0.0
02427.HK,2024-12-18,0.34,0.34,0.34,0.34,690000.0,0.0
02427.HK,2024-12-19,0.34,0.34,0.34,0.34,360000.0,0.0
02427.HK,2024-12-20,0.34,0.34,0.32,0.33,565000.0,0.0
02427.HK,2024-12-23,0.33,0.34,0.33,0.34,830000.0,0.0
02427.HK,2024-12-24,0.34,0.34,0.34,0.34,0.0,0.0
02427.HK,2024-12-27,0.34,0.34,0.34,0.34,575000.0,0.0
02427.HK,2024-12-30,0.35,0.35,0.35,0.35,485000.0,0.0
02427.HK,2024-12-31,0.34,0.34,0.34,0.34,695000.0,0.0
02427.HK,2025-01-02,0.34,0.34,0.34,0.34,555000.0,0.0
02427.HK,2025-01-03,0.34,0.35,0.31,0.35,540000.0,0.0
02427.HK,2025-01-06,0.35,0.35,0.35,0.35,155000.0,0.0
02427.HK,2025-01-07,0.35,0.35,0.35,0.35,810000.0,0.0
02427.HK,2025-01-08,0.32,0.32,0.32,0.32,1110000.0,0.0
02427.HK,2025-01-09,0.32,0.32,0.32,0.32,235000.0,0.0
02427.HK,2025-01-10,0.33,0.33,0.33,0.33,860000.0,0.0
02427.HK,2025-01-13,0.33,0.33,0.33,0.33,855000.0,0.0
02427.HK,2025-01-14,0.33,0.33,0.33,0.33,515000.0,0.0
02427.HK,2025-01-15,0.33,0.33,0.33,0.33,0.0,0.0
02427.HK,2025-01-16,0.34,0.34,0.34,0.34,1015000.0,0.0
02427.HK,2025-01-17,0.34,0.35,0.34,0.35,590000.0,0.0
02427.HK,2025-01-20,0.35,0.35,0.35,0.35,380000.0,0.0
02427.HK,2025-01-21,0.36,0.36,0.35,0.36,1015000.0,0.0
02427.HK,2025-01-22,0.35,0.36,0.35,0.36,665000.0,0.0
02427.HK,2025-01-23,0.37,0.37,0.37,0.37,150000.0,0.0
02427.HK,2025-01-24,0.35,0.35,0.34,0.34,775000.0,0.0
02427.HK,2025-01-27,0.34,0.34,0.34,0.34,630000.0,0.0
02427.HK,2025-01-28,0.34,0.34,0.34,0.34,175000.0,0.0
02427.HK,2025-02-03,0.37,0.37,0.37,0.37,590000.0,0.0
02427.HK,2025-02-04,0.37,0.37,0.37,0.37,545000.0,0.0
02427.HK,2025-02-05,0.31,0.34,0.31,0.34,405000.0,0.0
02427.HK,2025-02-06,0.34,0.34,0.34,0.34,515000.0,0.0
02427.HK,2025-02-07,0.37,0.37,0.36,0.36,10425000.0,0.0
02427.HK,2025-02-10,0.36,0.36,0.36,0.36,555000.0,0.0
02427.HK,2025-02-11,0.36,0.36,0.36,0.36,660000.0,0.0
02427.HK,2025-02-12,0.36,0.36,0.36,0.36,210000.0,0.0
02427.HK,2025-02-13,0.36,0.36,0.36,0.36,580000.0,0.0
02427.HK,2025-02-14,0.36,0.36,0.36,0.36,575000.0,0.0
02427.HK,2025-02-17,0.34,0.34,0.34,0.34,255000.0,0.0
02427.HK,2025-02-18,0.34,0.34,0.34,0.34,570000.0,0.0
02427.HK,2025-02-19,0.36,0.36,0.36,0.36,735000.0,0.0
02427.HK,2025-02-20,0.36,0.36,0.36,0.36,540000.0,0.0
02427.HK,2025-02-21,0.35,0.36,0.35,0.36,350000.0,0.0
02427.HK,2025-02-24,0.35,0.37,0.35,0.35,610000.0,0.0
02427.HK,2025-02-25,0.34,0.36,0.33,0.36,225000.0,0.0
02427.HK,2025-02-26,0.33,0.35,0.33,0.35,980000.0,0.0
02427.HK,2025-02-27,0.36,0.36,0.35,0.35,615000.0,0.0
02427.HK,2025-02-28,0.36,0.36,0.34,0.34,685000.0,0.0
02427.HK,2025-03-03,0.34,0.34,0.34,0.34,170000.0,0.0
02427.HK,2025-03-04,0.34,0.34,0.34,0.34,60000.0,0.0
02427.HK,2025-03-05,0.32,0.35,0.32,0.34,235000.0,0.0
02427.HK,2025-03-06,0.31,0.34,0.31,0.34,455000.0,0.0
02427.HK,2025-03-07,0.34,0.34,0.34,0.34,0.0,0.0
02427.HK,2025-03-10,0.34,0.34,0.34,0.34,0.0,0.0
02427.HK,2025-03-11,0.33,0.34,0.32,0.34,240000.0,0.0
02427.HK,2025-03-12,0.33,0.34,0.33,0.34,65000.0,0.0
02427.HK,2025-03-13,0.34,0.34,0.34,0.34,0.0,0.0
02427.HK,2025-03-14,0.34,0.34,0.34,0.34,0.0,0.0
02427.HK,2025-03-17,0.34,0.34,0.34,0.34,0.0,0.0
02427.HK,2025-03-18,0.34,0.34,0.34,0.34,10000.0,0.0
02427.HK,2025-03-19,0.34,0.34,0.33,0.34,380000.0,0.0
02427.HK,2025-03-20,0.34,0.34,0.33,0.33,490000.0,0.0
02427.HK,2025-03-21,0.33,0.33,0.33,0.33,100000.0,0.0
02427.HK,2025-03-24,0.33,0.33,0.33,0.33,0.0,0.0
02427.HK,2025-03-25,0.32,0.32,0.32,0.32,200000.0,0.0
02427.HK,2025-03-26,0.32,0.32,0.32,0.32,0.0,0.0
02427.HK,2025-03-27,0.32,0.35,0.31,0.35,500000.0,0.0
02427.HK,2025-03-28,0.33,0.33,0.32,0.33,185000.0,0.0
02427.HK,2025-03-31,0.31,0.35,0.31,0.35,295000.0,0.0
02427.HK,2025-04-01,0.33,0.34,0.32,0.34,480000.0,0.0
02427.HK,2025-04-02,0.32,0.33,0.32,0.33,275000.0,0.0
02427.HK,2025-04-03,0.32,0.33,0.31,0.33,190000.0,0.0
02427.HK,2025-04-07,0.31,0.31,0.3,0.3,315000.0,0.0
02427.HK,2025-04-08,0.3,0.3,0.3,0.3,0.0,0.0
02427.HK,2025-04-09,0.3,0.3,0.3,0.3,280000.0,0.0
02427.HK,2025-04-10,0.31,0.31,0.31,0.31,275000.0,0.0
02427.HK,2025-04-11,0.26,0.31,0.26,0.31,130000.0,0.0
02427.HK,2025-04-14,0.32,0.32,0.32,0.32,135000.0,0.0
02427.HK,2025-04-15,0.31,0.31,0.31,0.31,105000.0,0.0
02427.HK,2025-04-16,0.31,0.31,0.31,0.31,0.0,0.0
02427.HK,2025-04-17,0.33,0.33,0.31,0.31,10000.0,0.0
02427.HK,2025-04-22,0.3,0.31,0.3,0.31,255000.0,0.0
02427.HK,2025-04-23,0.31,0.31,0.31,0.31,0.0,0.0
02427.HK,2025-04-24,0.31,0.31,0.31,0.31,150000.0,0.0
02427.HK,2025-04-25,0.31,0.31,0.3,0.31,150000.0,0.0
02427.HK,2025-04-28,0.3,0.34,0.3,0.31,705000.0,0.0
02427.HK,2025-04-29,0.31,0.32,0.31,0.32,155000.0,0.0
02427.HK,2025-04-30,0.32,0.32,0.31,0.31,205000.0,0.0
02427.HK,2025-05-02,0.32,0.37,0.31,0.34,985000.0,0.0
02427.HK,2025-05-06,0.34,0.34,0.31,0.33,3295000.0,0.0
02427.HK,2025-05-07,0.31,0.31,0.31,0.31,150000.0,0.0
02427.HK,2025-05-08,0.31,0.32,0.31,0.32,4260000.0,0.0
02427.HK,2025-05-09,0.32,0.32,0.31,0.31,15000.0,0.0
02427.HK,2025-05-12,0.31,0.31,0.31,0.31,735000.0,0.0
02427.HK,2025-05-13,0.31,0.32,0.31,0.31,670000.0,0.0
02427.HK,2025-05-14,0.31,0.32,0.31,0.31,440000.0,0.0
02427.HK,2025-05-15,0.32,0.33,0.31,0.33,465000.0,0.0
02427.HK,2025-05-16,0.32,0.32,0.31,0.32,475000.0,0.0
02427.HK,2025-05-19,0.32,0.32,0.31,0.31,545000.0,0.0
02427.HK,2025-05-20,0.32,0.32,0.31,0.31,450000.0,0.0
02427.HK,2025-05-21,0.32,0.32,0.32,0.32,230000.0,0.0
02427.HK,2025-05-22,0.32,0.32,0.31,0.31,400000.0,0.0
02427.HK,2025-05-23,0.31,0.31,0.31,0.31,85000.0,0.0
02427.HK,2025-05-26,0.31,0.31,0.31,0.31,340000.0,0.0
02427.HK,2025-05-27,0.31,0.31,0.31,0.31,405000.0,0.0
02427.HK,2025-05-28,0.31,0.31,0.31,0.31,410000.0,0.0
02427.HK,2025-05-29,0.33,0.34,0.33,0.34,155000.0,0.0
02427.HK,2025-05-30,0.34,0.34,0.34,0.34,0.0,0.0
02427.HK,2025-06-02,0.32,0.34,0.31,0.34,540000.0,0.0
02427.HK,2025-06-03,0.32,0.33,0.31,0.33,415000.0,0.0
02427.HK,2025-06-04,0.33,0.33,0.32,0.33,70000.0,0.0
02427.HK,2025-06-05,0.38,0.38,0.31,0.33,425000.0,0.0
02427.HK,2025-06-06,0.33,0.33,0.33,0.33,0.0,0.0
02427.HK,2025-06-09,0.31,0.32,0.31,0.32,520000.0,0.0
02427.HK,2025-06-10,0.32,0.33,0.32,0.33,75000.0,0.0
02427.HK,2025-06-11,0.33,0.33,0.33,0.33,150000.0,0.0
02427.HK,2025-06-12,0.33,0.34,0.33,0.33,355000.0,0.0
02427.HK,2025-06-13,0.32,0.32,0.32,0.32,0.0,0.0
02427.HK,2025-06-16,0.32,0.32,0.32,0.32,0.0,0.0
02427.HK,2025-06-17,0.34,0.34,0.32,0.34,390000.0,0.0
02427.HK,2025-06-18,0.34,0.34,0.33,0.33,265000.0,0.0
02427.HK,2025-06-19,0.33,0.33,0.33,0.33,350000.0,0.0
02427.HK,2025-06-20,0.32,0.32,0.31,0.32,40000.0,0.0
02427.HK,2025-06-23,0.32,0.32,0.31,0.32,275000.0,0.0
02427.HK,2025-06-24,0.32,0.4,0.32,0.36,3630000.0,0.0
02427.HK,2025-06-25,0.36,0.36,0.35,0.36,210000.0,0.0
02427.HK,2025-06-26,0.34,0.38,0.33,0.38,405000.0,0.0
02427.HK,2025-06-27,0.38,0.39,0.37,0.39,195000.0,0.0
02427.HK,2025-06-30,0.39,0.39,0.35,0.35,385000.0,0.0
02427.HK,2025-07-02,0.35,0.35,0.35,0.35,0.0,0.0
02427.HK,2025-07-03,0.36,0.36,0.36,0.36,10000.0,0.0
02427.HK,2025-07-04,0.35,0.35,0.34,0.34,10000.0,0.0
02427.HK,2025-07-07,0.34,0.34,0.34,0.34,0.0,0.0
02427.HK,2025-07-08,0.34,0.34,0.34,0.34,25000.0,0.0
02427.HK,2025-07-09,0.33,0.33,0.33,0.33,5000.0,0.0
02427.HK,2025-07-10,0.33,0.33,0.33,0.33,35000.0,0.0
02427.HK,2025-07-11,0.33,0.33,0.33,0.33,60000.0,0.0
02427.HK,2025-07-14,0.33,0.33,0.33,0.33,50000.0,0.0
02427.HK,2025-07-15,0.36,0.36,0.36,0.36,485000.0,0.0
02427.HK,2025-07-16,0.36,0.36,0.36,0.36,55000.0,0.0
02427.HK,2025-07-17,0.37,0.39,0.37,0.37,485000.0,0.0
02427.HK,2025-07-18,0.36,0.36,0.36,0.36,10000.0,0.0
02427.HK,2025-07-21,0.36,0.36,0.36,0.36,30000.0,0.0
02427.HK,2025-07-22,0.36,0.36,0.36,0.36,0.0,0.0
02427.HK,2025-07-23,0.38,0.4,0.38,0.39,575000.0,0.0
02427.HK,2025-07-24,0.4,0.4,0.39,0.39,55000.0,0.0
02427.HK,2025-07-25,0.38,0.39,0.38,0.39,225000.0,0.0
02427.HK,2025-07-28,0.39,0.39,0.39,0.39,0.0,0.0
02427.HK,2025-07-29,0.41,0.42,0.41,0.41,90000.0,0.0
02427.HK,2025-07-30,0.4,0.41,0.4,0.41,60000.0,0.0
02427.HK,2025-07-31,0.42,0.43,0.41,0.42,275000.0,0.0
02427.HK,2025-08-01,0.41,0.44,0.41,0.44,480000.0,0.0
02427.HK,2025-08-04,0.44,0.52,0.44,0.47,950000.0,0.0
02427.HK,2025-08-05,0.5,0.64,0.5,0.55,2550000.0,0.0
02427.HK,2025-08-06,0.55,0.55,0.5,0.51,285000.0,0.0
02427.HK,2025-08-07,0.51,0.51,0.51,0.51,15000.0,0.0
02427.HK,2025-08-08,0.51,0.51,0.51,0.51,10000.0,0.0
02427.HK,2025-08-11,0.52,0.52,0.52,0.52,5000.0,0.0
02427.HK,2025-08-12,0.52,0.52,0.48,0.48,325000.0,0.0
02427.HK,2025-08-13,0.48,0.48,0.45,0.47,510000.0,0.0
02427.HK,2025-08-14,0.48,0.5,0.47,0.5,70000.0,0.0
02427.HK,2025-08-15,0.5,0.5,0.48,0.5,150000.0,0.0
02427.HK,2025-08-18,0.48,0.48,0.47,0.48,175000.0,0.0
02427.HK,2025-08-19,0.47,0.51,0.47,0.5,1255000.0,0.0
02427.HK,2025-08-20,0.5,0.5,0.5,0.5,0.0,0.0
02427.HK,2025-08-21,0.49,0.49,0.48,0.48,450000.0,0.0
02427.HK,2025-08-22,0.48,0.48,0.48,0.48,0.0,0.0
02427.HK,2025-08-25,0.47,0.51,0.46,0.49,110000.0,0.0
02427.HK,2025-08-26,0.48,0.48,0.47,0.48,105000.0,0.0
02427.HK,2025-08-27,0.47,0.47,0.47,0.47,10000.0,0.0
02427.HK,2025-08-28,0.48,0.48,0.47,0.48,315000.0,0.0
02427.HK,2025-08-29,0.48,0.48,0.48,0.48,110000.0,0.0
02427.HK,2025-09-01,0.47,0.47,0.47,0.47,70000.0,0.0
02427.HK,2025-09-02,0.47,0.47,0.45,0.47,20000.0,0.0
02427.HK,2025-09-03,0.47,0.47,0.46,0.46,125000.0,0.0
02427.HK,2025-09-04,0.46,0.47,0.46,0.47,60000.0,0.0
02427.HK,2025-09-05,0.48,0.48,0.48,0.48,260000.0,0.0
02427.HK,2025-09-08,0.49,0.49,0.48,0.48,430000.0,0.0
02427.HK,2025-09-09,0.49,0.5,0.48,0.49,175000.0,0.0
02427.HK,2025-09-10,0.47,0.48,0.47,0.48,125000.0,0.0
02427.HK,2025-09-11,0.48,0.48,0.48,0.48,85000.0,0.0
02427.HK,2025-09-12,0.49,0.5,0.49,0.49,380000.0,0.0
02427.HK,2025-09-15,0.51,0.52,0.49,0.5,190000.0,0.0
02427.HK,2025-09-16,0.5,0.52,0.5,0.51,215000.0,0.0
02427.HK,2025-09-17,0.53,0.54,0.52,0.52,115000.0,0.0
02427.HK,2025-09-18,0.52,0.52,0.51,0.51,15000.0,0.0
02427.HK,2025-09-19,0.51,0.51,0.51,0.51,0.0,0.0
02427.HK,2025-09-22,0.51,0.51,0.51,0.51,0.0,0.0
02427.HK,2025-09-23,0.52,0.52,0.51,0.52,195000.0,0.0
02427.HK,2025-09-24,0.51,0.51,0.51,0.51,5000.0,0.0
02427.HK,2025-09-25,0.54,0.79,0.54,0.77,4540000.0,0.0
02427.HK,2025-09-26,0.72,0.75,0.63,0.65,2105000.0,0.0
02427.HK,2025-09-29,0.65,0.65,0.58,0.58,545000.0,0.0
02427.HK,2025-09-30,0.65,0.75,0.61,0.64,1845000.0,0.0
02427.HK,2025-10-02,0.62,0.65,0.58,0.61,885000.0,0.0
02427.HK,2025-10-03,0.59,0.65,0.57,0.61,175000.0,0.0
02427.HK,2025-10-06,0.59,0.63,0.58,0.61,125000.0,0.0
02427.HK,2025-10-08,0.61,0.61,0.54,0.59,815000.0,0.0
02427.HK,2025-10-09,0.59,0.64,0.57,0.59,300000.0,0.0
02427.HK,2025-10-10,0.54,0.59,0.54,0.58,120000.0,0.0
02427.HK,2025-10-13,0.55,0.66,0.55,0.62,520000.0,0.0
02427.HK,2025-10-14,0.56,0.59,0.54,0.57,275000.0,0.0
02427.HK,2025-10-15,0.62,0.73,0.57,0.67,785000.0,0.0
02427.HK,2025-10-16,0.67,0.67,0.66,0.67,30000.0,0.0
02427.HK,2025-10-17,0.66,0.66,0.66,0.66,0.0,0.0
02427.HK,2025-10-20,0.6,0.62,0.51,0.52,3180000.0,0.0
02427.HK,2025-10-21,0.52,0.54,0.5,0.52,395000.0,0.0
02427.HK,2025-10-22,0.52,0.52,0.48,0.52,480000.0,0.0
02427.HK,2025-10-23,0.51,0.55,0.49,0.55,210000.0,0.0
02427.HK,2025-10-24,0.54,0.54,0.47,0.49,900000.0,0.0
02427.HK,2025-10-27,0.49,0.49,0.43,0.47,465000.0,0.0
02427.HK,2025-10-28,0.46,0.47,0.45,0.47,115000.0,0.0
02427.HK,2025-10-30,0.44,0.48,0.44,0.47,195000.0,0.0
02427.HK,2025-10-31,0.48,0.51,0.47,0.51,85000.0,0.0
02427.HK,2025-11-03,0.51,0.51,0.49,0.5,180000.0,0.0
02427.HK,2025-11-04,0.48,0.5,0.48,0.5,100000.0,0.0
02427.HK,2025-11-05,0.5,0.5,0.5,0.5,0.0,0.0
02427.HK,2025-11-06,0.5,0.51,0.46,0.51,80000.0,0.0
02427.HK,2025-11-07,0.5,0.53,0.48,0.53,155000.0,0.0
02427.HK,2025-11-10,0.53,0.53,0.49,0.53,120000.0,0.0
02427.HK,2025-11-11,0.53,0.53,0.5,0.53,105000.0,0.0
02427.HK,2025-11-12,0.53,0.55,0.52,0.52,155000.0,0.0
02427.HK,2025-11-13,0.53,0.53,0.53,0.53,115000.0,0.0
02427.HK,2025-11-14,0.55,0.55,0.53,0.55,340000.0,0.0
02427.HK,2025-11-17,0.55,0.55,0.52,0.54,250000.0,0.0
02427.HK,2025-11-18,0.57,0.68,0.57,0.62,940000.0,0.0
02427.HK,2025-11-19,0.63,0.63,0.6,0.6,250000.0,0.0
02427.HK,2025-11-20,0.6,0.6,0.56,0.56,200000.0,0.0
02427.HK,2025-11-21,0.56,0.56,0.55,0.56,35000.0,0.0
02427.HK,2025-11-24,0.6,0.6,0.57,0.57,385000.0,0.0
02427.HK,2025-11-25,0.57,0.58,0.57,0.58,265000.0,0.0
02427.HK,2025-11-26,0.58,0.58,0.58,0.58,0.0,0.0
02427.HK,2025-11-27,0.58,0.58,0.58,0.58,0.0,0.0
02427.HK,2025-11-28,0.58,0.63,0.58,0.6,125000.0,0.0
02427.HK,2025-12-01,0.6,0.63,0.6,0.62,270000.0,0.0
02427.HK,2025-12-02,0.61,0.61,0.6,0.6,260000.0,0.0
02427.HK,2025-12-03,0.6,0.6,0.6,0.6,70000.0,0.0
02427.HK,2025-12-04,0.6,0.63,0.6,0.61,360000.0,0.0
02427.HK,2025-12-05,0.55,0.59,0.55,0.58,145000.0,0.0
02427.HK,2025-12-08,0.58,0.62,0.58,0.61,475000.0,0.0
02427.HK,2025-12-09,0.57,0.62,0.56,0.61,2950000.0,0.0
02427.HK,2025-12-10,0.6,0.6,0.56,0.58,435000.0,0.0
02427.HK,2025-12-11,0.58,0.58,0.58,0.58,75000.0,0.0
02427.HK,2025-12-12,0.55,0.55,0.55,0.55,5000.0,0.0
02427.HK,2025-12-15,0.55,0.55,0.55,0.55,10000.0,0.0
02427.HK,2025-12-16,0.51,0.55,0.51,0.55,2505000.0,0.0
02427.HK,2025-12-17,0.56,0.56,0.56,0.56,5000.0,0.0
02427.HK,2025-12-18,0.55,0.55,0.55,0.55,0.0,0.0
02427.HK,2025-12-19,0.55,0.55,0.55,0.55,0.0,0.0
02427.HK,2025-12-22,0.52,0.52,0.52,0.52,10000.0,0.0
02427.HK,2025-12-23,0.55,0.55,0.51,0.51,145000.0,0.0
02427.HK,2025-12-24,0.5,0.5,0.5,0.5,1930000.0,0.0
02427.HK,2025-12-29,0.51,0.51,0.5,0.51,70000.0,0.0
02427.HK,2025-12-30,0.51,0.51,0.51,0.51,0.0,0.0
02427.HK,2025-12-31,0.53,0.53,0.53,0.53,10000.0,0.0
02427.HK,2026-01-02,0.53,0.54,0.53,0.53,40000.0,0.0
02427.HK,2026-01-05,0.53,0.55,0.53,0.55,235000.0,0.0
02427.HK,2026-01-06,0.58,0.58,0.53,0.55,125000.0,0.0
02427.HK,2026-01-07,0.51,0.53,0.5,0.53,20000.0,0.0
02427.HK,2026-01-08,0.51,0.54,0.51,0.54,20000.0,0.0
02427.HK,2026-01-09,0.54,0.55,0.54,0.55,25000.0,0.0
02427.HK,2026-01-12,0.55,0.55,0.55,0.55,0.0,0.0
02427.HK,2026-01-13,0.55,0.57,0.55,0.57,545000.0,0.0
02427.HK,2026-01-14,0.57,0.57,0.57,0.57,0.0,0.0
02427.HK,2026-01-15,0.52,0.63,0.52,0.59,830000.0,0.0
02427.HK,2026-01-16,0.62,0.78,0.62,0.72,3060000.0,0.0
02427.HK,2026-01-19,0.65,0.71,0.65,0.68,315000.0,0.0
02427.HK,2026-01-20,0.64,0.67,0.64,0.67,85000.0,0.0
02427.HK,2026-01-21,0.68,0.85,0.68,0.75,3155000.0,0.0
02427.HK,2026-01-22,0.79,0.79,0.72,0.73,595000.0,0.0
02427.HK,2026-01-23,0.83,1.0,0.76,0.89,5925000.0,0.0
02427.HK,2026-01-26,0.91,1.67,0.91,1.56,14361200.0,0.0
02427.HK,2026-02-12,1.8,3.02,0.78,1.39,89666200.0,0.0
02427.HK,2026-02-13,1.39,2.08,1.34,1.95,19955000.0,0.0
02427.HK,2026-02-16,2.01,2.99,2.01,2.99,9465000.0,0.0
02427.HK,2026-02-20,3.1,4.72,3.1,4.45,29460061.0,0.0
02427.HK,2026-02-23,4.6,4.61,3.6,3.9,8507118.0,0.0
02427.HK,2026-02-24,3.8,4.2,3.53,4.09,4405000.0,0.0
02427.HK,2026-02-25,4.09,4.3,3.9,4.19,2355000.0,0.0
02427.HK,2026-02-26,4.19,4.2,3.8,3.89,2240000.0,0.0
02427.HK,2026-02-27,3.8,4.0,3.39,3.46,3130000.0,0.0
02427.HK,2026-03-02,3.46,3.5,3.0,3.22,1287200.0,0.0
02427.HK,2026-03-03,3.2,3.65,3.2,3.6,1452200.0,0.0
02427.HK,2026-03-04,3.49,4.34,3.49,3.79,5300000.0,0.0
02427.HK,2026-03-05,3.71,3.8,3.2,3.27,4667500.0,0.0
02427.HK,2026-03-06,3.06,3.39,2.62,3.3,18918828.0,0.0
02427.HK,2026-03-09,3.29,3.8,3.23,3.54,4638188.0,0.0
02427.HK,2026-03-10,3.46,3.68,3.36,3.5,1207306.0,0.0
02427.HK,2026-03-11,3.57,4.17,3.49,3.94,3265500.0,0.0
02427.HK,2026-03-12,3.94,4.11,3.72,3.82,1700000.0,0.0
02427.HK,2026-03-13,3.92,3.96,3.76,3.77,965000.0,0.0
02427.HK,2026-03-16,3.63,3.71,3.6,3.62,995000.0,0.0
02427.HK,2026-03-17,3.6,4.08,3.6,3.65,4565000.0,0.0
02427.HK,2026-03-18,3.65,3.96,3.6,3.62,4045000.0,0.0
02427.HK,2026-03-19,3.5,3.71,3.5,3.6,1610000.0,0.0
02427.HK,2026-03-20,3.5,3.74,3.5,3.65,700000.0,0.0
02427.HK,2026-03-23,3.65,3.7,3.39,3.64,1205000.0,0.0
02427.HK,2026-03-24,3.64,3.7,3.54,3.68,520000.0,0.0
02427.HK,2026-03-25,3.68,3.68,3.52,3.64,660000.0,0.0
02427.HK,2026-03-26,3.67,3.67,3.56,3.6,845000.0,0.0
02427.HK,2026-03-27,3.62,3.78,3.62,3.65,805000.0,0.0
02427.HK,2026-03-30,3.65,3.88,3.51,3.76,1990000.0,0.0
02427.HK,2026-03-31,3.76,3.92,3.54,3.7,2605000.0,0.0
02427.HK,2026-04-01,3.61,3.72,3.54,3.54,1320000.0,0.0
02427.HK,2026-04-02,3.55,3.58,3.37,3.47,2645000.0,0.0
02427.HK,2026-04-08,3.47,3.59,3.45,3.59,613228.0,0.0
02427.HK,2026-04-09,3.58,3.58,3.45,3.5,810000.0,0.0
02427.HK,2026-04-10,3.5,3.5,3.3,3.45,700000.0,0.0
02427.HK,2026-04-13,3.45,3.5,3.4,3.42,360000.0,0.0
02427.HK,2026-04-14,3.35,3.66,3.34,3.41,1355000.0,0.0
02427.HK,2026-04-15,3.5,3.52,3.45,3.48,275000.0,0.0
02427.HK,2026-04-16,3.47,3.47,3.41,3.46,180000.0,0.0
02427.HK,2026-04-17,3.43,3.52,3.42,3.42,585000.0,0.0
02427.HK,2026-04-20,3.4,4.31,3.37,3.96,7763870.0,0.0
02427.HK,2026-04-21,3.9,4.03,3.77,4.0,1480000.0,0.0
02427.HK,2026-04-22,4.0,4.13,3.93,4.05,615000.0,0.0
02427.HK,2026-04-23,4.0,4.96,3.97,4.96,3974260.0,0.0
02427.HK,2026-04-24,4.96,5.55,4.54,5.09,10165000.0,0.0
02427.HK,2026-04-27,4.9,7.15,4.9,6.91,10645000.0,0.0
02427.HK,2026-04-28,6.9,6.9,6.13,6.61,2645000.0,0.0
02427.HK,2026-04-29,6.65,7.17,6.2,6.77,2700000.0,0.0
02427.HK,2026-04-30,6.77,7.78,6.77,7.61,2951400.0,0.0
02427.HK,2026-05-04,7.61,7.74,6.4,6.7,7010000.0,0.0
02427.HK,2026-05-05,6.77,7.0,6.01,6.2,2750000.0,0.0
02427.HK,2026-05-06,6.2,6.4,5.55,6.0,2645000.0,0.0
02427.HK,2026-05-07,6.04,6.69,6.0,6.5,2510000.0,0.0
02427.HK,2026-05-08,6.5,7.23,6.5,7.05,2230000.0,0.0
02427.HK,2026-05-11,7.05,7.05,6.18,6.26,2040000.0,0.0
02427.HK,2026-05-12,6.26,6.26,5.66,5.85,2310000.0,0.0
02427.HK,2026-05-13,5.99,5.99,5.6,5.66,1080000.0,0.0
02427.HK,2026-05-14,5.81,6.36,5.8,5.86,2846435.0,0.0
02427.HK,2026-05-15,5.86,6.0,5.65,5.65,965000.0,0.0
02427.HK,2026-05-18,5.72,5.72,5.2,5.2,1865000.0,0.0
02427.HK,2026-05-19,5.17,5.4,5.03,5.2,1190000.0,0.0
02427.HK,2026-05-20,5.2,5.4,5.13,5.3,675000.0,3538050.0
02427.HK,2026-05-21,5.3,5.46,5.15,5.35,605000.0,0.0
02427.HK,2026-05-22,5.32,5.48,5.03,5.04,450000.0,0.0
02427.HK,2026-05-26,5.04,5.46,5.04,5.46,1210000.0,0.0
02427.HK,2026-05-27,5.56,5.64,5.37,5.5,515000.0,0.0
02427.HK,2026-05-28,5.5,5.5,3.55,4.42,4230000.0,0.0
02427.HK,2026-05-29,4.74,4.82,4.23,4.34,1590000.0,7189000.0
02427.HK,2026-06-01,4.34,4.51,4.25,4.3,560000.0,0.0
02427.HK,2026-06-02,4.3,4.3,4.0,4.1,1355000.0,0.0
02427.HK,2026-06-03,4.0,4.29,4.0,4.13,545000.0,0.0
02427.HK,2026-06-04,4.1,4.2,4.03,4.03,250000.0,1024600.0
02427.HK,2026-06-05,3.95,4.05,3.84,4.05,695000.0,2738950.0
02427.HK,2026-06-08,3.93,4.5,3.93,4.36,880000.0,3847000.0
02427.HK,2026-06-09,4.5,4.91,4.5,4.63,740000.0,3506200.0
02427.HK,2026-06-10,4.64,4.64,4.24,4.27,450000.0,1980500.0
02427.HK,2026-06-11,4.3,4.35,4.23,4.25,135000.0,581750.0
02427.HK,2026-06-12,4.25,4.25,4.05,4.11,195000.0,800300.0
02427.HK,2026-06-15,3.9,4.0,3.61,3.91,360000.0,1410500.0
02427.HK,2026-06-16,3.97,3.97,3.8,3.84,405000.0,1570150.0
02427.HK,2026-06-17,3.8,3.8,3.42,3.52,1350000.0,4849700.0
02427.HK,2026-06-18,3.56,3.71,3.44,3.46,645000.0,2257950.0
02427.HK,2026-06-22,3.48,3.6,3.38,3.44,537000.0,1877210.0
02427.HK,2026-06-23,3.34,3.34,3.06,3.24,1205000.0,3859150.0
02427.HK,2026-06-24,3.19,3.31,3.08,3.2,245000.0,773000.0
02427.HK,2026-06-25,3.3,3.55,3.13,3.39,790000.0,2591950.0
02427.HK,2026-06-26,3.44,3.44,2.99,3.13,950000.0,2983200.0
02427.HK,2026-06-29,2.94,3.1,2.94,3.01,895000.0,2698000.0
02427.HK,2026-06-30,3.01,3.17,2.94,3.09,500000.0,1523600.0
02427.HK,2026-07-02,3.1,3.29,2.88,3.28,1150000.0,3482850.0
02427.HK,2026-07-03,3.1,3.2,3.02,3.02,445000.0,1382150.0
02427.HK,2026-07-06,3.02,3.02,2.58,2.71,610000.0,1705100.0
02427.HK,2026-07-07,2.71,2.71,2.45,2.69,355000.0,915050.0
02427.HK,2026-07-08,2.74,2.74,2.7,2.7,35000.0,95700.0
02427.HK,2026-07-09,2.7,2.7,2.2,2.5,935000.0,2248650.0
02427.HK,2026-07-10,2.5,2.54,2.23,2.42,785000.0,1893500.0
02427.HK,2026-07-13,2.3,2.73,2.3,2.64,935000.0,2343050.0
02427.HK,2026-07-14,2.61,2.91,2.61,2.75,425000.0,1173250.0
02427.HK,2026-07-15,2.65,2.65,2.56,2.56,255000.0,660150.0
02427.HK,2026-07-16,2.73,2.73,2.55,2.63,100000.0,258900.0
02427.HK,2026-07-17,2.5,2.53,2.0,2.2,2005000.0,4435350.0
02427.HK,2026-07-20,2.1,2.29,2.1,2.18,220000.0,488850.0
02427.HK,2026-07-21,2.08,2.4,2.01,2.38,280000.0,633200.0
02427.HK,2026-07-22,2.2,2.93,2.2,2.66,865000.0,2323800.0
02427.HK,2026-07-23,2.59,2.65,2.5,2.5,175000.0,455350.0
02427.HK,2026-07-24,2.6,2.83,2.52,2.8,185000.0,488250.0
02427.HK,2026-07-27,2.8,3.0,2.73,2.78,115000.0,324900.0
02427.HK,2026-07-28,2.6,2.8,2.5,2.6,195000.0,505750.0
02427.HK,2026-07-29,2.3,2.56,2.3,2.56,345000.0,825550.0
02427.HK,2026-07-30,2.38,2.58,2.38,2.39,125000.0,305200.0
02427.HK,2026-07-31,2.31,2.55,2.28,2.4,865000.0,2069850.0
02427.HK,2026-08-03,2.21,2.4,2.21,2.4,50000.0,116025.0
02427.HK,2026-08-04,2.42,2.53,2.42,2.45,160000.0,392975.0
02427.HK,2026-08-05,2.4,2.4,2.32,2.37,80000.0,190600.0
02427.HK,2026-08-06,2.32,2.48,2.21,2.32,365000.0,832525.0
02427.HK,2026-08-07,2.3,2.44,2.18,2.44,155000.0,350525.0
02427.HK,2026-08-10,2.21,2.3,2.19,2.29,170000.0,381750.0
02427.HK,2026-08-11,2.28,2.3,2.28,2.29,35000.0,79900.0
02427.HK,2026-08-12,2.29,2.29,2.29,2.29,5000.0,11425.0
02427.HK,2026-08-13,2.29,2.29,2.29,2.29,5000.0,11425.0
02427.HK,2026-08-14,2.23,2.23,2.18,2.18,70000.0,155300.0
02427.HK,2026-08-17,2.15,2.19,2.11,2.11,85000.0,182950.0
02427.HK,2026-08-18,2.11,2.18,2.1,2.17,75000.0,159500.0
02427.HK,2026-08-19,2.02,2.4,2.0,2.34,575000.0,1196125.0
02427.HK,2026-08-20,2.31,2.31,2.31,2.3,10000.0,23100.0
02427.HK,2026-08-21,2.27,2.65,2.27,2.65,325000.0,799375.0
02427.HK,2026-08-24,2.65,2.65,2.5,2.48,10000.0,25725.0
02427.HK,2026-08-25,2.27,2.48,2.27,2.36,45000.0,105850.0
02427.HK,2026-08-26,2.36,2.36,2.36,2.36,35000.0,82525.0
02427.HK,2026-08-27,2.31,2.31,2.25,2.25,50000.0,113025.0
02427.HK,2026-08-28,2.21,2.38,2.16,2.35,385000.0,879075.0
02427.HK,2026-08-31,2.35,2.42,2.26,2.42,140000.0,319575.0
02427.HK,2026-09-01,2.42,2.42,2.32,2.39,35000.0,83550.0
02427.HK,2026-09-02,2.32,2.32,2.24,2.25,55000.0,125050.0
02427.HK,2026-09-03,2.25,2.45,2.25,2.25,50000.0,113250.0
02427.HK,2026-09-04,2.22,2.25,2.22,2.22,15000.0,33550.0
02427.HK,2026-09-07,2.23,2.4,2.23,2.35,90000.0,209500.0
02427.HK,2026-09-08,2.3,2.41,2.3,2.36,30000.0,71600.0
02427.HK,2026-09-09,2.36,2.42,2.36,2.39,55000.0,131625.0
02427.HK,2026-09-10,2.39,2.39,2.39,2.39,5000.0,11950.0
02427.HK,2026-09-11,2.5,2.88,2.5,2.65,500000.0,1323675.0
02427.HK,2026-09-14,2.51,2.93,2.51,2.83,240000.0,675275.0
02427.HK,2026-09-15,2.83,2.93,2.7,2.92,207000.0,580275.0
