symbol,datetime,open,high,low,close,volume,amount
600840.SH,2001-01-02,14.16,14.48,14.16,14.44,6396.75,9193.51
600840.SH,2001-01-03,14.5,14.55,14.22,14.5,7191.25,10354.18
600840.SH,2001-01-04,14.5,14.52,14.05,14.15,7480.46,10637.95
600840.SH,2001-01-05,14.15,14.25,13.86,14.24,8537.28,11920.09
600840.SH,2001-01-09,13.9,14.13,13.67,13.81,3608.42,4988.54
600840.SH,2001-01-10,13.8,14.1,13.8,13.95,3372.18,4699.14
600840.SH,2001-01-11,13.9,14.01,13.8,13.8,4104.39,5703.63
600840.SH,2001-01-12,13.8,13.9,13.7,13.86,2750.68,3797.3
600840.SH,2001-01-15,13.79,13.79,13.1,13.2,5580.5,7489.48
600840.SH,2001-01-16,13.15,13.37,13.09,13.35,3059.26,4050.45
600840.SH,2001-01-17,13.54,13.54,13.11,13.2,1836.35,2430.94
600840.SH,2001-01-18,13.2,13.38,12.8,12.99,5638.68,7366.44
600840.SH,2001-01-19,13.0,13.25,12.99,13.2,3293.12,4318.34
600840.SH,2001-02-05,13.2,13.2,12.81,12.85,2340.0,3020.53
600840.SH,2001-02-06,12.86,12.95,12.5,12.67,1995.08,2527.26
600840.SH,2001-02-07,12.7,12.9,12.5,12.6,1435.0,1810.2
600840.SH,2001-02-08,12.55,12.7,12.1,12.1,2316.0,2869.68
600840.SH,2001-02-09,12.1,12.38,12.1,12.18,2060.9,2518.62
600840.SH,2001-02-12,12.38,12.38,12.15,12.26,1958.4,2391.93
600840.SH,2001-02-13,12.27,12.38,12.24,12.33,915.35,1127.95
600840.SH,2001-02-14,12.37,12.5,12.3,12.4,953.0,1184.17
600840.SH,2001-02-15,12.4,12.65,12.25,12.3,852.0,1053.28
600840.SH,2001-02-16,12.1,12.3,11.9,12.05,1860.18,2235.38
600840.SH,2001-02-19,12.05,12.8,12.05,12.38,1274.01,1567.98
600840.SH,2001-02-20,12.38,12.48,12.1,12.19,1456.0,1791.31
600840.SH,2001-02-21,12.2,12.2,11.79,11.93,5712.54,6817.55
600840.SH,2001-02-22,11.8,12.15,11.8,11.9,1453.39,1733.07
600840.SH,2001-02-23,11.85,12.0,11.85,12.0,1107.25,1320.81
600840.SH,2001-02-26,12.1,12.15,12.0,12.15,1164.5,1407.53
600840.SH,2001-02-27,12.15,12.2,12.05,12.2,1602.45,1939.35
600840.SH,2001-02-28,12.2,12.2,12.05,12.2,855.0,1036.34
600840.SH,2001-03-01,12.34,12.34,12.15,12.27,957.5,1174.02
600840.SH,2001-03-02,12.3,12.5,12.25,12.4,1426.99,1760.65
600840.SH,2001-03-05,12.48,12.48,12.25,12.34,1451.1,1786.21
600840.SH,2001-03-06,12.3,12.35,12.2,12.22,1744.02,2136.96
600840.SH,2001-03-07,12.2,12.3,12.1,12.13,1314.84,1602.95
600840.SH,2001-03-08,12.2,12.25,12.1,12.25,1576.38,1919.66
600840.SH,2001-03-09,12.3,12.52,12.26,12.49,2755.05,3422.83
600840.SH,2001-03-12,12.48,12.5,12.32,12.4,884.0,1096.47
600840.SH,2001-03-13,12.42,12.45,12.12,12.2,1338.0,1640.81
600840.SH,2001-03-14,12.2,12.35,12.08,12.29,2026.33,2466.83
600840.SH,2001-03-15,12.27,12.35,12.2,12.3,1850.11,2276.85
600840.SH,2001-03-16,12.29,12.51,12.26,12.48,2523.68,3139.98
600840.SH,2001-03-19,12.55,13.02,12.48,12.92,6870.65,8827.79
600840.SH,2001-03-20,13.2,13.38,13.15,13.22,13487.96,17888.99
600840.SH,2001-03-21,12.51,13.39,12.51,13.25,4844.54,6412.6
600840.SH,2001-03-22,13.26,13.27,13.11,13.18,3228.2,4252.8
600840.SH,2001-03-23,13.18,13.23,12.8,12.8,4104.5,5343.71
600840.SH,2001-03-26,12.8,13.0,12.8,12.98,2573.95,3321.66
600840.SH,2001-03-27,13.0,13.18,12.9,13.08,2528.64,3289.86
600840.SH,2001-03-28,13.05,13.05,12.9,13.0,2490.51,3225.67
600840.SH,2001-03-29,13.05,13.8,13.05,13.26,5034.5,6721.77
600840.SH,2001-03-30,13.25,13.4,13.1,13.19,3667.87,4839.88
600840.SH,2001-04-02,13.21,13.38,13.0,13.12,4773.71,6281.24
600840.SH,2001-04-03,13.12,13.12,12.99,13.05,2599.0,3385.78
600840.SH,2001-04-04,13.05,13.1,12.65,12.7,7224.17,9289.13
600840.SH,2001-04-05,12.61,12.9,12.6,12.85,3331.63,4247.9
600840.SH,2001-04-06,12.93,13.1,12.85,12.95,2682.1,3474.48
600840.SH,2001-04-09,12.69,13.49,12.69,13.47,29525.75,39212.5
600840.SH,2001-04-10,13.45,13.7,13.43,13.56,21936.85,29874.77
600840.SH,2001-04-11,13.69,13.8,13.52,13.71,14599.17,19960.85
600840.SH,2001-04-12,13.79,14.2,13.61,14.14,48186.48,67147.55
600840.SH,2001-04-13,14.19,14.28,13.98,14.13,19938.38,28111.92
600840.SH,2001-04-16,14.13,14.73,14.05,14.52,47885.31,69272.14
600840.SH,2001-04-17,14.48,14.63,14.25,14.4,28495.16,41162.29
600840.SH,2001-04-18,14.45,14.46,14.0,14.09,22684.36,32045.76
600840.SH,2001-04-19,14.1,14.45,14.01,14.42,17754.85,25337.53
600840.SH,2001-04-20,14.4,14.41,13.9,13.91,18423.08,26087.68
600840.SH,2001-04-23,13.88,14.08,13.65,13.79,13663.28,18846.35
600840.SH,2001-04-24,13.75,13.99,13.75,13.82,7636.13,10596.2
600840.SH,2001-04-25,13.85,14.09,13.65,13.65,9965.24,13830.42
600840.SH,2001-04-26,13.75,13.8,13.6,13.66,7330.73,10037.6
600840.SH,2001-04-27,13.65,13.92,13.65,13.9,5474.74,7557.06
600840.SH,2001-05-08,13.95,13.99,13.72,13.9,3445.83,4770.36
600840.SH,2001-05-09,13.9,13.91,13.7,13.79,3737.0,5156.45
600840.SH,2001-05-10,13.79,14.26,13.79,14.21,6398.4,9045.34
600840.SH,2001-05-11,14.22,14.32,14.06,14.27,5400.89,7682.27
600840.SH,2001-05-14,14.32,14.37,14.15,14.3,7946.12,11318.98
600840.SH,2001-05-15,14.33,14.35,14.02,14.18,7911.96,11183.51
600840.SH,2001-05-16,14.2,14.31,14.03,14.27,7578.16,10756.46
600840.SH,2001-05-17,14.27,14.27,13.9,13.99,7397.07,10385.75
600840.SH,2001-05-18,13.9,14.1,13.8,14.1,7057.43,9808.05
600840.SH,2001-05-21,14.1,14.5,14.1,14.49,19667.91,28238.69
600840.SH,2001-05-22,14.45,14.51,14.3,14.41,10431.73,15039.93
600840.SH,2001-05-23,14.36,14.36,14.0,14.12,10468.19,14790.02
600840.SH,2001-05-24,14.08,14.51,14.07,14.47,12057.61,17364.83
600840.SH,2001-05-25,14.42,15.33,14.42,14.99,54539.17,81632.73
600840.SH,2001-05-28,15.09,15.29,14.9,15.1,24861.35,37608.38
600840.SH,2001-05-29,15.1,15.14,14.82,14.9,13035.76,19523.29
600840.SH,2001-05-30,14.9,15.25,14.81,15.21,13850.87,20807.17
600840.SH,2001-05-31,15.3,15.74,15.17,15.51,21300.46,32858.45
600840.SH,2001-06-01,15.51,15.62,15.17,15.31,13796.35,21264.14
600840.SH,2001-06-04,15.5,15.58,15.1,15.15,12504.09,19041.13
600840.SH,2001-06-05,15.18,15.32,15.05,15.31,11579.81,17586.79
600840.SH,2001-06-06,15.32,15.35,14.9,14.91,15794.6,23775.76
600840.SH,2001-06-07,14.92,15.05,14.85,14.99,9724.78,14524.53
600840.SH,2001-06-08,14.99,15.3,14.85,15.07,7719.47,11613.95
600840.SH,2001-06-11,14.9,15.04,14.85,14.93,8456.11,12652.17
600840.SH,2001-06-12,14.93,15.47,14.93,15.46,19113.1,29167.2
600840.SH,2001-06-13,15.46,15.65,15.3,15.41,11839.2,18319.18
600840.SH,2001-06-14,15.38,15.49,14.75,14.8,12784.9,19299.76
600840.SH,2001-06-15,14.8,14.94,14.54,14.87,11148.99,16422.67
600840.SH,2001-06-18,14.9,14.99,14.0,14.24,12662.86,18259.3
600840.SH,2001-06-19,14.19,14.38,14.1,14.18,4746.66,6740.21
600840.SH,2001-06-20,14.15,14.38,14.1,14.15,4269.28,6075.71
600840.SH,2001-06-21,14.15,14.35,14.15,14.3,4046.9,5761.67
600840.SH,2001-06-22,14.3,14.46,14.23,14.37,4577.2,6566.18
600840.SH,2001-06-25,14.4,14.7,14.35,14.62,4715.56,6873.78
600840.SH,2001-06-26,14.62,14.67,14.47,14.56,4718.07,6872.41
600840.SH,2001-06-27,14.51,14.58,14.28,14.41,5375.34,7755.88
600840.SH,2001-06-28,14.45,14.59,14.3,14.31,4409.68,6349.34
600840.SH,2001-06-29,14.34,14.5,14.34,14.46,2770.55,3996.17
600840.SH,2001-07-02,14.56,14.56,14.35,14.39,2495.46,3603.84
600840.SH,2001-07-03,14.4,14.42,14.11,14.28,5029.02,7143.18
600840.SH,2001-07-04,14.29,14.29,14.02,14.05,4128.25,5819.44
600840.SH,2001-07-05,14.05,14.08,13.8,13.82,5526.68,7667.61
600840.SH,2001-07-06,13.8,13.98,13.8,13.85,2551.61,3544.11
600840.SH,2001-07-09,13.85,13.98,13.85,13.91,1743.61,2420.88
600840.SH,2001-07-10,13.95,14.17,13.95,14.0,2506.99,3515.1
600840.SH,2001-07-11,14.0,14.05,13.7,13.72,3159.0,4378.55
600840.SH,2001-07-12,13.7,13.79,13.48,13.5,7321.59,9929.35
600840.SH,2001-07-16,13.88,13.96,13.6,13.76,2898.34,3976.57
600840.SH,2001-07-17,13.78,13.8,13.55,13.68,2459.93,3349.08
600840.SH,2001-07-18,13.87,13.87,13.68,13.79,1439.0,1978.55
600840.SH,2001-07-19,13.87,14.01,13.76,14.01,2288.04,3186.18
600840.SH,2001-07-20,14.01,14.3,14.01,14.26,4116.02,5841.46
600840.SH,2001-07-23,14.35,14.4,14.05,14.09,3542.0,5028.86
600840.SH,2001-07-24,14.05,14.05,13.75,13.87,3254.0,4505.02
600840.SH,2001-07-25,13.8,13.84,13.6,13.69,1723.84,2367.19
600840.SH,2001-07-26,13.67,13.88,13.64,13.7,2400.88,3299.13
600840.SH,2001-07-27,13.7,13.95,13.65,13.74,2517.5,3464.81
600840.SH,2001-07-30,13.62,13.62,12.7,12.7,3823.0,4993.78
600840.SH,2001-07-31,12.34,13.0,12.25,12.5,3895.96,4925.3
600840.SH,2001-08-01,12.8,12.98,12.62,12.95,2143.5,2744.83
600840.SH,2001-08-02,12.98,13.08,12.41,12.75,2704.23,3418.73
600840.SH,2001-08-03,12.7,12.95,12.61,12.8,1448.5,1846.14
600840.SH,2001-08-06,12.78,12.78,12.18,12.24,2651.1,3288.5
600840.SH,2001-08-07,12.24,12.45,12.24,12.37,2644.08,3273.17
600840.SH,2001-08-08,12.4,12.5,12.3,12.38,2068.91,2556.76
600840.SH,2001-08-09,12.5,12.7,12.4,12.69,2271.01,2857.25
600840.SH,2001-08-10,12.71,12.98,12.71,12.88,2545.05,3269.53
600840.SH,2001-08-13,12.8,12.92,12.71,12.89,1638.95,2110.39
600840.SH,2001-08-14,12.81,13.0,12.51,12.74,2400.3,3069.5
600840.SH,2001-08-15,12.61,12.89,12.61,12.78,1390.09,1771.94
600840.SH,2001-08-16,12.76,12.85,12.63,12.65,1208.02,1533.17
600840.SH,2001-08-17,12.5,12.65,12.5,12.58,895.59,1126.7
600840.SH,2001-08-20,12.75,12.95,12.68,12.8,607.49,775.13
600840.SH,2001-08-21,12.85,12.97,12.81,12.89,769.5,991.65
600840.SH,2001-08-22,12.89,12.9,12.58,12.66,1152.6,1459.99
600840.SH,2001-08-23,12.49,12.83,12.4,12.7,1175.66,1483.69
600840.SH,2001-08-24,12.51,12.8,12.4,12.48,1356.11,1700.57
600840.SH,2001-08-27,12.4,12.68,11.65,11.71,3380.0,4080.62
600840.SH,2001-08-28,11.75,11.9,11.45,11.85,3464.05,4050.79
600840.SH,2001-08-29,11.82,12.1,11.8,11.81,1902.7,2275.22
600840.SH,2001-08-30,11.81,11.88,11.65,11.68,1275.0,1493.9
600840.SH,2001-08-31,11.6,11.82,11.6,11.67,734.18,855.58
600840.SH,2001-09-03,11.82,12.0,11.65,11.65,956.0,1123.23
600840.SH,2001-09-04,11.65,12.08,11.65,12.0,1321.0,1568.13
600840.SH,2001-09-05,12.0,12.24,11.96,12.0,2065.4,2492.95
600840.SH,2001-09-06,12.0,12.05,11.88,11.94,960.6,1148.8
600840.SH,2001-09-10,11.4,12.02,11.14,11.95,2810.2,3318.44
600840.SH,2001-09-11,12.0,12.1,11.8,11.83,2401.33,2866.6
600840.SH,2001-09-12,11.7,11.8,11.5,11.79,3228.22,3750.49
600840.SH,2001-09-13,11.77,11.88,11.6,11.64,1595.83,1861.57
600840.SH,2001-09-14,11.7,11.7,11.36,11.36,2086.94,2399.06
600840.SH,2001-09-17,11.25,11.36,10.79,11.0,6958.45,7632.7
600840.SH,2001-09-18,11.05,11.27,11.0,11.08,2053.16,2285.48
600840.SH,2001-09-19,11.2,11.3,11.13,11.3,3103.7,3483.13
600840.SH,2001-09-20,11.36,11.49,11.18,11.45,3119.78,3556.18
600840.SH,2001-09-21,11.59,11.79,11.55,11.58,8095.3,9443.86
600840.SH,2001-09-24,11.56,11.68,11.25,11.28,2264.3,2577.46
600840.SH,2001-09-25,11.34,11.45,11.25,11.26,1152.8,1303.7
600840.SH,2001-09-26,11.26,11.38,11.11,11.11,1159.0,1299.41
600840.SH,2001-09-27,11.12,11.3,10.98,11.02,2060.0,2283.88
600840.SH,2001-09-28,11.05,11.27,11.0,11.1,1735.79,1919.63
600840.SH,2001-10-08,11.12,11.14,10.8,10.81,1139.3,1242.22
600840.SH,2001-10-09,10.85,11.18,10.85,11.01,896.9,985.72
600840.SH,2001-10-10,11.1,11.1,10.4,10.59,1333.0,1423.97
600840.SH,2001-10-11,10.59,10.7,10.03,10.1,2206.0,2272.99
600840.SH,2001-10-12,10.1,10.67,9.9,10.48,3048.83,3114.42
600840.SH,2001-10-15,10.48,10.5,10.23,10.28,2084.36,2151.7
600840.SH,2001-10-16,10.28,10.49,10.0,10.09,1023.0,1034.68
600840.SH,2001-10-17,10.1,10.19,9.09,9.8,2721.5,2610.77
600840.SH,2001-10-18,9.47,9.84,9.46,9.69,1797.5,1735.37
600840.SH,2001-10-19,9.33,9.6,9.22,9.25,3746.78,3520.94
600840.SH,2001-10-22,9.1,9.22,8.51,8.53,4826.45,4276.89
600840.SH,2001-10-23,9.37,9.38,9.2,9.38,5520.13,5152.85
600840.SH,2001-10-24,9.68,10.25,9.61,10.13,12330.31,12349.65
600840.SH,2001-10-25,10.1,10.1,9.78,9.81,4282.31,4248.47
600840.SH,2001-10-26,9.76,9.85,9.55,9.78,2495.97,2418.74
600840.SH,2001-10-29,9.8,9.95,9.6,9.83,3453.75,3394.85
600840.SH,2001-10-30,9.98,9.99,9.79,9.84,1605.5,1581.21
600840.SH,2001-10-31,9.78,9.78,9.58,9.75,2068.8,2001.53
600840.SH,2001-11-01,9.85,10.05,9.8,10.01,2610.24,2604.05
600840.SH,2001-11-02,10.02,10.28,9.96,10.18,6567.9,6662.63
600840.SH,2001-11-05,10.2,10.2,9.9,10.0,2537.0,2544.09
600840.SH,2001-11-06,10.1,10.1,9.8,9.81,817.7,815.41
600840.SH,2001-11-07,9.8,9.99,9.15,9.15,3581.5,3364.2
600840.SH,2001-11-08,9.21,9.38,9.05,9.33,1502.8,1391.71
600840.SH,2001-11-09,9.38,10.1,9.17,9.76,3912.6,3771.88
600840.SH,2001-11-12,9.7,10.05,9.61,9.8,3638.0,3604.95
600840.SH,2001-11-13,9.69,10.0,9.65,10.0,2720.47,2688.28
600840.SH,2001-11-14,9.95,10.25,9.9,9.93,6660.45,6739.85
600840.SH,2001-11-15,10.0,10.19,9.9,10.04,2691.07,2701.14
600840.SH,2001-11-16,11.0,11.03,10.15,10.15,10461.05,11002.22
600840.SH,2001-11-19,10.15,10.44,10.11,10.33,2976.83,3060.77
600840.SH,2001-11-20,10.14,11.23,9.38,10.8,10846.84,11506.91
600840.SH,2001-11-21,10.7,10.85,10.6,10.85,5394.66,5775.06
600840.SH,2001-11-22,10.85,10.94,10.73,10.92,4908.11,5324.03
600840.SH,2001-11-23,10.89,10.92,10.75,10.78,3315.34,3585.64
600840.SH,2001-11-26,10.75,10.75,10.53,10.7,2410.52,2553.88
600840.SH,2001-11-27,10.66,10.87,10.66,10.87,2940.7,3166.03
600840.SH,2001-11-28,10.92,10.99,10.83,10.91,4096.71,4473.11
600840.SH,2001-11-29,10.89,11.1,10.85,10.95,3468.1,3807.34
600840.SH,2001-11-30,11.0,11.19,10.96,11.15,4771.35,5291.15
600840.SH,2001-12-03,11.15,11.28,11.1,11.15,4778.85,5352.49
600840.SH,2001-12-04,11.18,11.19,10.92,11.18,6685.21,7394.39
600840.SH,2001-12-05,11.51,11.73,11.22,11.23,23343.1,26716.94
600840.SH,2001-12-06,11.16,11.35,11.11,11.33,7066.21,7913.6
600840.SH,2001-12-07,11.38,11.42,11.18,11.18,2738.28,3086.7
600840.SH,2001-12-11,11.12,11.29,10.88,10.93,2947.46,3255.22
600840.SH,2001-12-12,10.88,10.96,10.76,10.76,2602.0,2816.08
600840.SH,2001-12-13,11.05,11.05,10.6,10.61,2442.7,2619.31
600840.SH,2001-12-14,10.6,10.65,10.45,10.45,2747.54,2891.8
600840.SH,2001-12-17,10.4,10.44,10.15,10.2,3394.53,3477.71
600840.SH,2001-12-18,10.2,10.4,9.98,10.32,4271.78,4326.77
600840.SH,2001-12-19,10.38,10.38,10.1,10.13,2480.12,2532.88
600840.SH,2001-12-20,10.11,10.11,9.74,9.76,4336.28,4269.99
600840.SH,2001-12-21,9.65,9.9,9.62,9.84,5630.39,5517.71
600840.SH,2001-12-24,9.95,9.95,9.4,9.78,2866.0,2752.95
600840.SH,2001-12-25,9.7,9.78,9.5,9.76,1411.25,1367.59
600840.SH,2001-12-26,9.71,10.0,9.71,10.0,1879.71,1855.99
600840.SH,2001-12-27,10.2,10.24,9.88,9.92,3125.0,3129.37
600840.SH,2001-12-28,9.88,10.0,9.71,9.84,2164.51,2131.74
600840.SH,2001-12-31,9.87,9.97,9.8,9.9,882.0,872.65
600840.SH,2002-01-04,9.9,9.95,9.66,9.69,777.5,758.11
600840.SH,2002-01-07,9.83,9.94,9.8,9.88,3127.0,3085.29
600840.SH,2002-01-08,9.9,10.1,9.82,9.82,2119.68,2114.79
600840.SH,2002-01-09,9.78,9.78,9.41,9.42,2708.99,2586.94
600840.SH,2002-01-10,9.3,9.69,9.2,9.63,2617.97,2453.6
600840.SH,2002-01-11,9.7,9.7,9.3,9.3,1512.99,1427.35
600840.SH,2002-01-14,9.2,9.25,8.85,8.86,2856.0,2565.61
600840.SH,2002-01-15,8.8,9.0,7.97,8.02,5768.12,4835.81
600840.SH,2002-01-16,8.05,8.37,7.8,8.28,4262.28,3453.83
600840.SH,2002-01-17,8.25,8.25,7.77,7.84,3134.0,2486.82
600840.SH,2002-01-18,7.78,8.51,7.61,7.94,4982.79,3980.47
600840.SH,2002-01-21,7.9,8.01,7.48,7.5,3645.0,2797.41
600840.SH,2002-01-22,7.51,7.81,7.12,7.26,2884.6,2164.42
600840.SH,2002-01-23,7.33,7.9,6.8,7.87,7063.67,5088.16
600840.SH,2002-01-24,7.77,8.2,7.3,7.95,9113.92,7223.29
600840.SH,2002-01-25,7.75,8.07,7.6,7.91,9614.49,7487.47
600840.SH,2002-01-28,7.6,7.86,7.22,7.41,8444.99,6393.72
600840.SH,2002-01-29,7.2,8.14,7.2,8.08,13361.41,10479.75
600840.SH,2002-01-30,8.1,8.37,8.0,8.3,18677.81,15307.91
600840.SH,2002-01-31,8.46,9.13,8.35,8.93,24669.04,21701.22
600840.SH,2002-02-01,8.93,9.2,8.71,8.94,14267.92,12779.45
600840.SH,2002-02-04,8.91,9.12,8.78,9.05,6322.48,5672.01
600840.SH,2002-02-05,9.05,9.05,8.81,8.88,5267.95,4696.03
600840.SH,2002-02-06,8.8,8.93,8.68,8.68,4632.77,4077.4
600840.SH,2002-02-07,8.65,9.02,8.56,8.86,3693.59,3284.64
600840.SH,2002-02-08,9.0,9.06,8.81,8.83,3288.76,2949.4
600840.SH,2002-02-25,9.08,9.3,9.05,9.23,7723.61,7107.44
600840.SH,2002-02-26,9.16,9.22,9.0,9.2,3154.65,2875.2
600840.SH,2002-02-27,9.31,9.31,9.1,9.15,2505.0,2302.59
600840.SH,2002-02-28,9.11,9.18,8.92,8.96,3394.0,3065.29
600840.SH,2002-03-01,8.88,8.94,8.67,8.74,3600.4,3161.29
600840.SH,2002-03-04,8.7,8.98,8.62,8.96,2401.97,2122.02
600840.SH,2002-03-05,9.05,9.33,8.96,9.24,6412.55,5903.36
600840.SH,2002-03-06,9.3,9.54,9.22,9.23,9817.92,9219.49
600840.SH,2002-03-07,9.3,9.66,9.3,9.64,9622.63,9169.22
600840.SH,2002-03-08,9.65,9.85,9.45,9.73,13351.76,12836.18
600840.SH,2002-03-11,9.7,9.96,9.7,9.95,10181.36,9961.45
600840.SH,2002-03-12,9.9,9.95,9.58,9.6,9552.42,9340.05
600840.SH,2002-03-13,9.58,9.77,9.31,9.32,8038.18,7631.73
600840.SH,2002-03-14,9.37,9.7,9.3,9.68,6245.61,5922.85
600840.SH,2002-03-15,9.75,9.76,9.2,9.21,9693.15,9203.93
600840.SH,2002-03-18,9.75,9.75,9.17,9.29,6177.95,5755.32
600840.SH,2002-03-19,9.26,9.56,9.26,9.55,4973.3,4681.61
600840.SH,2002-03-20,9.55,9.69,9.45,9.68,8049.51,7730.73
600840.SH,2002-03-21,9.68,10.3,9.6,10.26,28081.95,28205.02
600840.SH,2002-03-22,10.26,10.29,10.0,10.13,19236.24,19424.07
600840.SH,2002-03-25,9.9,10.0,9.73,9.91,14795.05,14567.17
600840.SH,2002-03-26,9.86,9.9,9.56,9.63,8235.0,7999.38
600840.SH,2002-03-27,9.6,9.7,9.53,9.68,4142.0,3989.44
600840.SH,2002-03-28,9.65,9.87,9.65,9.75,3665.76,3588.82
600840.SH,2002-03-29,9.7,9.72,9.28,9.35,5956.54,5648.65
600840.SH,2002-04-01,9.3,9.5,9.25,9.42,3817.0,3584.34
600840.SH,2002-04-02,9.44,9.5,9.08,9.12,4061.0,3741.64
600840.SH,2002-04-03,9.1,9.28,9.1,9.24,3997.6,3674.6
600840.SH,2002-04-04,9.2,9.69,9.1,9.6,5642.27,5292.24
600840.SH,2002-04-05,9.65,9.81,9.45,9.68,7054.03,6797.14
600840.SH,2002-04-08,9.66,9.77,9.56,9.72,2570.3,2492.62
600840.SH,2002-04-09,9.7,10.1,9.61,9.99,11811.19,11749.4
600840.SH,2002-04-10,10.07,10.75,9.99,10.47,48744.48,51184.82
600840.SH,2002-04-11,10.5,10.54,10.13,10.13,12917.11,13302.34
600840.SH,2002-04-12,10.1,10.29,10.09,10.23,4831.72,4938.91
600840.SH,2002-04-15,10.47,10.47,10.13,10.28,3440.77,3524.61
600840.SH,2002-04-16,10.2,10.44,10.2,10.22,3386.8,3490.71
600840.SH,2002-04-17,10.22,10.28,10.02,10.18,4233.71,4288.57
600840.SH,2002-04-18,10.19,10.22,10.0,10.03,3919.99,3949.43
600840.SH,2002-04-19,10.0,10.2,9.84,10.18,6517.3,6488.33
600840.SH,2002-04-22,10.16,10.4,10.16,10.26,4227.5,4346.38
600840.SH,2002-04-23,10.25,10.33,10.09,10.16,1711.09,1749.74
600840.SH,2002-04-24,10.16,10.24,9.92,10.0,2217.9,2230.97
600840.SH,2002-04-25,10.0,10.15,9.95,10.08,1661.0,1669.86
600840.SH,2002-04-26,10.08,10.36,10.08,10.31,3486.64,3585.86
600840.SH,2002-04-29,10.2,10.76,10.2,10.76,16454.48,17477.32
600840.SH,2002-04-30,10.8,10.89,10.5,10.69,5537.0,5897.4
600840.SH,2002-05-08,10.68,10.79,10.54,10.65,3693.54,3940.68
600840.SH,2002-05-09,10.63,10.92,10.58,10.81,6643.81,7158.73
600840.SH,2002-05-10,10.87,10.9,10.61,10.68,3529.49,3785.61
600840.SH,2002-05-13,10.55,10.63,10.45,10.49,2817.0,2965.95
600840.SH,2002-05-14,10.48,10.55,10.27,10.3,3783.82,3931.73
600840.SH,2002-05-15,10.33,10.47,10.08,10.1,4265.32,4350.78
600840.SH,2002-05-16,10.06,10.15,9.7,9.71,5637.0,5591.45
600840.SH,2002-05-17,9.71,10.07,9.35,10.07,6990.05,6926.28
600840.SH,2002-05-21,10.2,10.45,10.05,10.29,14157.49,14551.84
600840.SH,2002-05-22,10.3,10.3,10.11,10.13,4213.84,4289.45
600840.SH,2002-05-23,10.3,10.39,10.18,10.23,2389.21,2453.24
600840.SH,2002-05-24,10.23,10.23,10.03,10.08,2220.8,2245.56
600840.SH,2002-05-27,10.1,10.25,10.05,10.19,2096.91,2121.59
600840.SH,2002-05-28,10.25,10.4,10.08,10.32,3222.49,3300.48
600840.SH,2002-05-29,10.38,10.38,9.96,9.99,2844.32,2853.02
600840.SH,2002-05-30,9.98,10.06,9.77,9.97,2481.31,2461.06
600840.SH,2002-05-31,9.86,10.05,9.72,9.83,1688.39,1661.34
600840.SH,2002-06-03,9.8,9.8,9.36,9.38,2465.0,2338.4
600840.SH,2002-06-04,9.35,9.55,9.33,9.41,1598.2,1504.91
600840.SH,2002-06-05,9.38,9.41,9.0,9.05,2170.55,1985.54
600840.SH,2002-06-06,9.07,9.9,8.95,9.63,3982.6,3717.28
600840.SH,2002-06-07,9.63,9.78,9.45,9.59,3907.94,3766.31
600840.SH,2002-06-10,9.58,9.62,9.45,9.49,1721.99,1636.33
600840.SH,2002-06-11,9.49,9.61,9.48,9.53,1320.5,1259.61
600840.SH,2002-06-12,9.51,9.55,9.43,9.48,1102.0,1045.48
600840.SH,2002-06-13,9.48,9.64,9.44,9.48,739.0,701.53
600840.SH,2002-06-14,9.41,9.43,9.02,9.13,1964.49,1808.49
600840.SH,2002-06-17,9.05,9.24,9.05,9.15,818.18,748.15
600840.SH,2002-06-18,9.4,9.5,9.3,9.45,1369.56,1288.46
600840.SH,2002-06-19,9.44,9.44,9.2,9.21,618.0,573.64
600840.SH,2002-06-20,9.2,9.45,9.2,9.31,913.0,851.83
600840.SH,2002-06-21,9.35,9.9,9.32,9.85,5206.69,5066.41
600840.SH,2002-06-24,10.84,10.84,10.41,10.84,23088.98,24789.95
600840.SH,2002-06-25,10.8,11.18,10.52,10.6,16745.96,18129.58
600840.SH,2002-06-26,10.52,10.68,10.4,10.49,6568.83,6912.22
600840.SH,2002-06-27,10.6,10.66,10.3,10.39,5447.46,5665.92
600840.SH,2002-06-28,10.48,10.5,10.17,10.27,7800.11,8032.51
600840.SH,2002-07-01,10.27,10.33,10.25,10.28,2500.19,2572.91
600840.SH,2002-07-02,10.25,10.49,10.16,10.47,3265.27,3367.74
600840.SH,2002-07-03,10.4,10.48,10.2,10.35,2277.5,2355.54
600840.SH,2002-07-04,10.36,10.39,10.19,10.23,2384.5,2446.73
600840.SH,2002-07-05,10.21,10.27,10.08,10.26,5234.56,5329.51
600840.SH,2002-07-08,10.32,10.42,10.2,10.34,2631.99,2716.85
600840.SH,2002-07-09,10.36,10.48,10.26,10.32,2662.76,2756.96
600840.SH,2002-07-10,10.3,10.3,10.1,10.18,2558.27,2602.24
600840.SH,2002-07-11,10.2,10.41,10.05,10.4,6367.01,6562.15
600840.SH,2002-07-12,10.45,10.67,10.43,10.45,17572.79,18573.24
600840.SH,2002-07-15,10.21,10.5,10.21,10.36,3614.91,3749.34
600840.SH,2002-07-16,10.3,10.47,10.26,10.32,2528.8,2620.74
600840.SH,2002-07-17,10.42,10.42,10.15,10.33,2020.65,2064.77
600840.SH,2002-07-18,10.38,10.4,10.21,10.29,1830.0,1887.84
600840.SH,2002-07-19,10.31,10.35,10.21,10.3,1867.02,1917.82
600840.SH,2002-07-22,10.31,10.35,10.13,10.14,2634.5,2693.46
600840.SH,2002-07-23,10.15,10.29,10.13,10.17,2150.0,2196.5
600840.SH,2002-07-24,10.24,10.25,10.16,10.17,885.0,901.7
600840.SH,2002-07-25,10.21,10.21,9.98,9.98,3222.62,3235.41
600840.SH,2002-07-26,10.1,10.1,9.92,9.92,1619.59,1617.46
600840.SH,2002-07-29,9.9,9.98,9.85,9.98,1452.07,1439.19
600840.SH,2002-07-30,10.0,10.06,9.9,9.96,1345.0,1340.63
600840.SH,2002-07-31,9.96,9.96,9.88,9.91,894.0,886.87
600840.SH,2002-08-01,9.85,9.94,9.81,9.9,1078.28,1065.28
600840.SH,2002-08-02,9.92,9.93,9.77,9.88,4374.49,4289.54
600840.SH,2002-08-05,9.91,9.91,9.8,9.82,724.0,711.57
600840.SH,2002-08-06,9.82,10.0,9.8,9.95,1360.95,1348.9
600840.SH,2002-08-07,9.91,9.94,9.82,9.86,1230.84,1216.61
600840.SH,2002-08-08,9.87,9.88,9.8,9.86,473.57,466.1
600840.SH,2002-08-09,9.78,9.85,9.69,9.71,1535.0,1493.67
600840.SH,2002-08-12,9.6,9.68,9.41,9.45,1846.44,1761.01
600840.SH,2002-08-13,9.43,9.52,9.43,9.45,1042.18,985.71
600840.SH,2002-08-14,9.3,9.55,9.3,9.55,1164.53,1099.72
600840.SH,2002-08-15,9.51,9.51,9.4,9.44,503.0,474.89
600840.SH,2002-08-16,9.45,9.59,9.3,9.5,1112.41,1047.03
600840.SH,2002-08-19,9.5,9.5,9.34,9.4,793.0,746.28
600840.SH,2002-08-20,9.4,9.62,9.4,9.6,2487.56,2369.33
600840.SH,2002-08-21,9.65,9.65,9.52,9.62,1165.74,1118.3
600840.SH,2002-08-22,9.63,9.76,9.62,9.75,2218.13,2153.19
600840.SH,2002-08-23,9.7,9.76,9.65,9.66,653.2,633.41
600840.SH,2002-08-26,9.68,9.68,9.43,9.46,1144.0,1088.76
600840.SH,2002-08-27,9.45,9.66,9.45,9.58,1759.0,1677.01
600840.SH,2002-08-28,9.59,9.64,9.5,9.57,1372.87,1310.59
600840.SH,2002-08-29,9.58,9.66,9.51,9.55,897.01,857.94
600840.SH,2002-08-30,9.53,9.58,9.51,9.56,867.12,827.37
600840.SH,2002-09-02,9.58,9.8,9.56,9.75,6363.89,6159.9
600840.SH,2002-09-03,9.77,9.82,9.71,9.71,977.53,955.7
600840.SH,2002-09-04,9.71,9.71,9.55,9.58,920.37,883.91
600840.SH,2002-09-05,9.58,9.58,9.42,9.49,1284.31,1217.5
600840.SH,2002-09-06,9.42,9.49,9.28,9.29,3557.98,3318.79
600840.SH,2002-09-09,9.29,9.38,9.26,9.28,719.0,668.62
600840.SH,2002-09-10,9.3,9.34,9.25,9.31,674.76,627.5
600840.SH,2002-09-11,9.35,9.35,9.16,9.21,1181.98,1087.35
600840.SH,2002-09-12,9.21,9.28,9.13,9.22,1776.0,1631.34
600840.SH,2002-09-13,9.26,9.26,9.15,9.18,655.0,601.81
600840.SH,2002-09-16,9.15,9.2,9.08,9.09,1327.89,1211.98
600840.SH,2002-09-17,9.2,9.2,8.98,9.07,1487.3,1346.56
600840.SH,2002-09-18,9.05,9.07,9.0,9.0,1277.0,1154.08
600840.SH,2002-09-19,9.0,9.2,8.96,9.16,1091.06,989.5
600840.SH,2002-09-20,9.1,9.21,9.05,9.07,599.0,547.43
600840.SH,2002-09-24,9.05,9.1,9.03,9.08,451.99,410.02
600840.SH,2002-09-25,9.05,9.15,9.02,9.06,551.19,499.71
600840.SH,2002-09-26,9.1,9.1,8.96,8.98,803.38,723.77
600840.SH,2002-09-27,9.0,9.01,8.92,8.96,895.0,802.77
600840.SH,2002-10-08,9.3,9.3,8.7,8.92,562.65,504.43
600840.SH,2002-10-09,8.91,8.91,8.78,8.85,712.0,629.07
600840.SH,2002-10-10,8.7,8.84,8.7,8.73,584.5,512.38
600840.SH,2002-10-11,8.8,8.8,8.65,8.65,901.94,784.0
600840.SH,2002-10-14,8.61,8.65,8.46,8.62,1251.67,1070.02
600840.SH,2002-10-15,8.65,8.85,8.65,8.69,1158.03,1013.43
600840.SH,2002-10-16,8.77,8.8,8.71,8.75,1105.5,969.04
600840.SH,2002-10-17,8.76,8.76,8.45,8.46,966.72,826.39
600840.SH,2002-10-18,8.46,8.6,8.45,8.55,823.1,699.92
600840.SH,2002-10-21,8.5,8.59,8.4,8.57,883.5,747.54
600840.SH,2002-10-22,8.53,8.76,8.53,8.75,1210.0,1050.82
600840.SH,2002-10-23,8.75,8.75,8.61,8.69,414.0,359.26
600840.SH,2002-10-24,8.7,8.7,8.5,8.51,804.9,690.5
600840.SH,2002-10-25,8.58,8.58,8.33,8.4,813.0,686.89
600840.SH,2002-10-28,8.4,8.45,7.98,7.99,2786.0,2253.1
600840.SH,2002-10-29,7.98,8.06,7.68,7.87,3889.52,3052.49
600840.SH,2002-10-30,8.14,8.14,7.81,8.06,6184.1,4911.38
600840.SH,2002-10-31,8.06,8.06,7.93,8.0,2321.0,1858.48
600840.SH,2002-11-01,8.05,8.06,7.85,8.06,1731.5,1383.52
600840.SH,2002-11-04,8.14,8.49,8.12,8.48,6879.03,5712.95
600840.SH,2002-11-05,8.49,8.85,8.4,8.71,9939.11,8598.54
600840.SH,2002-11-06,8.7,8.71,8.6,8.65,1740.95,1505.47
600840.SH,2002-11-07,8.63,8.65,8.52,8.56,2158.17,1846.7
600840.SH,2002-11-08,8.59,8.74,8.16,8.19,3260.35,2733.49
600840.SH,2002-11-11,8.26,8.26,8.15,8.19,1386.0,1137.23
600840.SH,2002-11-12,8.21,8.23,7.95,7.99,1927.0,1550.64
600840.SH,2002-11-13,8.0,8.05,7.8,8.0,3414.74,2701.83
600840.SH,2002-11-14,8.0,8.05,7.8,7.9,1765.51,1404.35
600840.SH,2002-11-15,7.9,8.2,7.81,8.07,2731.47,2181.28
600840.SH,2002-11-18,8.07,8.07,7.9,8.0,855.6,683.33
600840.SH,2002-11-19,7.98,8.25,7.98,8.17,1962.64,1592.01
600840.SH,2002-11-20,8.16,8.19,7.82,7.83,1552.77,1234.73
600840.SH,2002-11-21,7.76,7.82,7.45,7.45,2714.0,2064.31
600840.SH,2002-11-22,7.5,7.66,7.35,7.56,2580.81,1945.5
600840.SH,2002-11-25,7.6,7.66,7.43,7.55,887.34,671.86
600840.SH,2002-11-26,7.51,7.61,7.26,7.27,835.5,617.63
600840.SH,2002-11-27,7.18,7.39,7.12,7.27,1519.01,1100.8
600840.SH,2002-11-28,7.32,7.58,7.18,7.55,2628.52,1923.75
600840.SH,2002-11-29,7.65,7.85,7.48,7.66,4549.73,3499.97
600840.SH,2002-12-02,7.6,7.6,7.35,7.37,1212.12,907.33
600840.SH,2002-12-03,7.2,7.45,7.2,7.42,1129.84,833.64
600840.SH,2002-12-04,7.45,7.8,7.4,7.58,3529.03,2693.44
600840.SH,2002-12-05,7.52,7.58,7.44,7.5,775.25,582.7
600840.SH,2002-12-06,7.5,7.75,7.49,7.58,1008.33,768.13
600840.SH,2002-12-09,7.7,7.7,7.53,7.59,509.0,387.76
600840.SH,2002-12-10,7.55,7.65,7.4,7.4,1157.0,867.61
600840.SH,2002-12-11,7.4,7.4,7.28,7.36,1178.84,864.62
600840.SH,2002-12-12,7.35,7.54,7.35,7.4,670.84,501.47
600840.SH,2002-12-13,7.3,7.61,7.27,7.54,1399.5,1044.26
600840.SH,2002-12-17,7.69,8.18,7.61,7.98,14599.05,11652.93
600840.SH,2002-12-18,7.8,7.96,7.8,7.82,4578.01,3604.63
600840.SH,2002-12-19,7.76,7.85,7.62,7.76,3148.42,2441.72
600840.SH,2002-12-20,7.77,7.9,7.75,7.84,2285.16,1784.14
600840.SH,2002-12-23,7.9,7.99,7.8,7.85,3653.19,2881.68
600840.SH,2002-12-24,7.86,7.86,7.68,7.76,3774.06,2916.08
600840.SH,2002-12-25,7.76,7.76,7.6,7.67,10196.06,7822.81
600840.SH,2002-12-26,7.67,7.75,7.38,7.4,3636.17,2746.47
600840.SH,2002-12-27,7.36,7.42,7.25,7.34,2603.53,1906.66
600840.SH,2002-12-30,7.25,7.3,7.1,7.18,2832.0,2047.27
600840.SH,2002-12-31,7.18,7.28,7.01,7.02,1999.0,1428.07
600840.SH,2003-01-02,7.04,7.1,6.9,6.96,2225.0,1556.57
600840.SH,2003-01-03,6.96,7.06,6.9,7.01,1559.62,1086.97
600840.SH,2003-01-06,6.98,7.18,6.9,7.17,1516.55,1075.57
600840.SH,2003-01-07,7.17,7.27,7.07,7.13,1504.91,1079.15
600840.SH,2003-01-08,7.16,7.32,7.08,7.3,2143.83,1543.2
600840.SH,2003-01-09,7.25,7.58,7.25,7.47,4265.14,3142.43
600840.SH,2003-01-10,7.47,7.5,7.3,7.3,4571.99,3392.8
600840.SH,2003-01-13,7.28,7.37,7.28,7.31,1804.77,1319.94
600840.SH,2003-01-14,7.31,7.75,7.29,7.7,6680.54,5072.01
600840.SH,2003-01-15,7.72,7.82,7.59,7.64,5125.44,3952.62
600840.SH,2003-01-16,7.63,7.85,7.59,7.83,5795.1,4458.69
600840.SH,2003-01-17,7.84,7.85,7.66,7.7,3756.49,2906.57
600840.SH,2003-01-20,7.7,7.76,7.45,7.72,2798.0,2145.3
600840.SH,2003-01-21,7.7,7.78,7.58,7.69,4050.0,3104.41
600840.SH,2003-01-22,7.98,7.98,7.72,7.83,7724.05,6032.96
600840.SH,2003-01-23,7.85,7.85,7.55,7.59,4201.15,3237.64
600840.SH,2003-01-24,7.52,7.7,7.52,7.7,2917.96,2228.45
600840.SH,2003-01-27,7.8,7.88,7.68,7.81,3747.0,2920.39
600840.SH,2003-01-28,7.8,7.85,7.71,7.84,2950.22,2292.59
600840.SH,2003-01-29,7.81,7.85,7.77,7.78,2277.0,1776.83
600840.SH,2003-02-10,7.76,7.76,7.58,7.61,1275.7,974.71
600840.SH,2003-02-11,7.6,7.75,7.58,7.75,1022.7,784.14
600840.SH,2003-02-12,7.78,7.96,7.71,7.95,3969.43,3121.53
600840.SH,2003-02-13,7.98,8.04,7.9,7.92,4827.67,3858.62
600840.SH,2003-02-14,7.92,8.15,7.89,8.14,6451.11,5192.97
600840.SH,2003-02-17,8.2,8.39,8.0,8.08,15278.97,12563.96
600840.SH,2003-02-18,8.02,8.15,8.0,8.1,2893.09,2335.0
600840.SH,2003-02-19,8.1,8.15,8.0,8.15,2070.4,1668.95
600840.SH,2003-02-20,8.15,8.16,8.05,8.07,2985.0,2413.25
600840.SH,2003-02-21,8.01,8.01,7.82,7.85,3914.63,3094.04
600840.SH,2003-02-24,7.8,7.9,7.8,7.82,1611.12,1262.84
600840.SH,2003-02-25,7.88,8.06,7.85,8.05,4662.87,3727.09
600840.SH,2003-02-26,8.06,8.1,7.91,8.03,1313.0,1049.76
600840.SH,2003-02-27,8.0,8.08,7.92,7.95,1761.05,1408.29
600840.SH,2003-02-28,7.94,7.98,7.9,7.94,1784.94,1415.27
600840.SH,2003-03-03,7.94,8.05,7.9,8.04,1927.3,1531.77
600840.SH,2003-03-04,8.0,8.08,7.97,8.08,2787.1,2238.5
600840.SH,2003-03-05,8.03,8.09,7.98,8.03,1527.5,1226.17
600840.SH,2003-03-06,8.12,8.27,8.02,8.05,7675.69,6249.58
600840.SH,2003-03-07,8.01,8.1,7.9,7.9,3479.0,2764.35
600840.SH,2003-03-10,7.92,7.98,7.7,7.75,2865.4,2233.33
600840.SH,2003-03-11,7.75,7.88,7.75,7.82,2581.11,2014.21
600840.SH,2003-03-12,7.82,7.88,7.72,7.87,1240.4,965.51
600840.SH,2003-03-13,7.75,7.87,7.75,7.79,1037.0,808.9
600840.SH,2003-03-14,7.78,7.85,7.75,7.78,867.7,675.22
600840.SH,2003-03-17,7.82,7.84,7.72,7.79,1164.14,904.2
600840.SH,2003-03-18,7.75,7.86,7.75,7.79,3531.35,2755.69
600840.SH,2003-03-19,7.8,7.8,7.59,7.63,2373.5,1818.46
600840.SH,2003-03-20,7.6,7.71,7.54,7.54,1322.0,1005.7
600840.SH,2003-03-21,7.5,7.62,7.5,7.58,1435.0,1085.1
600840.SH,2003-03-24,7.56,7.6,7.56,7.6,708.09,537.31
600840.SH,2003-03-25,7.58,7.6,7.48,7.49,1102.9,829.04
600840.SH,2003-03-26,7.42,7.55,7.36,7.36,934.35,694.56
600840.SH,2003-03-27,7.35,7.69,7.31,7.58,2438.98,1819.65
600840.SH,2003-03-28,7.58,7.68,7.5,7.6,2261.99,1717.84
600840.SH,2003-03-31,7.69,7.69,7.59,7.65,1495.35,1139.82
600840.SH,2003-04-01,7.62,7.9,7.62,7.78,2898.81,2244.92
600840.SH,2003-04-02,7.75,7.84,7.73,7.77,3092.65,2408.92
600840.SH,2003-04-03,7.77,7.84,7.71,7.75,1934.0,1500.57
600840.SH,2003-04-04,7.72,7.75,7.63,7.65,2367.0,1817.1
600840.SH,2003-04-07,7.66,7.7,7.5,7.5,3457.0,2619.38
600840.SH,2003-04-08,7.5,7.52,7.4,7.43,2368.92,1762.79
600840.SH,2003-04-09,7.43,7.46,7.25,7.38,5060.71,3715.17
600840.SH,2003-04-10,7.41,7.49,7.28,7.47,5054.08,3721.38
600840.SH,2003-04-11,7.5,7.5,7.31,7.45,4528.39,3346.96
600840.SH,2003-04-14,7.45,7.71,7.4,7.67,5892.07,4471.68
600840.SH,2003-04-15,7.9,8.0,7.77,7.87,10120.82,7973.76
600840.SH,2003-04-16,7.84,7.85,7.52,7.56,10654.39,8205.22
600840.SH,2003-04-17,7.57,7.62,7.41,7.57,4523.0,3394.64
600840.SH,2003-04-18,7.54,7.65,7.48,7.58,3136.59,2365.9
600840.SH,2003-04-22,7.5,7.51,7.41,7.46,2710.53,2021.94
600840.SH,2003-04-23,7.47,7.5,7.18,7.21,4711.39,3438.03
600840.SH,2003-04-24,7.25,7.26,7.01,7.06,3495.5,2494.61
600840.SH,2003-04-25,7.02,7.19,7.02,7.08,2042.0,1447.05
600840.SH,2003-04-28,7.41,7.41,6.86,7.07,3569.3,2488.5
600840.SH,2003-04-29,7.08,7.08,6.88,6.94,2757.38,1912.94
600840.SH,2003-04-30,6.95,7.05,6.73,6.83,3827.0,2628.93
600840.SH,2003-05-12,6.9,6.9,6.5,6.5,2417.01,1586.94
600840.SH,2003-05-13,6.45,6.45,6.15,6.28,4535.29,2830.67
600840.SH,2003-05-14,6.25,6.47,6.25,6.46,3050.67,1948.62
600840.SH,2003-05-15,6.48,6.7,6.37,6.7,2769.38,1817.21
600840.SH,2003-05-16,6.71,6.86,6.56,6.75,2506.19,1688.34
600840.SH,2003-05-19,6.73,6.85,6.6,6.77,1759.18,1186.97
600840.SH,2003-05-20,6.7,6.72,6.62,6.62,1866.09,1243.92
600840.SH,2003-05-21,6.62,6.7,6.6,6.62,2152.44,1424.96
600840.SH,2003-05-22,6.58,6.67,6.58,6.62,916.0,605.92
600840.SH,2003-05-23,6.62,6.65,6.56,6.64,2890.0,1908.66
600840.SH,2003-05-26,6.6,6.76,6.6,6.67,1917.01,1280.57
600840.SH,2003-05-27,6.64,6.97,6.6,6.93,3876.22,2626.98
600840.SH,2003-05-28,6.87,6.94,6.7,6.75,2381.68,1621.12
600840.SH,2003-05-29,6.66,6.87,6.65,6.85,2631.68,1789.65
600840.SH,2003-05-30,6.85,7.16,6.85,7.07,5302.68,3732.02
600840.SH,2003-06-02,7.07,7.07,6.97,7.01,2056.97,1442.25
600840.SH,2003-06-03,6.99,6.99,6.77,6.8,2072.0,1421.06
600840.SH,2003-06-04,6.75,6.99,6.72,6.83,1135.0,770.36
600840.SH,2003-06-05,7.4,7.4,6.83,6.84,3068.0,2140.31
600840.SH,2003-06-06,6.88,7.1,6.88,7.04,6607.56,4641.12
600840.SH,2003-06-09,7.0,7.04,6.8,6.89,2083.17,1435.35
600840.SH,2003-06-10,6.89,6.97,6.84,6.9,1034.57,711.7
600840.SH,2003-06-11,6.95,7.02,6.85,7.0,1933.8,1345.42
600840.SH,2003-06-12,7.03,7.03,6.9,6.94,869.0,603.31
600840.SH,2003-06-13,6.95,7.0,6.94,6.96,717.0,499.56
600840.SH,2003-06-17,6.84,6.91,6.83,6.85,1305.0,894.38
600840.SH,2003-06-18,6.85,6.85,6.75,6.76,1577.0,1072.04
600840.SH,2003-06-19,6.76,6.84,6.56,6.66,1607.0,1071.26
600840.SH,2003-06-20,6.71,6.71,6.58,6.62,1156.0,767.36
600840.SH,2003-06-23,6.6,6.66,6.55,6.6,1408.0,930.26
600840.SH,2003-06-24,6.55,6.68,6.55,6.68,601.47,398.01
600840.SH,2003-06-25,6.66,6.66,6.59,6.59,456.0,302.06
600840.SH,2003-06-26,6.58,6.62,6.51,6.59,1197.0,786.96
600840.SH,2003-06-27,6.59,6.59,6.41,6.47,598.0,388.74
600840.SH,2003-06-30,6.5,6.5,6.35,6.35,1017.0,651.39
600840.SH,2003-07-01,6.35,6.49,6.35,6.36,609.0,388.97
600840.SH,2003-07-02,6.4,6.4,6.28,6.37,732.0,464.62
600840.SH,2003-07-03,6.39,6.4,6.31,6.38,687.92,437.07
600840.SH,2003-07-04,6.38,6.39,6.26,6.3,876.36,553.25
600840.SH,2003-07-07,6.27,6.36,6.25,6.26,985.0,619.57
600840.SH,2003-07-08,6.33,6.39,6.28,6.38,1041.53,658.14
600840.SH,2003-07-09,6.4,6.4,6.3,6.33,1414.1,898.21
600840.SH,2003-07-10,6.34,6.45,6.3,6.41,2085.5,1334.29
600840.SH,2003-07-11,6.39,6.62,6.39,6.59,2562.74,1672.0
600840.SH,2003-07-14,6.68,6.87,6.68,6.69,8922.79,6037.66
600840.SH,2003-07-15,6.75,6.75,6.55,6.63,2491.79,1648.51
600840.SH,2003-07-16,6.58,6.65,6.55,6.61,710.0,469.49
600840.SH,2003-07-17,6.63,6.63,6.46,6.6,2429.38,1584.68
600840.SH,2003-07-18,6.58,6.58,6.4,6.41,3850.49,2487.15
600840.SH,2003-07-21,6.55,6.55,6.28,6.29,1041.8,660.73
600840.SH,2003-07-22,6.32,6.36,6.26,6.31,1306.27,823.3
600840.SH,2003-07-23,6.3,6.39,6.29,6.35,807.0,509.49
600840.SH,2003-07-24,6.33,6.36,6.29,6.34,736.0,465.21
600840.SH,2003-07-25,6.34,6.35,6.2,6.29,1036.8,651.39
600840.SH,2003-07-28,6.18,6.2,6.1,6.2,915.0,562.78
600840.SH,2003-07-29,6.2,6.2,6.13,6.2,464.13,286.89
600840.SH,2003-07-30,6.26,6.26,6.17,6.19,486.0,301.54
600840.SH,2003-07-31,6.2,6.25,6.18,6.2,517.0,321.11
600840.SH,2003-08-01,6.18,6.25,6.08,6.24,702.92,433.95
600840.SH,2003-08-05,6.29,6.36,6.26,6.33,1189.15,751.03
600840.SH,2003-08-06,6.34,6.35,6.24,6.33,838.0,527.23
600840.SH,2003-08-07,6.32,6.32,6.25,6.29,660.92,415.43
600840.SH,2003-08-08,6.29,6.29,6.21,6.22,412.0,257.53
600840.SH,2003-08-11,6.18,6.41,6.18,6.23,352.72,219.18
600840.SH,2003-08-12,6.21,6.35,6.2,6.33,958.99,604.2
600840.SH,2003-08-13,6.28,6.33,6.25,6.28,360.49,225.76
600840.SH,2003-08-14,6.34,6.35,6.18,6.24,602.81,375.35
600840.SH,2003-08-15,6.4,6.4,6.22,6.32,889.5,561.18
600840.SH,2003-08-18,6.39,6.5,6.38,6.45,3884.86,2503.02
600840.SH,2003-08-19,6.43,6.51,6.41,6.46,2484.39,1611.03
600840.SH,2003-08-20,6.45,6.46,6.33,6.36,1000.0,637.21
600840.SH,2003-08-21,6.36,6.36,6.23,6.34,585.83,370.3
600840.SH,2003-08-22,6.3,6.32,6.25,6.28,829.0,521.24
600840.SH,2003-08-25,6.28,6.28,6.17,6.2,992.63,616.9
600840.SH,2003-08-26,6.21,6.28,6.14,6.19,766.0,473.94
600840.SH,2003-08-27,6.19,6.22,6.11,6.2,1319.82,811.59
600840.SH,2003-08-28,6.15,6.2,6.12,6.13,641.0,394.79
600840.SH,2003-08-29,6.09,6.22,6.09,6.2,584.0,358.88
600840.SH,2003-09-01,6.22,6.3,6.14,6.3,1770.5,1104.93
600840.SH,2003-09-02,6.32,6.35,6.25,6.25,1206.42,758.04
600840.SH,2003-09-03,6.24,6.32,6.21,6.3,2720.15,1708.71
600840.SH,2003-09-04,6.31,6.41,6.28,6.28,1662.0,1055.1
600840.SH,2003-09-05,6.25,6.27,6.2,6.22,603.7,376.15
600840.SH,2003-09-08,6.18,6.3,6.18,6.24,801.44,499.15
600840.SH,2003-09-09,6.24,6.37,6.23,6.36,1853.22,1167.47
600840.SH,2003-09-10,6.3,6.35,6.28,6.29,404.18,255.1
600840.SH,2003-09-11,6.3,6.36,6.29,6.33,640.0,405.13
600840.SH,2003-09-12,6.33,6.33,6.1,6.15,968.0,596.83
600840.SH,2003-09-15,6.1,6.2,5.97,6.0,1978.0,1196.49
600840.SH,2003-09-16,6.1,6.1,5.91,6.01,1869.93,1116.99
600840.SH,2003-09-17,5.99,6.0,5.88,5.9,803.0,475.74
600840.SH,2003-09-18,5.86,5.95,5.86,5.86,815.48,479.9
600840.SH,2003-09-19,5.83,6.0,5.8,5.85,674.0,393.63
600840.SH,2003-09-22,5.95,5.95,5.85,5.9,671.0,394.79
600840.SH,2003-09-23,5.81,5.94,5.81,5.93,406.0,238.54
600840.SH,2003-09-24,5.88,5.98,5.88,5.98,1236.8,732.42
600840.SH,2003-09-25,5.99,6.09,5.86,5.9,555.0,330.79
600840.SH,2003-09-26,5.9,5.9,5.71,5.75,571.5,330.7
600840.SH,2003-09-29,5.71,5.79,5.64,5.65,763.0,432.96
600840.SH,2003-09-30,5.62,5.79,5.62,5.69,363.0,206.31
600840.SH,2003-10-08,5.7,5.7,5.53,5.63,422.0,237.25
600840.SH,2003-10-09,5.6,5.68,5.5,5.6,905.0,506.62
600840.SH,2003-10-10,5.59,5.8,5.59,5.78,1396.03,797.66
600840.SH,2003-10-13,5.99,5.99,5.75,5.77,1924.2,1125.19
600840.SH,2003-10-14,5.78,5.8,5.72,5.78,407.0,234.37
600840.SH,2003-10-15,5.87,6.0,5.72,5.72,971.0,567.99
600840.SH,2003-10-16,5.7,5.7,5.55,5.55,1265.89,707.3
600840.SH,2003-10-17,5.56,5.6,5.51,5.52,1316.85,729.56
600840.SH,2003-10-21,5.5,5.6,5.43,5.56,828.0,454.73
600840.SH,2003-10-22,5.56,5.65,5.46,5.63,1608.45,899.71
600840.SH,2003-10-23,5.65,5.68,5.56,5.56,1209.0,680.73
600840.SH,2003-10-24,5.55,5.55,5.33,5.35,2194.0,1188.14
600840.SH,2003-10-27,5.4,5.4,5.06,5.1,3680.22,1892.71
600840.SH,2003-10-28,5.1,5.15,5.03,5.11,2254.82,1147.8
600840.SH,2003-10-29,5.16,5.16,4.92,4.97,2052.52,1027.25
600840.SH,2003-10-30,4.98,5.04,4.97,5.03,1521.38,761.46
600840.SH,2003-10-31,5.0,5.11,4.88,5.0,2289.83,1149.51
600840.SH,2003-11-03,4.99,5.0,4.8,4.96,3381.93,1654.21
600840.SH,2003-11-04,4.97,5.11,4.86,5.0,7240.44,3598.44
600840.SH,2003-11-05,5.02,5.02,4.82,4.89,3093.0,1528.11
600840.SH,2003-11-06,4.89,4.89,4.51,4.55,3103.61,1432.92
600840.SH,2003-11-07,4.58,4.69,4.3,4.6,4407.6,1989.17
600840.SH,2003-11-10,4.5,4.59,4.4,4.5,1660.5,744.27
600840.SH,2003-11-11,4.52,4.74,4.4,4.68,5394.85,2464.01
600840.SH,2003-11-12,4.9,4.98,4.65,4.74,21121.8,10087.98
600840.SH,2003-11-13,4.7,4.76,4.56,4.73,6127.78,2858.9
600840.SH,2003-11-14,4.68,4.87,4.6,4.87,6082.7,2920.4
600840.SH,2003-11-17,4.87,4.9,4.75,4.89,3439.81,1654.74
600840.SH,2003-11-18,4.89,4.89,4.65,4.67,2311.0,1094.34
600840.SH,2003-11-19,4.65,4.87,4.61,4.79,4213.7,2023.62
600840.SH,2003-11-20,4.85,5.22,4.8,5.22,19303.15,9755.52
600840.SH,2003-11-21,5.2,5.24,4.98,4.98,9493.79,4843.63
600840.SH,2003-11-24,4.95,5.22,4.92,5.2,7881.13,4043.29
600840.SH,2003-11-25,5.21,5.45,5.14,5.25,13636.72,7219.68
600840.SH,2003-11-26,5.23,5.32,5.17,5.26,5422.99,2840.43
600840.SH,2003-11-27,5.25,5.25,5.01,5.04,5007.5,2557.93
600840.SH,2003-11-28,5.02,5.1,5.0,5.09,5103.49,2575.47
600840.SH,2003-12-01,5.07,5.22,5.06,5.22,5937.12,3073.02
600840.SH,2003-12-02,5.27,5.41,5.22,5.41,12624.02,6733.8
600840.SH,2003-12-03,5.38,5.41,5.26,5.34,5859.02,3134.83
600840.SH,2003-12-04,5.3,5.34,5.2,5.32,4404.8,2316.1
600840.SH,2003-12-05,5.3,5.48,5.3,5.47,8581.58,4644.57
600840.SH,2003-12-08,5.45,5.47,5.3,5.3,3558.02,1907.0
600840.SH,2003-12-09,5.25,5.31,5.16,5.27,4019.99,2098.63
600840.SH,2003-12-10,5.27,5.38,5.2,5.34,4029.4,2134.01
600840.SH,2003-12-11,5.36,5.46,5.29,5.46,6258.95,3384.43
600840.SH,2003-12-12,5.48,5.62,5.4,5.43,9444.0,5214.39
600840.SH,2003-12-15,5.44,5.48,5.36,5.4,3347.64,1804.94
600840.SH,2003-12-16,5.39,5.45,5.18,5.31,4696.15,2472.54
600840.SH,2003-12-17,5.26,5.29,5.12,5.12,3771.68,1971.1
600840.SH,2003-12-18,5.12,5.2,4.98,5.07,3628.5,1840.61
600840.SH,2003-12-19,5.07,5.1,4.65,4.72,5820.06,2806.81
600840.SH,2003-12-22,4.7,4.89,4.52,4.88,5668.3,2658.17
600840.SH,2003-12-23,4.89,4.92,4.81,4.88,4155.19,2017.82
600840.SH,2003-12-24,4.82,4.92,4.82,4.9,3101.44,1510.11
600840.SH,2003-12-25,4.91,4.96,4.77,4.83,2327.87,1128.57
600840.SH,2003-12-26,4.76,4.88,4.76,4.85,1568.4,760.16
600840.SH,2003-12-29,4.85,4.86,4.72,4.79,2063.0,986.53
600840.SH,2003-12-30,4.77,4.81,4.7,4.81,3584.71,1696.28
600840.SH,2003-12-31,4.77,4.81,4.75,4.79,1381.0,659.33
600840.SH,2004-01-02,4.86,4.95,4.78,4.91,2876.34,1397.9
600840.SH,2004-01-05,4.93,4.94,4.79,4.83,3753.12,1818.11
600840.SH,2004-01-06,4.8,4.81,4.63,4.68,4983.93,2338.12
600840.SH,2004-01-07,4.65,4.78,4.65,4.76,5492.52,2582.13
600840.SH,2004-01-08,4.76,5.04,4.7,5.03,12380.89,6057.28
600840.SH,2004-01-09,5.02,5.29,4.96,5.19,18670.09,9593.14
600840.SH,2004-01-12,5.3,5.55,5.29,5.4,34859.29,18928.35
600840.SH,2004-01-13,5.4,5.48,5.35,5.46,10430.93,5633.24
600840.SH,2004-01-14,5.5,5.53,5.31,5.35,5520.04,2972.5
600840.SH,2004-01-15,5.32,5.34,5.23,5.28,5049.5,2667.53
600840.SH,2004-01-16,5.26,5.5,5.26,5.44,6394.82,3459.87
600840.SH,2004-01-29,5.44,5.68,5.44,5.67,8142.62,4547.02
600840.SH,2004-01-30,5.6,5.75,5.36,5.45,8868.0,4948.01
600840.SH,2004-02-02,5.5,5.68,5.43,5.68,10725.71,5992.59
600840.SH,2004-02-03,5.7,5.86,5.66,5.84,13783.42,7999.03
600840.SH,2004-02-04,5.86,5.95,5.7,5.9,11131.56,6500.53
600840.SH,2004-02-05,5.9,5.95,5.75,5.95,10150.21,5941.86
600840.SH,2004-02-06,5.95,6.55,5.81,6.38,44875.27,28413.19
600840.SH,2004-02-09,6.3,6.35,6.21,6.34,18874.86,11849.7
600840.SH,2004-02-10,6.34,6.68,6.34,6.42,17424.74,11339.35
600840.SH,2004-02-11,6.43,6.45,6.27,6.38,9480.34,6005.07
600840.SH,2004-02-12,6.36,6.49,6.3,6.46,9516.48,6089.67
600840.SH,2004-02-13,6.44,6.45,6.2,6.21,9044.56,5728.8
600840.SH,2004-02-16,6.19,6.44,6.16,6.4,6641.72,4205.78
600840.SH,2004-02-17,6.4,6.63,6.34,6.6,14220.31,9291.49
600840.SH,2004-02-18,6.59,6.7,6.5,6.61,10272.04,6795.11
600840.SH,2004-02-19,6.63,6.65,6.48,6.59,8511.98,5574.65
600840.SH,2004-02-20,6.59,6.6,6.46,6.58,6935.89,4523.06
600840.SH,2004-02-23,6.68,6.68,6.46,6.46,6253.0,4110.28
600840.SH,2004-02-24,6.32,6.4,6.11,6.25,9693.01,6077.1
600840.SH,2004-02-25,6.25,6.41,6.01,6.02,7634.37,4765.49
600840.SH,2004-02-26,6.0,6.04,5.85,5.93,7548.62,4471.66
600840.SH,2004-02-27,5.94,6.14,5.93,6.12,5769.16,3491.91
600840.SH,2004-03-01,6.12,6.5,6.12,6.46,11339.51,7226.14
600840.SH,2004-03-02,6.55,6.55,6.37,6.45,5851.1,3771.25
600840.SH,2004-03-03,6.42,6.42,6.2,6.23,4683.36,2950.72
600840.SH,2004-03-04,6.2,6.48,6.15,6.47,7600.48,4859.12
600840.SH,2004-03-05,6.48,6.5,6.25,6.37,8270.57,5259.04
600840.SH,2004-03-08,6.32,7.01,6.28,7.01,48356.81,32642.33
600840.SH,2004-03-09,6.87,7.08,6.73,6.9,31016.91,21339.53
600840.SH,2004-03-10,6.7,6.95,6.7,6.93,12252.23,8332.76
600840.SH,2004-03-11,6.91,7.47,6.8,7.2,28746.14,20648.83
600840.SH,2004-03-12,7.1,7.34,7.06,7.09,13326.08,9535.93
600840.SH,2004-03-15,7.09,7.2,7.01,7.14,9954.14,7059.92
600840.SH,2004-03-16,7.18,7.39,6.98,7.25,12692.83,9119.19
600840.SH,2004-03-17,7.25,7.28,7.11,7.19,6796.96,4890.69
600840.SH,2004-03-18,7.24,7.29,6.9,6.97,9012.83,6400.43
600840.SH,2004-03-19,6.98,7.1,6.81,7.09,8318.07,5771.71
600840.SH,2004-03-22,6.99,7.07,6.92,7.03,5955.55,4160.6
600840.SH,2004-03-23,7.0,7.05,6.87,7.02,3520.13,2450.13
600840.SH,2004-03-24,7.02,7.27,7.02,7.12,8901.3,6380.13
600840.SH,2004-03-25,7.1,7.17,6.96,7.05,4946.0,3494.37
600840.SH,2004-03-26,7.01,7.1,6.97,6.98,4279.45,2995.17
600840.SH,2004-03-29,6.96,7.09,6.95,6.96,2717.5,1902.45
600840.SH,2004-03-30,6.94,6.99,6.77,6.88,4701.07,3219.67
600840.SH,2004-03-31,6.89,7.13,6.78,7.1,5641.56,3960.92
600840.SH,2004-04-01,7.15,7.15,7.04,7.12,4285.33,3042.96
600840.SH,2004-04-02,7.12,7.27,7.1,7.26,7969.24,5731.78
600840.SH,2004-04-05,7.32,7.69,7.15,7.39,14349.22,10675.96
600840.SH,2004-04-06,7.42,7.67,7.37,7.58,16814.62,12731.0
600840.SH,2004-04-07,7.58,7.6,7.35,7.45,7865.47,5863.94
600840.SH,2004-04-08,7.44,7.6,7.37,7.56,8787.0,6572.73
600840.SH,2004-04-12,7.3,7.46,7.04,7.33,10205.18,7480.5
600840.SH,2004-04-13,7.34,7.38,7.2,7.22,6362.56,4636.37
600840.SH,2004-04-14,7.2,7.28,6.98,7.05,7068.62,5032.79
600840.SH,2004-04-15,7.16,7.16,7.01,7.02,3948.0,2793.87
600840.SH,2004-04-16,7.02,7.07,6.82,6.97,4807.89,3347.48
600840.SH,2004-04-19,6.96,7.06,6.87,6.98,2827.36,1981.53
600840.SH,2004-04-20,6.95,7.09,6.95,7.03,4516.98,3178.26
600840.SH,2004-04-21,7.13,7.13,6.9,6.96,6036.88,4240.12
600840.SH,2004-04-22,6.95,6.97,6.65,6.8,4240.1,2881.51
600840.SH,2004-04-23,6.78,6.85,6.6,6.64,2540.5,1702.47
600840.SH,2004-04-26,6.64,6.64,6.32,6.54,5497.35,3542.37
600840.SH,2004-04-27,6.54,6.65,6.35,6.62,4474.5,2905.12
600840.SH,2004-04-28,6.35,6.67,6.35,6.61,3613.46,2370.27
600840.SH,2004-04-29,6.45,6.61,6.25,6.25,4335.0,2768.22
600840.SH,2004-04-30,6.2,6.35,6.08,6.24,2948.27,1826.59
600840.SH,2004-05-10,6.38,6.45,6.04,6.08,2519.05,1575.54
600840.SH,2004-05-11,6.1,6.1,6.0,6.04,1521.0,920.1
600840.SH,2004-05-12,6.01,6.19,6.0,6.18,10621.37,6463.72
600840.SH,2004-05-13,6.18,6.18,6.03,6.07,3528.01,2152.29
600840.SH,2004-05-14,6.07,6.08,5.8,5.83,4092.0,2431.67
600840.SH,2004-05-17,5.75,5.94,5.71,5.82,1618.95,943.72
600840.SH,2004-05-18,5.75,5.88,5.7,5.87,4364.93,2533.53
600840.SH,2004-05-19,5.86,5.99,5.86,5.92,6560.0,3888.4
600840.SH,2004-05-20,5.92,6.03,5.82,5.9,2741.0,1619.84
600840.SH,2004-05-21,5.9,5.95,5.81,5.95,2322.17,1366.63
600840.SH,2004-05-24,5.95,5.95,5.75,5.78,3194.0,1860.48
600840.SH,2004-05-25,5.78,5.78,5.52,5.52,3760.0,2114.01
600840.SH,2004-05-26,5.5,5.56,5.45,5.45,3859.89,2122.62
600840.SH,2004-05-27,5.46,5.64,5.41,5.58,10868.0,6045.96
600840.SH,2004-05-28,5.62,5.66,5.57,5.62,6726.0,3770.57
600840.SH,2004-05-31,5.68,5.88,5.65,5.78,16587.73,9585.22
600840.SH,2004-06-01,5.78,6.07,5.7,6.0,17669.98,10387.2
600840.SH,2004-06-02,6.03,6.18,6.0,6.12,14488.3,8791.53
600840.SH,2004-06-03,6.06,6.08,5.88,5.91,7692.6,4568.89
600840.SH,2004-06-04,5.9,5.98,5.84,5.92,4939.8,2915.24
600840.SH,2004-06-07,5.92,6.12,5.85,6.04,8050.76,4842.51
600840.SH,2004-06-08,6.0,6.0,5.7,5.74,7465.68,4351.86
600840.SH,2004-06-09,5.73,5.81,5.42,5.44,7192.38,4026.43
600840.SH,2004-06-10,5.46,5.55,5.35,5.43,4137.42,2256.07
600840.SH,2004-06-11,5.45,5.66,5.43,5.53,4622.15,2583.61
600840.SH,2004-06-14,5.54,5.59,5.22,5.25,3857.59,2086.11
600840.SH,2004-06-15,5.25,5.44,5.21,5.41,3178.59,1690.27
600840.SH,2004-06-16,5.43,5.47,5.33,5.42,2363.68,1281.39
600840.SH,2004-06-17,5.37,5.43,5.1,5.12,3786.0,1988.99
600840.SH,2004-06-18,5.05,5.17,5.01,5.12,2729.69,1390.51
600840.SH,2004-06-21,5.15,5.28,5.13,5.28,2437.45,1273.98
600840.SH,2004-06-22,5.29,5.43,5.18,5.37,2721.25,1457.04
600840.SH,2004-06-23,5.4,5.4,5.15,5.29,1417.59,743.98
600840.SH,2004-06-24,5.29,5.35,5.18,5.33,2850.61,1502.6
600840.SH,2004-06-25,5.22,5.24,5.07,5.12,3306.0,1704.96
600840.SH,2004-06-28,5.08,5.2,5.02,5.19,1806.98,921.84
600840.SH,2004-06-29,5.2,5.29,5.05,5.2,5195.88,2693.4
600840.SH,2004-06-30,5.2,5.22,5.03,5.05,2424.37,1234.79
600840.SH,2004-07-01,5.05,5.27,5.02,5.26,2714.21,1411.33
600840.SH,2004-07-02,5.25,5.28,5.15,5.22,1559.49,812.3
600840.SH,2004-07-05,5.2,5.45,5.06,5.43,5328.71,2823.64
600840.SH,2004-07-06,5.48,5.65,5.36,5.57,11513.99,6364.85
600840.SH,2004-07-07,5.59,5.59,5.42,5.49,4172.62,2301.61
600840.SH,2004-07-08,5.48,5.55,5.42,5.55,2592.39,1423.21
600840.SH,2004-07-09,5.55,5.58,5.46,5.48,1805.0,996.14
600840.SH,2004-07-12,5.45,5.45,5.2,5.21,3028.0,1607.72
600840.SH,2004-07-13,5.2,5.3,5.15,5.23,1374.0,717.17
600840.SH,2004-07-14,5.21,5.28,5.1,5.24,1813.4,938.33
600840.SH,2004-07-15,5.24,5.31,5.16,5.24,2078.0,1085.51
600840.SH,2004-07-16,5.28,5.47,5.24,5.44,3360.0,1812.5
600840.SH,2004-07-19,5.48,5.48,5.37,5.41,2349.81,1271.53
600840.SH,2004-07-20,5.41,5.41,5.34,5.39,1409.58,755.29
600840.SH,2004-07-21,5.38,5.43,5.35,5.4,1272.3,685.25
600840.SH,2004-07-22,5.36,5.37,5.15,5.17,1780.0,937.05
600840.SH,2004-07-23,5.15,5.2,5.15,5.2,1272.0,656.89
600840.SH,2004-07-26,5.17,5.17,5.09,5.1,958.0,489.33
600840.SH,2004-07-27,5.2,5.2,5.05,5.1,1274.0,647.37
600840.SH,2004-07-28,5.28,5.28,5.1,5.14,693.32,355.63
600840.SH,2004-07-29,5.26,5.26,5.15,5.25,830.0,433.47
600840.SH,2004-07-30,5.25,5.25,5.12,5.12,723.0,373.22
600840.SH,2004-08-02,5.08,5.12,5.0,5.07,1237.01,624.83
600840.SH,2004-08-03,5.03,5.08,5.02,5.04,1080.0,543.93
600840.SH,2004-08-04,5.04,5.22,5.03,5.18,1423.0,735.88
600840.SH,2004-08-05,5.2,5.24,5.1,5.12,726.25,373.75
600840.SH,2004-08-06,5.1,5.18,5.02,5.09,1027.0,523.18
600840.SH,2004-08-09,5.09,5.15,5.07,5.12,543.0,278.33
600840.SH,2004-08-10,5.12,5.16,5.06,5.13,369.34,188.86
600840.SH,2004-08-11,5.1,5.12,5.05,5.1,568.0,288.94
600840.SH,2004-08-12,5.1,5.1,4.8,4.83,3923.0,1913.09
600840.SH,2004-08-13,4.9,4.93,4.8,4.9,895.18,434.56
600840.SH,2004-08-16,4.9,5.03,4.9,4.93,2042.68,1010.48
600840.SH,2004-08-17,4.92,4.99,4.9,4.94,1251.0,618.47
600840.SH,2004-08-18,4.95,5.03,4.89,4.96,1874.5,930.91
600840.SH,2004-08-19,4.96,4.96,4.86,4.88,1383.0,675.97
600840.SH,2004-08-20,5.05,5.05,4.87,4.95,1166.65,575.01
600840.SH,2004-08-23,4.9,4.96,4.88,4.92,746.5,366.67
600840.SH,2004-08-24,4.77,5.02,4.77,5.0,1536.0,765.05
600840.SH,2004-08-25,5.0,5.04,4.93,5.03,1329.0,664.97
600840.SH,2004-08-26,4.55,5.01,4.55,5.0,1384.15,684.6
600840.SH,2004-08-27,4.82,4.98,4.81,4.91,1173.0,576.3
600840.SH,2004-08-30,4.9,4.9,4.83,4.85,615.1,299.06
600840.SH,2004-08-31,4.98,5.05,4.9,4.96,1416.0,703.68
600840.SH,2004-09-01,4.91,4.95,4.87,4.92,617.05,302.26
600840.SH,2004-09-02,4.89,4.97,4.81,4.95,1147.95,559.85
600840.SH,2004-09-03,4.96,4.99,4.93,4.97,736.0,363.75
600840.SH,2004-09-06,4.93,5.01,4.92,4.98,622.0,309.38
600840.SH,2004-09-07,4.85,5.0,4.85,4.99,597.0,296.65
600840.SH,2004-09-08,4.98,5.03,4.96,5.01,547.0,272.47
600840.SH,2004-09-09,5.0,5.0,4.86,4.91,953.0,468.58
600840.SH,2004-09-10,4.85,4.95,4.85,4.94,895.0,438.52
600840.SH,2004-09-13,4.9,4.92,4.81,4.82,1371.0,664.05
600840.SH,2004-09-14,4.75,5.0,4.75,4.96,1676.0,823.83
600840.SH,2004-09-15,4.95,5.34,4.95,5.21,5860.89,3035.0
600840.SH,2004-09-16,5.1,5.31,5.1,5.23,3879.52,2017.86
600840.SH,2004-09-17,5.27,5.39,5.22,5.35,5188.4,2755.07
600840.SH,2004-09-20,5.35,5.62,5.33,5.6,7109.86,3915.43
600840.SH,2004-09-21,5.6,5.6,5.46,5.51,5575.89,3077.26
600840.SH,2004-09-22,5.48,5.58,5.44,5.56,6385.9,3513.5
600840.SH,2004-09-23,5.58,5.6,5.43,5.58,4597.46,2538.08
600840.SH,2004-09-24,5.64,5.89,5.4,5.54,10408.0,5987.85
600840.SH,2004-09-27,5.59,5.66,5.43,5.47,2516.0,1388.58
600840.SH,2004-09-28,5.73,5.73,5.48,5.54,2269.99,1260.59
600840.SH,2004-09-29,5.55,5.66,5.47,5.48,1235.5,681.88
600840.SH,2004-09-30,5.47,5.47,5.31,5.32,1771.79,953.16
600840.SH,2004-10-08,5.27,5.5,5.27,5.5,1880.8,1015.49
600840.SH,2004-10-11,5.5,5.58,5.4,5.48,3039.0,1678.53
600840.SH,2004-10-12,5.48,5.48,5.34,5.4,1468.51,791.94
600840.SH,2004-10-13,5.48,5.53,5.36,5.51,1166.95,636.43
600840.SH,2004-10-14,5.55,5.55,5.3,5.32,3139.0,1702.86
600840.SH,2004-10-15,5.3,5.37,5.18,5.27,2119.0,1120.19
600840.SH,2004-10-18,5.23,5.3,5.18,5.24,1072.0,560.11
600840.SH,2004-10-19,5.2,5.37,5.16,5.17,3107.13,1633.7
600840.SH,2004-10-20,5.15,5.17,4.91,5.02,2374.94,1194.31
600840.SH,2004-10-21,5.05,5.08,4.94,4.94,1729.0,862.61
600840.SH,2004-10-22,4.95,5.02,4.85,5.01,1809.4,893.74
600840.SH,2004-10-25,5.15,5.15,4.96,4.97,1268.0,635.22
600840.SH,2004-10-26,4.87,5.12,4.87,5.06,785.07,392.52
600840.SH,2004-10-27,5.02,5.24,5.01,5.21,1938.95,993.57
600840.SH,2004-10-28,5.28,5.35,5.15,5.24,1939.39,1013.09
600840.SH,2004-10-29,5.01,5.15,4.99,5.01,3249.98,1643.78
600840.SH,2004-11-01,4.93,4.98,4.61,4.82,2327.69,1124.83
600840.SH,2004-11-02,4.8,4.8,4.69,4.72,1726.0,816.53
600840.SH,2004-11-03,4.74,4.8,4.65,4.76,1607.7,761.15
600840.SH,2004-11-04,4.78,4.83,4.68,4.7,1164.0,555.47
600840.SH,2004-11-05,4.72,4.79,4.66,4.68,1655.9,779.92
600840.SH,2004-11-08,4.68,4.75,4.61,4.69,1086.51,505.23
600840.SH,2004-11-09,4.62,4.73,4.62,4.7,447.0,209.82
600840.SH,2004-11-10,4.66,4.95,4.62,4.89,2239.26,1078.42
600840.SH,2004-11-11,4.88,4.98,4.85,4.86,3428.12,1686.93
600840.SH,2004-11-12,4.83,4.89,4.76,4.79,1659.21,798.68
600840.SH,2004-11-15,4.82,4.9,4.74,4.88,2165.48,1041.05
600840.SH,2004-11-16,4.9,4.9,4.82,4.83,1368.0,663.08
600840.SH,2004-11-17,4.8,4.81,4.74,4.76,1480.5,706.27
600840.SH,2004-11-18,4.76,4.96,4.72,4.93,3034.54,1480.0
600840.SH,2004-11-19,4.9,5.1,4.86,5.03,3338.67,1673.41
600840.SH,2004-11-22,5.05,5.1,5.0,5.1,2423.5,1225.85
600840.SH,2004-11-23,5.1,5.35,5.01,5.3,7642.1,4019.64
600840.SH,2004-11-24,5.25,5.44,5.19,5.4,7721.41,4111.91
600840.SH,2004-11-25,5.4,5.4,5.21,5.25,3928.52,2073.17
600840.SH,2004-11-26,5.24,5.27,5.18,5.19,2124.7,1109.28
600840.SH,2004-11-29,5.23,5.25,5.02,5.08,2093.0,1075.13
600840.SH,2004-11-30,5.02,5.15,5.01,5.12,1616.6,820.39
600840.SH,2004-12-01,5.13,5.44,5.12,5.31,5096.0,2708.98
600840.SH,2004-12-02,5.3,5.35,5.23,5.35,3143.2,1668.13
600840.SH,2004-12-03,5.32,5.4,5.27,5.31,2049.0,1094.71
600840.SH,2004-12-06,5.3,5.33,5.21,5.28,2040.7,1075.42
600840.SH,2004-12-07,5.3,5.3,5.16,5.19,1165.0,608.32
600840.SH,2004-12-08,5.23,5.26,5.1,5.19,1575.0,810.71
600840.SH,2004-12-09,5.12,5.28,5.1,5.18,2014.49,1050.2
600840.SH,2004-12-13,5.08,5.08,4.88,5.02,1779.0,892.61
600840.SH,2004-12-14,4.96,5.09,4.96,5.0,691.0,345.69
600840.SH,2004-12-15,5.0,5.04,4.9,5.04,1791.0,885.82
600840.SH,2004-12-16,4.96,5.01,4.94,4.94,551.29,273.51
600840.SH,2004-12-17,4.98,4.99,4.88,4.94,842.99,416.07
600840.SH,2004-12-20,4.94,5.04,4.92,4.94,655.0,324.48
600840.SH,2004-12-21,4.98,5.05,4.93,5.02,960.0,478.19
600840.SH,2004-12-22,5.06,5.15,5.02,5.13,1571.0,798.4
600840.SH,2004-12-23,5.15,5.15,5.02,5.03,612.2,310.68
600840.SH,2004-12-24,5.21,5.21,5.03,5.12,1500.25,769.1
600840.SH,2004-12-27,5.15,5.36,5.12,5.31,6618.57,3499.91
600840.SH,2004-12-28,5.34,5.35,5.26,5.33,3772.04,1999.84
600840.SH,2004-12-29,5.3,5.32,5.22,5.28,2833.49,1493.61
600840.SH,2004-12-30,5.3,5.53,5.28,5.41,8485.85,4611.17
600840.SH,2004-12-31,5.43,5.43,5.21,5.35,3017.2,1616.31
600840.SH,2005-01-04,5.3,5.39,5.23,5.37,2187.0,1163.05
600840.SH,2005-01-05,5.38,5.51,5.37,5.43,2807.1,1527.4
600840.SH,2005-01-06,5.43,5.43,5.28,5.29,1705.48,911.77
600840.SH,2005-01-07,5.27,5.52,5.24,5.4,4518.0,2447.78
600840.SH,2005-01-10,5.38,5.49,5.38,5.47,2759.49,1503.72
600840.SH,2005-01-11,5.47,5.87,5.43,5.73,17418.96,9942.11
600840.SH,2005-01-12,5.75,5.9,5.65,5.86,13049.06,7548.73
600840.SH,2005-01-13,5.86,5.95,5.76,5.89,12662.9,7426.81
600840.SH,2005-01-14,5.82,5.91,5.62,5.63,10065.0,5800.03
600840.SH,2005-01-17,5.56,5.76,5.54,5.73,6681.32,3794.32
600840.SH,2005-01-18,5.74,5.89,5.65,5.83,6816.37,3924.12
600840.SH,2005-01-19,5.82,5.85,5.7,5.73,4976.8,2879.46
600840.SH,2005-01-20,5.72,5.86,5.67,5.86,6705.24,3879.09
600840.SH,2005-01-21,5.86,5.92,5.67,5.86,9158.78,5335.75
600840.SH,2005-01-24,5.98,6.08,5.88,6.02,9586.72,5704.31
600840.SH,2005-01-25,6.02,6.57,5.93,6.44,31312.64,19932.2
600840.SH,2005-01-26,6.41,6.99,6.38,6.96,41228.08,27478.16
600840.SH,2005-01-27,6.9,7.1,6.65,6.67,45150.46,30934.81
600840.SH,2005-01-28,6.6,6.87,6.31,6.36,28684.94,18882.03
600840.SH,2005-01-31,6.31,6.6,6.28,6.43,20969.62,13545.07
600840.SH,2005-02-01,6.43,6.49,5.95,6.03,21738.42,13398.82
600840.SH,2005-02-02,6.03,6.48,5.79,6.45,23942.74,14571.55
600840.SH,2005-02-03,6.32,6.38,6.07,6.07,16921.02,10511.26
600840.SH,2005-02-04,6.07,6.38,6.07,6.26,10479.4,6553.15
600840.SH,2005-02-16,6.3,6.74,6.28,6.54,13162.51,8556.25
600840.SH,2005-02-17,6.49,6.6,6.42,6.53,7040.3,4590.56
600840.SH,2005-02-18,6.55,6.63,6.25,6.29,6372.59,4105.61
600840.SH,2005-02-21,6.31,6.53,6.26,6.51,6032.39,3887.41
600840.SH,2005-02-22,6.56,6.77,6.43,6.66,10910.41,7229.02
600840.SH,2005-02-23,6.65,6.68,6.5,6.61,7668.38,5057.31
600840.SH,2005-02-24,6.61,6.61,6.38,6.54,6773.09,4375.7
600840.SH,2005-02-25,6.5,6.72,6.44,6.47,9231.0,6057.03
600840.SH,2005-02-28,6.7,6.85,6.6,6.74,19059.23,12816.92
600840.SH,2005-03-01,6.8,7.04,6.78,6.95,24548.96,17028.85
600840.SH,2005-03-02,6.81,6.95,6.48,6.51,14606.11,9767.43
600840.SH,2005-03-03,6.5,6.58,6.32,6.56,9017.25,5794.11
600840.SH,2005-03-04,6.46,6.55,6.3,6.37,7909.07,5061.47
600840.SH,2005-03-07,6.34,6.49,6.34,6.42,3403.31,2179.45
600840.SH,2005-03-08,6.41,6.51,6.39,6.5,6125.64,3953.12
600840.SH,2005-03-09,6.5,6.6,6.33,6.34,7939.95,5099.29
600840.SH,2005-03-10,6.3,6.32,6.04,6.05,10609.33,6510.95
600840.SH,2005-03-11,5.99,6.39,5.99,6.25,7738.56,4839.43
600840.SH,2005-03-14,6.01,6.22,5.99,6.08,9693.1,5906.07
600840.SH,2005-03-15,6.08,6.26,6.05,6.16,5661.92,3481.64
600840.SH,2005-03-16,6.07,6.18,6.01,6.01,3751.49,2278.74
600840.SH,2005-03-17,6.0,6.0,5.72,5.75,7688.57,4500.29
600840.SH,2005-03-18,5.68,5.79,5.53,5.59,10683.08,5993.16
600840.SH,2005-03-21,5.59,5.59,5.41,5.44,7547.3,4117.82
600840.SH,2005-03-22,5.44,5.44,5.09,5.12,8619.0,4544.98
600840.SH,2005-03-23,5.18,5.3,5.02,5.23,6227.12,3229.9
600840.SH,2005-03-24,5.27,5.27,5.11,5.25,5038.65,2623.42
600840.SH,2005-03-25,5.25,5.37,5.2,5.31,7939.16,4214.29
600840.SH,2005-03-28,5.33,5.5,5.11,5.26,4075.0,2147.38
600840.SH,2005-03-29,5.26,5.34,5.12,5.14,2421.0,1266.67
600840.SH,2005-03-30,5.18,5.33,4.89,5.1,6865.22,3487.15
600840.SH,2005-03-31,5.0,5.09,4.98,5.01,1498.02,752.65
600840.SH,2005-04-01,4.99,5.28,4.9,5.12,3860.31,1958.37
600840.SH,2005-04-04,5.03,5.07,4.9,4.95,5434.47,2711.68
600840.SH,2005-04-05,4.95,4.96,4.68,4.73,6556.4,3141.06
600840.SH,2005-04-06,4.7,4.9,4.69,4.81,5745.81,2753.63
600840.SH,2005-04-07,4.88,4.99,4.8,4.98,6447.67,3171.09
600840.SH,2005-04-08,4.98,5.12,4.91,5.07,5265.6,2655.6
600840.SH,2005-04-11,5.05,5.2,4.91,5.19,6874.8,3440.6
600840.SH,2005-04-12,5.28,5.31,5.05,5.06,7879.46,4080.12
600840.SH,2005-04-13,5.09,5.25,5.02,5.14,4755.6,2461.77
600840.SH,2005-04-14,5.17,5.22,5.0,5.11,2773.3,1420.59
600840.SH,2005-04-18,4.9,5.03,4.83,4.87,2255.3,1098.6
600840.SH,2005-04-19,4.87,4.9,4.82,4.9,1059.0,514.26
600840.SH,2005-04-20,4.9,4.9,4.78,4.88,792.64,383.4
600840.SH,2005-04-21,4.85,4.86,4.66,4.71,3070.0,1457.77
600840.SH,2005-04-22,4.7,4.72,4.34,4.47,2809.0,1290.06
600840.SH,2005-04-25,4.3,4.39,4.23,4.34,2848.13,1224.51
600840.SH,2005-04-26,4.3,4.41,4.3,4.39,1945.2,845.38
600840.SH,2005-04-27,4.4,4.59,4.4,4.43,2754.19,1235.6
600840.SH,2005-04-28,4.4,4.66,4.26,4.64,4112.89,1882.5
600840.SH,2005-04-29,4.67,4.67,4.4,4.54,5081.8,2293.41
600840.SH,2005-05-09,4.58,4.58,4.29,4.31,2697.0,1181.41
600840.SH,2005-05-10,4.3,4.42,4.21,4.35,2012.19,859.27
600840.SH,2005-05-11,4.35,4.35,4.21,4.26,2333.5,991.87
600840.SH,2005-05-12,4.15,4.16,3.83,3.83,18266.0,7038.44
600840.SH,2005-05-13,3.68,3.83,3.58,3.81,16070.19,5916.79
600840.SH,2005-05-16,3.7,3.74,3.61,3.67,8563.27,3143.62
600840.SH,2005-05-17,3.66,3.86,3.63,3.82,11400.54,4324.82
600840.SH,2005-05-18,3.81,4.09,3.77,4.01,21222.7,8380.28
600840.SH,2005-05-19,4.08,4.08,3.91,3.99,9714.51,3873.0
600840.SH,2005-05-20,3.99,4.06,3.9,3.93,4751.35,1898.57
600840.SH,2005-05-23,3.9,3.9,3.66,3.74,5277.91,1984.67
600840.SH,2005-05-24,3.71,3.94,3.69,3.88,3162.19,1209.72
600840.SH,2005-05-25,3.89,4.02,3.81,3.98,5119.33,2013.74
600840.SH,2005-05-26,3.95,3.99,3.87,3.91,2834.19,1109.05
600840.SH,2005-05-27,3.86,4.0,3.85,3.97,5544.31,2187.36
600840.SH,2005-05-30,4.0,4.06,3.93,4.04,5300.02,2125.75
600840.SH,2005-05-31,4.08,4.11,3.96,3.98,7717.4,3121.95
600840.SH,2005-06-01,3.98,4.05,3.8,3.89,3599.0,1401.5
600840.SH,2005-06-02,3.87,3.95,3.81,3.85,2556.0,989.62
600840.SH,2005-06-03,3.84,3.91,3.81,3.85,2095.43,807.43
600840.SH,2005-06-06,3.85,3.91,3.78,3.9,2035.51,781.84
600840.SH,2005-06-07,3.9,4.04,3.81,3.93,5717.2,2273.18
600840.SH,2005-06-08,3.91,4.27,3.91,4.26,12370.8,5086.01
600840.SH,2005-06-09,4.26,4.3,4.12,4.19,11469.5,4822.42
600840.SH,2005-06-10,4.15,4.45,4.14,4.28,10800.71,4638.76
600840.SH,2005-06-13,4.27,4.3,4.16,4.27,5417.42,2287.72
600840.SH,2005-06-14,4.25,4.28,4.05,4.05,5620.0,2337.18
600840.SH,2005-06-15,3.95,4.04,3.88,3.88,4314.6,1700.39
600840.SH,2005-06-16,3.88,3.92,3.8,3.88,3422.3,1317.18
600840.SH,2005-06-17,3.92,3.92,3.76,3.79,3991.0,1520.91
600840.SH,2005-06-20,3.82,3.93,3.73,3.93,4054.18,1563.22
600840.SH,2005-06-21,3.94,3.95,3.85,3.87,3009.0,1172.82
600840.SH,2005-06-22,3.83,3.92,3.82,3.92,1512.57,584.12
600840.SH,2005-06-23,3.93,3.95,3.85,3.88,2279.0,890.45
600840.SH,2005-06-24,3.84,3.88,3.8,3.88,1948.98,749.49
600840.SH,2005-06-27,4.0,4.05,3.92,3.99,5360.77,2146.67
600840.SH,2005-06-28,3.99,3.99,3.9,3.92,2752.92,1081.39
600840.SH,2005-06-29,3.95,4.16,3.94,4.09,12578.17,5143.49
600840.SH,2005-06-30,4.08,4.09,3.98,3.99,5398.88,2162.26
600840.SH,2005-07-01,3.93,4.0,3.6,3.79,8778.0,3300.23
600840.SH,2005-07-04,3.85,3.85,3.6,3.68,2803.08,1028.37
600840.SH,2005-07-05,3.72,3.72,3.61,3.64,1999.0,732.52
600840.SH,2005-07-06,3.63,3.68,3.6,3.62,1276.03,462.52
600840.SH,2005-07-07,3.6,3.72,3.6,3.71,1010.99,372.0
600840.SH,2005-07-08,3.88,3.88,3.5,3.6,2087.0,772.16
600840.SH,2005-07-11,3.78,3.78,3.59,3.6,2451.0,897.56
600840.SH,2005-07-12,3.58,3.71,3.5,3.7,1790.9,652.03
600840.SH,2005-07-13,3.66,3.71,3.63,3.68,1368.52,502.7
600840.SH,2005-07-14,3.66,3.72,3.66,3.72,1876.74,693.58
600840.SH,2005-07-15,3.7,3.74,3.52,3.53,3104.5,1105.94
600840.SH,2005-07-18,3.6,3.6,3.18,3.18,5789.0,1874.82
600840.SH,2005-07-19,3.1,3.24,3.06,3.16,2892.68,914.18
600840.SH,2005-07-20,3.17,3.24,3.15,3.24,2254.39,720.97
600840.SH,2005-07-21,3.24,3.25,3.13,3.18,1445.0,458.41
600840.SH,2005-07-22,3.24,3.41,3.21,3.35,6360.89,2106.99
600840.SH,2005-07-25,3.3,3.53,3.3,3.41,6760.0,2318.43
600840.SH,2005-07-26,3.42,3.6,3.42,3.55,6982.37,2462.4
600840.SH,2005-07-27,3.55,3.64,3.48,3.58,6137.28,2178.36
600840.SH,2005-07-28,3.56,3.58,3.5,3.5,5104.8,1805.12
600840.SH,2005-07-29,3.45,3.53,3.43,3.52,2563.2,893.46
600840.SH,2005-08-01,3.5,3.87,3.44,3.87,10167.16,3782.62
600840.SH,2005-08-02,3.87,4.21,3.82,4.04,36027.7,14611.5
600840.SH,2005-08-03,3.97,4.12,3.91,3.99,16819.26,6791.77
600840.SH,2005-08-04,3.96,4.09,3.93,4.05,8756.13,3519.84
600840.SH,2005-08-05,4.05,4.26,3.98,4.16,17408.05,7170.85
600840.SH,2005-08-09,4.16,4.17,4.0,4.14,11127.5,4526.82
600840.SH,2005-08-10,4.12,4.2,4.05,4.14,10585.39,4364.36
600840.SH,2005-08-11,4.12,4.29,4.08,4.23,16358.19,6827.56
600840.SH,2005-08-12,4.23,4.28,4.05,4.05,16181.24,6741.22
600840.SH,2005-08-15,4.05,4.11,3.91,4.1,13944.35,5565.63
600840.SH,2005-08-16,4.13,4.13,3.95,4.02,8791.5,3531.41
600840.SH,2005-08-17,4.02,4.06,3.9,4.04,11943.73,4741.42
600840.SH,2005-08-18,4.02,4.39,4.01,4.04,28853.29,12048.52
600840.SH,2005-08-19,3.66,4.1,3.66,3.86,14494.4,5565.14
600840.SH,2005-08-22,3.85,3.92,3.8,3.86,6043.19,2325.55
600840.SH,2005-08-23,3.81,3.86,3.55,3.64,9093.54,3354.96
600840.SH,2005-08-24,3.65,3.73,3.63,3.69,5854.19,2159.56
600840.SH,2005-08-25,3.71,3.76,3.63,3.75,6282.75,2312.23
600840.SH,2005-08-26,3.74,3.92,3.72,3.92,8999.37,3453.35
600840.SH,2005-08-29,3.91,3.97,3.76,3.95,9632.01,3726.5
600840.SH,2005-08-30,3.9,3.94,3.87,3.89,3826.13,1495.4
600840.SH,2005-08-31,3.9,4.02,3.83,4.01,9509.82,3748.19
600840.SH,2005-09-01,4.0,4.2,3.99,4.17,16562.03,6834.52
600840.SH,2005-09-02,4.21,4.32,4.16,4.17,22373.99,9449.1
600840.SH,2005-09-05,4.2,4.3,4.14,4.29,15447.13,6522.75
600840.SH,2005-09-06,4.28,4.45,4.15,4.18,23185.03,10012.83
600840.SH,2005-09-07,4.18,4.28,4.14,4.28,10372.69,4370.19
600840.SH,2005-09-08,4.32,4.44,4.18,4.29,12886.5,5586.36
600840.SH,2005-09-09,4.28,4.29,4.15,4.18,5959.76,2504.2
600840.SH,2005-09-12,4.18,4.21,4.1,4.15,3618.92,1495.85
600840.SH,2005-09-13,4.13,4.27,4.13,4.26,7388.92,3110.54
600840.SH,2005-09-14,4.27,4.36,4.25,4.36,10991.88,4736.53
600840.SH,2005-09-15,4.37,4.48,4.33,4.46,16997.2,7507.5
600840.SH,2005-09-16,4.5,4.57,4.34,4.4,17533.91,7826.2
600840.SH,2005-09-19,4.35,4.47,4.28,4.45,12315.65,5383.85
600840.SH,2005-09-20,4.43,4.56,4.38,4.56,21444.17,9645.75
600840.SH,2005-09-21,4.58,4.59,4.38,4.39,11989.23,5315.87
600840.SH,2005-09-22,4.39,4.41,4.08,4.14,9042.0,3814.18
600840.SH,2005-09-23,4.12,4.18,4.0,4.02,5484.5,2252.23
600840.SH,2005-09-26,4.04,4.08,3.97,4.07,2311.6,932.27
600840.SH,2005-09-27,4.1,4.1,3.81,3.86,4367.0,1736.53
600840.SH,2005-09-28,3.86,3.96,3.82,3.87,5127.01,1984.81
600840.SH,2005-09-29,3.88,3.99,3.88,3.98,3964.63,1562.9
600840.SH,2005-09-30,3.91,4.0,3.91,3.96,3709.0,1469.41
600840.SH,2005-10-10,3.96,4.08,3.83,4.07,6900.99,2757.52
600840.SH,2005-10-11,3.99,4.1,3.95,4.06,5948.99,2396.45
600840.SH,2005-10-12,4.08,4.15,4.0,4.08,4859.0,1980.8
600840.SH,2005-10-13,4.11,4.11,3.99,4.02,3869.0,1563.88
600840.SH,2005-10-14,4.0,4.06,3.94,3.94,3092.0,1239.57
600840.SH,2005-10-17,3.92,3.92,3.82,3.85,4551.0,1754.87
600840.SH,2005-10-18,3.84,4.0,3.82,3.99,4530.5,1790.24
600840.SH,2005-10-19,4.02,4.1,3.99,4.0,9872.0,3998.49
600840.SH,2005-10-20,3.97,4.03,3.86,4.0,3873.01,1521.73
600840.SH,2005-10-21,3.98,4.08,3.92,4.03,3755.01,1512.85
600840.SH,2005-10-24,4.02,4.05,3.98,4.03,2673.99,1071.37
600840.SH,2005-10-25,4.05,4.17,4.03,4.07,13574.53,5575.74
600840.SH,2005-10-26,4.07,4.07,3.85,3.85,5901.0,2325.48
600840.SH,2005-10-27,3.86,3.86,3.65,3.7,5930.76,2209.42
600840.SH,2005-10-28,3.67,3.73,3.41,3.5,4862.0,1723.22
600840.SH,2005-10-31,3.55,3.85,3.55,3.85,14211.08,5439.13
600840.SH,2005-11-01,3.95,3.98,3.64,3.77,11175.12,4259.32
600840.SH,2005-11-02,3.77,3.95,3.71,3.84,7610.8,2929.39
600840.SH,2005-11-03,3.8,3.87,3.77,3.81,4496.85,1716.61
600840.SH,2005-11-04,3.78,3.89,3.63,3.89,7799.12,2962.74
600840.SH,2005-11-07,3.86,3.91,3.78,3.89,3877.32,1490.09
600840.SH,2005-11-08,3.89,4.02,3.84,4.01,10159.19,4011.04
600840.SH,2005-11-09,4.0,4.05,3.91,3.94,8796.89,3487.91
600840.SH,2005-11-10,3.66,3.92,3.66,3.77,5865.0,2228.97
600840.SH,2005-11-11,3.78,3.83,3.71,3.77,2517.04,950.83
600840.SH,2005-11-14,3.85,3.88,3.76,3.83,1672.0,638.18
600840.SH,2005-11-15,3.81,3.85,3.75,3.81,3392.43,1289.57
600840.SH,2005-11-16,3.78,3.88,3.7,3.88,4382.25,1659.44
600840.SH,2005-11-17,3.83,3.87,3.79,3.84,4945.06,1894.54
600840.SH,2005-11-18,3.8,3.95,3.79,3.91,9614.71,3735.05
600840.SH,2005-11-21,3.91,3.98,3.88,3.98,7160.07,2825.14
600840.SH,2005-11-22,3.98,3.98,3.87,3.88,4462.0,1750.27
600840.SH,2005-11-23,3.84,3.95,3.84,3.92,2473.34,968.09
600840.SH,2005-11-24,3.94,3.98,3.9,3.95,4775.25,1879.97
600840.SH,2005-11-25,3.94,3.98,3.9,3.93,3529.64,1385.92
600840.SH,2005-11-28,3.94,3.95,3.87,3.9,3187.95,1244.99
600840.SH,2005-11-29,3.89,3.89,3.78,3.78,4604.0,1758.17
600840.SH,2005-11-30,3.71,3.82,3.71,3.8,2019.05,763.91
600840.SH,2005-12-01,3.75,3.81,3.75,3.79,850.2,321.67
600840.SH,2005-12-02,3.76,3.83,3.7,3.71,3013.0,1131.14
600840.SH,2005-12-05,3.6,3.68,3.55,3.64,2340.0,851.79
600840.SH,2005-12-06,3.65,3.69,3.55,3.59,8314.12,2992.18
600840.SH,2005-12-07,3.56,3.64,3.55,3.64,2861.9,1029.26
600840.SH,2005-12-08,3.6,3.64,3.58,3.6,2908.0,1049.25
600840.SH,2005-12-09,3.55,3.68,3.55,3.65,6345.74,2302.3
600840.SH,2005-12-12,3.6,3.78,3.6,3.77,8758.66,3254.81
600840.SH,2005-12-13,3.77,3.78,3.73,3.75,4977.0,1866.17
600840.SH,2005-12-14,3.75,3.84,3.74,3.81,2953.2,1116.79
600840.SH,2005-12-15,3.82,3.83,3.76,3.78,4364.09,1654.73
600840.SH,2005-12-16,3.78,3.85,3.77,3.8,2275.7,864.01
600840.SH,2005-12-19,3.83,3.83,3.75,3.77,3060.0,1153.98
600840.SH,2005-12-20,3.78,3.8,3.74,3.79,5283.66,1989.3
600840.SH,2005-12-21,3.76,3.84,3.76,3.8,4233.0,1609.21
600840.SH,2005-12-22,3.75,3.85,3.75,3.84,4854.39,1858.55
600840.SH,2005-12-26,3.9,3.94,3.87,3.92,6349.25,2478.94
600840.SH,2005-12-27,3.9,3.99,3.88,3.97,6347.15,2508.59
600840.SH,2005-12-28,3.97,4.1,3.94,4.1,11146.78,4504.33
600840.SH,2005-12-29,4.15,4.27,4.08,4.09,16546.99,6893.33
600840.SH,2005-12-30,4.09,4.15,4.05,4.06,9011.4,3691.87
600840.SH,2006-01-04,4.09,4.18,4.07,4.13,6244.0,2582.57
600840.SH,2006-01-05,4.12,4.23,4.12,4.17,7549.24,3148.0
600840.SH,2006-01-06,4.17,4.21,4.12,4.15,7556.09,3152.2
600840.SH,2006-01-09,4.15,4.23,4.14,4.19,6193.66,2590.41
600840.SH,2006-01-10,4.16,4.3,4.15,4.3,8060.77,3404.89
600840.SH,2006-01-11,4.21,4.25,4.15,4.2,9332.37,3910.8
600840.SH,2006-01-12,4.17,4.26,4.17,4.26,6907.02,2912.42
600840.SH,2006-01-13,4.27,4.35,4.24,4.33,8166.12,3513.45
600840.SH,2006-01-16,4.29,4.32,4.18,4.19,5613.43,2386.36
600840.SH,2006-01-17,4.14,4.21,4.14,4.15,3772.0,1573.07
600840.SH,2006-01-18,4.15,4.26,4.14,4.18,6699.28,2804.26
600840.SH,2006-01-19,4.18,4.39,4.17,4.34,16005.38,6912.84
600840.SH,2006-01-20,4.77,4.77,4.48,4.54,26565.97,12145.98
600840.SH,2006-01-23,4.53,4.98,4.53,4.92,25695.18,12377.04
600840.SH,2006-01-24,4.88,4.92,4.79,4.84,10409.0,5060.34
600840.SH,2006-01-25,4.82,4.93,4.82,4.92,8571.61,4189.53
600840.SH,2006-02-06,4.97,5.0,4.9,4.98,8872.9,4399.95
600840.SH,2006-02-07,4.99,5.0,4.85,4.97,12142.02,5961.66
600840.SH,2006-02-08,4.95,4.95,4.84,4.89,7548.5,3696.37
600840.SH,2006-02-09,4.88,4.88,4.75,4.76,7740.0,3709.48
600840.SH,2006-02-13,4.83,4.85,4.65,4.76,6225.36,2945.22
600840.SH,2006-02-14,4.77,4.85,4.73,4.8,4117.45,1971.34
600840.SH,2006-02-15,4.8,5.06,4.77,5.04,16303.6,8098.64
600840.SH,2006-02-16,5.08,5.1,4.84,4.88,8819.0,4349.11
600840.SH,2006-02-17,4.82,4.96,4.81,4.88,6053.34,2966.56
600840.SH,2006-02-20,4.88,5.15,4.88,4.9,7081.23,3545.71
600840.SH,2006-02-21,4.9,5.05,4.9,5.03,7255.23,3617.97
600840.SH,2006-02-22,5.03,5.09,4.97,4.98,7824.49,3928.09
600840.SH,2006-02-23,4.96,5.0,4.91,4.99,5374.51,2663.47
600840.SH,2006-02-24,4.95,5.04,4.95,5.0,3255.1,1628.79
600840.SH,2006-02-27,5.05,5.09,4.97,5.0,5758.95,2907.2
600840.SH,2006-02-28,4.98,4.98,4.88,4.94,4900.55,2404.6
600840.SH,2006-03-01,4.94,4.98,4.9,4.93,4002.5,1974.45
600840.SH,2006-03-02,4.91,4.95,4.81,4.84,6282.28,3068.96
600840.SH,2006-03-03,4.84,4.9,4.8,4.9,5059.04,2446.51
600840.SH,2006-03-06,4.86,4.91,4.78,4.79,2544.0,1227.48
600840.SH,2006-03-07,4.76,4.77,4.54,4.56,3991.38,1850.36
600840.SH,2006-03-08,4.56,4.58,4.44,4.52,3972.06,1782.18
600840.SH,2006-03-09,4.55,4.58,4.46,4.49,1243.0,560.89
600840.SH,2006-03-10,4.49,4.56,4.48,4.51,1499.22,676.02
600840.SH,2006-03-13,4.69,4.69,4.54,4.65,1085.41,497.96
600840.SH,2006-03-14,4.64,4.65,4.59,4.63,1246.01,575.09
600840.SH,2006-03-15,4.63,4.68,4.55,4.68,1436.89,668.23
600840.SH,2006-03-16,4.62,4.77,4.62,4.74,2365.99,1117.91
600840.SH,2006-03-17,4.74,4.9,4.74,4.88,4349.33,2114.26
600840.SH,2006-03-20,4.84,4.96,4.75,4.9,4062.0,1971.55
600840.SH,2006-03-21,4.88,5.1,4.82,4.95,9184.23,4597.07
600840.SH,2006-03-22,4.98,4.99,4.9,4.99,3120.53,1541.0
600840.SH,2006-03-23,5.05,5.05,4.91,4.94,2903.92,1433.76
600840.SH,2006-03-24,4.98,4.98,4.85,4.88,3921.83,1916.96
600840.SH,2006-03-27,4.88,4.95,4.84,4.94,3395.21,1654.33
600840.SH,2006-03-28,4.94,4.99,4.89,4.97,3787.08,1877.46
600840.SH,2006-03-29,4.97,5.25,4.97,5.1,17863.89,9183.09
600840.SH,2006-03-30,5.1,5.17,5.0,5.01,7306.87,3700.52
600840.SH,2006-03-31,5.0,5.1,4.95,4.99,5688.49,2841.14
600840.SH,2006-04-03,4.99,5.24,4.99,5.23,12376.1,6417.06
600840.SH,2006-04-04,5.25,5.31,5.13,5.23,8407.3,4392.97
600840.SH,2006-04-05,5.3,5.51,5.2,5.5,17086.32,9274.68
600840.SH,2006-04-06,5.49,5.57,5.42,5.45,16991.54,9379.61
600840.SH,2006-04-07,5.45,5.68,5.4,5.53,8785.11,4862.53
600840.SH,2006-04-10,5.54,6.08,5.54,5.97,22984.45,13719.55
600840.SH,2006-04-11,5.95,6.32,5.85,6.28,21304.87,13003.05
600840.SH,2006-04-12,6.91,6.91,6.53,6.91,102482.68,70649.25
600840.SH,2006-04-13,6.91,7.6,6.86,7.52,161544.01,119279.56
600840.SH,2006-04-14,7.45,7.65,7.18,7.4,59753.02,44170.17
600840.SH,2006-04-18,7.42,7.77,7.22,7.7,47259.18,35197.1
600840.SH,2006-04-19,7.7,7.8,7.45,7.58,37299.11,28378.21
600840.SH,2006-04-20,7.58,7.6,7.3,7.48,31621.91,23484.69
600840.SH,2006-04-21,7.48,7.88,7.28,7.6,38526.03,29389.37
600840.SH,2006-04-24,7.58,8.36,7.44,8.27,55615.54,45059.05
600840.SH,2006-04-25,8.18,9.04,8.0,9.02,50138.29,42818.09
600840.SH,2006-04-26,8.9,9.39,8.61,8.66,47551.42,42909.47
600840.SH,2006-04-27,8.88,9.08,8.58,8.91,47704.27,42195.36
600840.SH,2006-04-28,8.6,8.9,8.29,8.57,43276.98,37047.57
600840.SH,2006-05-08,8.57,9.43,8.5,9.33,51537.98,45857.83
600840.SH,2006-05-09,9.35,9.55,9.15,9.24,42388.68,39461.86
600840.SH,2006-05-10,9.29,9.36,8.93,9.08,38881.87,35451.07
600840.SH,2006-05-11,9.05,9.3,8.81,8.86,45345.67,41105.98
600840.SH,2006-05-12,8.76,8.81,8.5,8.68,53341.75,45930.23
600840.SH,2006-05-15,8.71,8.99,8.31,8.99,63751.18,55255.37
600840.SH,2006-05-16,8.9,9.89,8.5,9.71,86234.1,80505.06
600840.SH,2006-05-17,9.7,10.65,9.68,10.57,77198.34,78817.7
600840.SH,2006-05-18,10.3,11.1,9.9,10.28,52981.93,55460.05
600840.SH,2006-05-19,10.28,10.57,10.05,10.42,44085.07,45661.67
600840.SH,2006-05-22,10.4,11.15,10.21,10.89,41016.58,44704.6
600840.SH,2006-05-23,10.8,10.82,9.9,9.97,39490.8,40599.65
600840.SH,2006-05-24,9.98,10.34,9.0,9.47,38335.65,37272.39
600840.SH,2006-05-25,9.36,10.25,9.31,10.15,32805.46,32733.61
600840.SH,2006-05-26,10.2,10.47,9.96,10.18,28077.11,28461.08
600840.SH,2006-05-29,10.26,10.33,9.88,10.24,25472.72,25701.05
600840.SH,2006-05-30,10.08,10.35,9.9,10.29,33145.49,33636.39
600840.SH,2006-05-31,10.29,10.3,9.99,10.06,22591.04,22810.22
600840.SH,2006-06-01,9.98,10.7,9.92,10.53,36338.67,37634.34
600840.SH,2006-06-02,10.57,10.8,10.24,10.29,34045.18,35863.51
600840.SH,2006-06-05,10.21,10.4,9.92,10.36,20665.6,20859.28
600840.SH,2006-06-06,10.36,10.37,10.08,10.12,13633.08,13856.69
600840.SH,2006-06-07,10.08,10.78,9.96,10.07,39338.97,40758.44
600840.SH,2006-06-08,10.07,10.45,9.98,10.45,24235.01,24762.01
600840.SH,2006-06-09,10.45,11.5,10.28,11.32,72670.08,80613.7
600840.SH,2006-06-12,11.25,11.25,10.58,10.77,35949.09,39038.88
600840.SH,2006-06-13,10.6,10.85,9.69,10.15,30062.77,31114.16
600840.SH,2006-06-14,10.15,10.42,9.99,10.41,13186.81,13342.32
600840.SH,2006-06-15,10.42,10.57,10.1,10.21,10851.7,11230.04
600840.SH,2006-06-16,10.15,10.4,10.15,10.35,12085.1,12438.98
600840.SH,2006-06-19,10.02,10.25,9.96,10.12,27647.81,27888.92
600840.SH,2006-06-20,10.1,10.48,9.96,10.39,27388.24,27731.23
600840.SH,2006-06-21,10.18,10.37,10.18,10.23,12713.94,13026.04
600840.SH,2006-06-22,10.2,10.34,10.05,10.24,12633.66,12854.37
600840.SH,2006-06-23,10.2,10.24,10.06,10.14,12434.92,12594.47
600840.SH,2006-07-11,11.14,11.14,10.4,10.46,41623.55,44164.51
600840.SH,2006-07-12,10.48,10.86,10.2,10.7,35182.72,37283.21
600840.SH,2006-07-13,10.65,11.3,10.5,10.97,66239.04,72681.5
600840.SH,2006-07-14,10.79,11.15,10.71,10.93,35331.43,38659.4
600840.SH,2006-07-17,10.99,11.99,10.94,11.89,59553.27,68787.9
600840.SH,2006-07-18,11.88,11.88,11.35,11.5,32831.24,37872.46
600840.SH,2006-07-19,11.54,11.74,10.89,10.93,26879.87,30075.92
600840.SH,2006-07-20,10.92,11.08,10.68,10.97,12914.04,14050.63
600840.SH,2006-07-21,10.97,11.0,10.72,10.82,10138.11,11009.32
600840.SH,2006-07-24,10.6,10.62,10.3,10.51,15119.98,15792.22
600840.SH,2006-07-25,10.53,10.8,10.5,10.62,10671.03,11363.6
600840.SH,2006-07-26,10.62,10.86,10.53,10.82,11532.13,12352.04
600840.SH,2006-07-27,10.8,10.81,10.39,10.49,14149.1,14931.41
600840.SH,2006-07-28,10.45,10.57,10.15,10.34,11241.43,11580.88
600840.SH,2006-07-31,10.36,10.36,9.88,9.92,12375.0,12371.55
600840.SH,2006-08-01,9.81,9.99,9.23,9.31,14440.5,13801.14
600840.SH,2006-08-02,9.31,9.42,9.12,9.3,11271.07,10393.02
600840.SH,2006-08-03,9.31,9.48,9.19,9.35,4860.69,4534.54
600840.SH,2006-08-04,9.33,9.49,9.01,9.02,6396.0,5928.82
600840.SH,2006-08-07,8.96,9.06,8.58,8.66,10664.99,9397.77
600840.SH,2006-08-08,8.7,8.86,8.65,8.83,9518.28,8325.89
600840.SH,2006-08-09,8.87,9.63,8.72,9.28,18475.15,16925.26
600840.SH,2006-10-30,9.09,9.79,8.87,9.18,66124.05,61482.66
600840.SH,2006-10-31,9.05,9.19,8.93,9.08,22031.92,19927.54
600840.SH,2006-11-01,9.2,9.64,9.2,9.32,23335.79,21919.94
600840.SH,2006-11-02,9.45,9.46,9.14,9.22,15617.53,14409.19
600840.SH,2006-11-03,9.4,9.4,9.21,9.32,20993.17,19508.96
600840.SH,2006-11-06,9.27,9.39,9.17,9.25,19834.88,18353.94
600840.SH,2006-11-07,7.16,7.16,6.93,7.01,7452.51,5217.29
600840.SH,2006-11-08,6.95,6.95,6.7,6.7,17971.28,12149.37
600840.SH,2006-11-09,6.73,7.1,6.66,6.97,21644.3,14997.81
600840.SH,2006-11-10,6.98,6.98,6.65,6.71,20896.07,14141.87
600840.SH,2006-11-14,6.6,6.74,6.3,6.66,20791.65,13621.75
600840.SH,2006-11-15,6.66,6.92,6.66,6.87,18131.54,12339.42
600840.SH,2006-11-16,6.77,6.97,6.68,6.7,16811.57,11383.22
600840.SH,2006-11-17,6.65,6.79,6.51,6.76,13727.13,9143.19
600840.SH,2006-11-20,6.7,6.97,6.62,6.9,24603.77,16927.55
600840.SH,2006-11-21,6.96,7.48,6.96,7.39,66421.62,48483.84
600840.SH,2006-11-22,7.3,7.47,7.18,7.45,47479.18,35101.37
600840.SH,2006-11-23,7.45,7.48,7.27,7.34,28811.22,21152.9
600840.SH,2006-11-24,7.35,7.72,7.32,7.65,58574.07,44367.13
600840.SH,2006-11-27,7.61,7.82,7.45,7.8,39738.71,30423.91
600840.SH,2006-11-28,7.7,8.26,7.68,8.07,38906.62,31429.35
600840.SH,2006-11-29,8.0,8.2,7.81,8.1,30886.17,24960.22
600840.SH,2006-11-30,8.1,8.53,8.1,8.43,41272.1,34606.22
600840.SH,2006-12-01,8.5,8.96,8.48,8.85,62075.44,54843.93
600840.SH,2006-12-04,8.9,9.05,8.71,8.9,42173.81,37320.58
600840.SH,2006-12-05,8.92,9.24,8.72,8.89,42871.61,38339.0
600840.SH,2006-12-06,8.8,8.88,8.22,8.52,64380.28,54764.94
600840.SH,2006-12-07,8.5,8.65,8.22,8.27,40653.93,34247.53
600840.SH,2006-12-08,8.2,8.2,7.85,7.88,34496.66,27560.35
600840.SH,2006-12-11,7.86,8.2,7.79,8.18,20873.5,16772.92
600840.SH,2006-12-12,8.21,8.35,7.98,8.09,19130.12,15549.28
600840.SH,2006-12-13,8.09,8.68,8.09,8.65,33916.21,28485.38
600840.SH,2006-12-14,8.65,8.99,8.65,8.78,37705.62,33221.34
600840.SH,2006-12-15,8.78,9.09,8.78,8.88,30423.12,27160.9
600840.SH,2006-12-18,8.88,9.01,8.78,8.82,27401.28,24319.24
600840.SH,2006-12-19,8.82,8.94,8.49,8.57,44347.26,38154.67
600840.SH,2006-12-20,8.58,8.95,8.46,8.83,35565.78,31011.35
600840.SH,2006-12-21,8.87,9.2,8.76,8.95,52691.04,47730.62
600840.SH,2006-12-25,9.05,9.15,8.7,8.99,46109.21,41242.03
600840.SH,2006-12-26,9.08,9.08,8.71,8.97,31567.74,28087.48
600840.SH,2006-12-27,9.1,9.56,9.0,9.36,82115.1,76267.44
600840.SH,2006-12-28,9.4,9.42,8.97,9.0,38748.27,35529.32
600840.SH,2006-12-29,9.01,9.37,9.01,9.17,54570.39,50208.79
600840.SH,2007-01-04,9.35,9.55,9.21,9.24,56998.91,53337.77
600840.SH,2007-01-05,9.25,9.61,9.05,9.56,42952.39,40039.86
600840.SH,2007-01-08,9.62,10.52,9.62,10.52,78867.72,81347.22
600840.SH,2007-01-09,10.8,11.57,10.57,11.54,81856.57,91819.21
600840.SH,2007-01-10,11.42,11.84,11.1,11.38,88758.25,101156.88
600840.SH,2007-01-11,11.38,11.6,11.06,11.46,81407.57,92384.74
600840.SH,2007-01-12,11.49,12.5,11.47,11.8,113068.5,135338.99
600840.SH,2007-01-15,11.8,12.28,11.65,12.15,62952.48,75640.8
600840.SH,2007-01-16,12.16,12.3,11.78,12.06,54564.91,65455.42
600840.SH,2007-01-17,12.0,12.0,10.85,10.85,109745.21,123469.84
600840.SH,2007-01-18,10.15,10.55,9.77,10.13,117875.81,117923.11
600840.SH,2007-01-19,10.35,10.54,10.0,10.39,94616.95,97377.42
600840.SH,2007-01-22,10.49,10.8,10.24,10.77,91396.2,96024.38
600840.SH,2007-01-23,10.85,11.51,10.65,11.47,89003.49,97978.02
600840.SH,2007-01-24,11.5,11.99,11.5,11.59,73721.61,86337.82
600840.SH,2007-01-25,11.59,11.83,11.28,11.4,68161.0,79344.5
600840.SH,2007-01-26,11.11,11.73,10.52,11.66,67560.43,76337.78
600840.SH,2007-01-29,12.0,12.38,11.91,12.38,97641.3,118751.44
600840.SH,2007-01-30,12.53,12.72,12.04,12.65,104149.91,129380.01
600840.SH,2007-01-31,12.51,12.69,11.91,12.21,87812.45,108755.73
600840.SH,2007-02-01,12.09,13.0,12.01,12.84,141364.66,178394.83
600840.SH,2007-02-02,12.9,12.9,11.56,11.61,100622.32,121923.04
600840.SH,2007-02-05,11.55,11.8,11.03,11.79,59471.24,67603.17
600840.SH,2007-02-06,11.88,12.59,11.68,12.52,58539.62,71587.76
600840.SH,2007-02-07,12.53,13.24,12.53,12.7,71510.24,92546.14
600840.SH,2007-02-08,12.68,12.8,12.32,12.63,44150.2,55402.48
600840.SH,2007-02-09,12.56,13.15,12.56,12.67,52752.65,67648.02
600840.SH,2007-02-12,12.89,13.94,12.88,13.94,97627.76,134107.27
600840.SH,2007-03-08,15.33,15.33,15.33,15.33,1822.12,2793.31
600840.SH,2007-03-09,16.86,16.86,16.86,16.86,1297.75,2188.01
600840.SH,2007-05-25,11.55,11.55,11.55,11.55,626.6,723.72
600840.SH,2007-05-28,12.71,12.71,12.71,12.71,369.95,470.21
600840.SH,2007-05-29,13.98,13.98,13.98,13.98,309.35,432.47
600840.SH,2007-05-30,15.38,15.38,15.38,15.38,13773.87,21184.21
600840.SH,2007-05-31,16.92,16.92,16.92,16.92,9370.66,15855.16
600840.SH,2007-06-01,18.61,18.61,17.2,18.61,373715.94,694244.74
600840.SH,2007-06-04,17.49,17.49,16.75,16.75,25927.0,44294.49
600840.SH,2007-06-05,15.08,15.08,15.08,15.08,17801.0,26843.91
600840.SH,2007-06-06,14.3,16.59,14.3,16.59,243291.56,392543.6
600840.SH,2007-06-07,16.78,18.25,16.59,18.25,137827.32,242606.06
600840.SH,2007-06-08,19.58,20.08,18.5,18.9,228744.58,446028.53
600840.SH,2007-06-11,19.1,20.59,18.5,19.48,154765.93,302189.93
600840.SH,2007-06-12,19.1,20.27,18.5,19.91,154937.65,302017.03
600840.SH,2007-06-13,19.93,20.81,19.4,20.19,153515.46,307098.31
600840.SH,2007-06-14,19.47,20.5,19.45,19.49,94124.67,187338.87
600840.SH,2007-06-15,19.05,19.75,18.8,18.91,83773.9,160217.67
600840.SH,2007-06-18,19.3,20.5,19.04,19.97,121229.17,240097.17
600840.SH,2007-06-19,19.8,20.0,19.08,19.58,73137.52,142771.96
600840.SH,2007-06-20,19.45,20.49,18.5,18.94,80434.14,158226.96
600840.SH,2007-06-21,18.7,19.47,18.01,18.49,64140.82,119249.13
600840.SH,2007-06-22,18.53,18.99,16.64,17.0,83309.55,148254.13
600840.SH,2007-06-25,17.17,17.5,15.3,15.3,84854.35,137721.16
600840.SH,2007-06-26,14.99,15.93,14.04,15.91,68373.64,101175.27
600840.SH,2007-06-27,15.88,16.5,15.7,16.28,70087.36,113134.98
600840.SH,2007-06-28,16.3,16.4,14.65,14.65,81797.78,126065.62
600840.SH,2007-06-29,14.0,14.28,13.19,13.25,78094.93,105870.88
600840.SH,2007-07-03,13.7,14.58,13.7,14.58,62282.05,87571.17
600840.SH,2007-07-04,14.95,16.0,14.75,14.96,78018.66,119236.28
600840.SH,2007-07-05,14.6,14.6,13.5,13.9,41916.87,59484.07
600840.SH,2007-07-06,13.59,14.98,13.4,14.84,52297.74,74343.97
600840.SH,2007-07-09,15.0,15.47,14.9,14.94,48678.22,73703.35
600840.SH,2007-07-10,15.0,15.15,14.02,14.08,47813.59,68995.35
600840.SH,2007-07-11,13.8,14.44,13.69,14.13,23904.2,33658.94
600840.SH,2007-07-12,14.2,14.37,13.7,13.9,23128.71,32435.82
600840.SH,2007-07-13,13.76,14.0,13.5,13.72,22318.73,30567.55
600840.SH,2007-07-16,13.85,13.99,13.11,13.22,32507.52,43268.98
600840.SH,2007-07-17,13.08,13.93,12.85,13.73,33330.23,44796.98
600840.SH,2007-07-18,13.75,14.5,13.31,14.49,77232.9,108395.56
600840.SH,2007-07-19,14.15,14.7,14.01,14.27,34206.65,49287.41
600840.SH,2007-07-20,14.39,15.25,14.27,15.01,72287.74,108042.32
600840.SH,2007-07-23,15.03,16.11,15.03,15.38,81520.35,126740.44
600840.SH,2007-07-24,15.55,15.98,15.0,15.38,56433.83,87648.47
600840.SH,2007-07-25,15.4,15.53,15.03,15.39,43333.18,66353.97
600840.SH,2007-07-26,15.45,16.93,15.39,16.93,119898.33,194783.17
600840.SH,2007-07-27,17.0,17.95,16.41,17.57,118097.94,204449.88
600840.SH,2007-07-30,17.46,17.85,17.08,17.33,76236.54,133046.13
600840.SH,2007-07-31,17.01,17.55,16.51,16.88,62343.68,105342.17
600840.SH,2007-08-01,16.9,17.6,15.79,15.84,72911.04,121906.16
600840.SH,2007-08-02,15.92,16.8,15.79,16.5,60448.9,98351.72
600840.SH,2007-08-03,16.89,17.29,16.1,17.04,108154.89,182192.14
600840.SH,2007-08-06,17.15,17.25,16.43,16.7,78643.73,130698.57
600840.SH,2007-08-07,16.71,16.87,15.88,16.04,74616.28,120144.59
600840.SH,2007-08-08,16.0,16.0,15.21,15.47,58665.62,91342.62
600840.SH,2007-08-09,15.45,15.82,15.29,15.7,52785.03,81850.9
600840.SH,2007-08-10,15.6,15.7,14.61,14.9,58720.64,87973.5
600840.SH,2007-08-13,14.7,14.9,13.99,14.14,57738.44,82266.9
600840.SH,2007-08-14,14.1,15.55,14.1,15.55,52669.15,80137.25
600840.SH,2007-08-15,16.35,16.35,15.3,15.51,60514.2,95450.52
600840.SH,2007-08-16,15.48,15.8,15.01,15.57,30146.35,46534.63
600840.SH,2007-08-17,15.3,15.75,15.0,15.14,22985.31,35234.11
600840.SH,2007-08-20,15.51,15.69,15.16,15.49,41303.34,63619.45
600840.SH,2007-08-21,15.58,15.64,15.01,15.27,50984.83,77443.89
600840.SH,2007-08-22,15.05,15.56,14.86,15.33,49206.74,75059.19
600840.SH,2007-08-23,15.32,16.12,15.1,16.08,79262.32,123849.57
600840.SH,2007-08-24,16.3,16.35,15.7,15.77,49617.35,78984.14
600840.SH,2007-08-27,15.95,16.0,15.23,15.4,54277.54,84224.63
600840.SH,2007-08-28,15.22,16.94,15.21,16.94,114783.61,190896.73
600840.SH,2007-08-29,17.17,18.63,17.08,17.8,201722.31,358580.44
600840.SH,2007-08-30,17.85,18.18,17.29,17.6,63575.05,112699.23
600840.SH,2007-08-31,17.62,18.78,17.4,17.85,56899.85,103266.71
600840.SH,2007-09-03,18.18,18.88,17.9,18.77,93822.38,173580.87
600840.SH,2007-09-04,18.78,19.7,18.5,18.75,99209.56,191155.54
600840.SH,2007-09-05,18.79,19.49,17.8,18.18,73044.61,134873.61
600840.SH,2007-09-06,18.33,18.7,18.0,18.18,55601.66,101667.45
600840.SH,2007-09-07,18.14,18.4,17.46,17.49,66554.47,118706.13
600840.SH,2007-09-10,17.36,19.24,17.21,19.24,125105.46,236456.89
600840.SH,2007-09-11,19.24,20.7,18.02,18.23,130223.56,257110.68
600840.SH,2007-09-12,18.1,19.85,17.91,19.65,110249.61,208655.13
600840.SH,2007-09-13,19.9,19.95,18.91,19.54,63312.85,123499.56
600840.SH,2007-09-14,19.68,21.49,19.68,21.49,157029.38,328469.26
600840.SH,2007-09-17,21.3,22.96,21.11,22.36,134698.6,295569.03
600840.SH,2007-09-18,22.15,22.5,21.0,21.76,68615.34,149911.07
600840.SH,2007-09-19,21.76,22.5,20.7,21.6,73267.83,156835.28
600840.SH,2007-09-20,21.6,22.95,21.5,21.67,70034.76,155148.05
600840.SH,2007-09-21,21.66,21.79,20.56,21.07,55301.9,116327.35
600840.SH,2007-09-24,21.07,21.42,20.38,20.79,43021.3,89542.42
600840.SH,2007-09-25,20.9,22.29,20.5,21.93,67874.85,145916.11
600840.SH,2007-09-26,21.77,23.48,21.5,21.93,82056.09,184955.98
600840.SH,2007-09-27,21.88,22.4,21.25,21.87,47018.7,101900.55
600840.SH,2007-09-28,22.1,22.88,21.85,22.31,72154.79,161547.68
600840.SH,2007-10-08,22.59,22.88,21.8,22.44,61038.61,136140.4
600840.SH,2007-10-09,22.59,22.88,21.86,22.79,84794.67,189219.89
600840.SH,2007-10-10,23.0,25.0,22.7,24.11,184663.52,436544.31
600840.SH,2007-10-11,23.99,24.61,23.4,23.66,65280.51,155893.7
600840.SH,2007-10-12,23.66,23.88,21.29,22.53,105543.88,236200.03
600840.SH,2007-10-15,22.5,22.98,21.01,21.93,68468.81,151386.81
600840.SH,2007-10-16,21.98,23.39,21.8,23.15,58690.67,132742.0
600840.SH,2007-10-17,23.48,23.48,22.56,22.99,33839.9,77656.0
600840.SH,2007-10-18,22.98,22.99,21.9,21.94,39548.81,87960.82
600840.SH,2007-10-19,22.03,22.85,21.9,21.95,40265.5,89678.36
600840.SH,2007-10-22,22.2,23.2,21.81,22.49,44397.31,100679.55
600840.SH,2007-10-23,22.65,23.88,22.52,23.85,55751.0,128880.07
600840.SH,2007-10-24,23.56,24.6,23.02,24.05,72169.85,172777.99
600840.SH,2007-10-25,23.8,23.8,21.65,21.65,67799.51,151016.47
600840.SH,2007-10-26,20.9,21.28,19.49,19.5,49475.22,99342.86
600840.SH,2007-10-29,19.65,20.3,18.6,19.43,30054.34,58310.94
600840.SH,2007-10-30,19.3,20.17,19.3,19.89,19739.38,38983.34
600840.SH,2007-10-31,20.15,20.98,19.91,20.57,33148.34,68092.47
600840.SH,2007-11-01,20.61,21.3,20.02,20.15,29126.59,60357.79
600840.SH,2007-11-02,19.8,19.98,19.28,19.39,24925.26,48776.95
600840.SH,2007-11-05,19.0,20.4,19.0,20.1,42832.31,85610.17
600840.SH,2007-11-06,20.1,21.2,20.1,20.5,28510.64,59263.18
600840.SH,2007-11-07,20.49,20.83,19.61,20.33,12384.47,24978.0
600840.SH,2007-11-08,20.01,20.25,19.02,19.06,14913.67,29306.72
600840.SH,2007-11-09,18.9,19.1,18.0,18.26,24981.01,45689.7
600840.SH,2007-11-12,18.28,18.38,17.3,17.74,20177.91,35719.87
600840.SH,2007-11-13,17.74,18.59,17.74,18.36,13292.19,24177.7
600840.SH,2007-11-14,18.4,19.08,18.06,18.94,16672.77,31036.02
600840.SH,2007-11-15,18.61,19.28,18.55,18.65,12639.96,23867.48
600840.SH,2007-11-16,18.7,20.52,18.19,19.98,59337.18,118648.59
600840.SH,2007-11-19,20.45,20.47,19.66,19.75,27132.07,54264.18
600840.SH,2007-11-20,19.68,20.09,19.51,19.92,14149.56,28030.88
600840.SH,2007-11-21,19.98,20.19,19.58,19.59,11021.64,21940.5
600840.SH,2007-11-22,19.3,19.3,18.16,18.3,16068.17,30084.85
600840.SH,2007-11-23,18.21,18.77,17.88,18.73,11642.21,21343.25
600840.SH,2007-11-26,19.07,20.0,18.8,19.65,27302.24,53163.23
600840.SH,2007-11-27,19.75,19.75,18.25,18.28,18589.17,34759.05
600840.SH,2007-11-28,18.22,18.5,16.68,16.9,39844.72,69461.4
600840.SH,2007-11-29,16.9,17.58,16.2,17.1,33031.5,55851.96
600840.SH,2007-11-30,17.18,17.57,16.7,16.83,17394.01,29470.65
600840.SH,2007-12-03,17.0,17.48,16.75,17.09,17072.44,29197.46
600840.SH,2007-12-04,17.12,17.29,16.78,16.84,19865.49,33597.64
600840.SH,2007-12-05,16.9,17.38,16.78,17.25,16084.65,27307.65
600840.SH,2007-12-06,17.38,17.45,16.93,17.15,21604.62,37028.82
600840.SH,2007-12-07,17.38,17.57,17.15,17.54,14851.69,25796.79
600840.SH,2007-12-10,17.53,18.18,17.0,18.05,29868.88,53240.34
600840.SH,2007-12-11,18.2,18.36,17.76,18.01,18848.99,33926.67
600840.SH,2007-12-12,17.95,18.3,17.0,17.18,43751.9,75935.24
600840.SH,2007-12-13,17.18,17.64,16.18,16.39,47814.82,79181.17
600840.SH,2007-12-17,16.56,16.88,15.19,15.51,74364.41,115989.22
600840.SH,2007-12-18,15.55,15.75,15.16,15.5,42585.42,65891.03
600840.SH,2007-12-19,15.7,15.78,15.42,15.74,41841.53,65219.2
600840.SH,2007-12-20,15.88,16.27,15.65,16.2,60199.9,95796.52
600840.SH,2007-12-21,16.26,16.72,16.2,16.5,60317.25,99546.37
600840.SH,2007-12-24,16.61,17.25,16.08,17.22,95907.01,158736.81
600840.SH,2007-12-25,17.11,17.11,16.5,16.61,51197.24,85641.95
600840.SH,2007-12-26,16.6,17.12,16.48,17.02,55270.05,92748.04
600840.SH,2007-12-27,17.15,17.6,17.02,17.29,47520.92,82460.4
600840.SH,2007-12-28,17.31,17.35,16.81,16.86,41087.0,70118.75
600840.SH,2008-01-02,16.89,17.99,16.7,17.87,51958.55,90246.95
600840.SH,2008-01-03,17.8,18.48,17.56,18.21,50222.69,89812.42
600840.SH,2008-01-04,18.21,19.05,18.18,18.84,57356.61,107089.64
600840.SH,2008-01-07,18.75,19.25,18.48,18.88,44489.08,84324.87
600840.SH,2008-01-08,18.9,19.48,17.9,18.08,53969.78,99633.71
600840.SH,2008-01-09,17.89,18.49,17.8,18.28,31288.87,56868.84
600840.SH,2008-01-10,18.3,18.75,18.01,18.46,47710.1,87595.4
600840.SH,2008-01-11,18.5,18.95,18.2,18.95,46499.46,86864.8
600840.SH,2008-01-14,19.03,19.65,19.03,19.41,49915.03,96636.07
600840.SH,2008-01-15,19.5,19.58,19.0,19.04,33112.49,63537.84
600840.SH,2008-01-16,18.99,18.99,18.12,18.19,39563.2,73047.4
600840.SH,2008-01-17,18.2,18.49,16.76,17.49,36723.07,65021.21
600840.SH,2008-01-18,17.41,17.78,17.2,17.3,23221.42,40385.77
600840.SH,2008-01-21,17.59,19.03,17.58,19.03,140907.03,265814.57
600840.SH,2008-01-22,18.79,18.95,17.13,17.13,103444.95,185261.3
600840.SH,2008-01-23,17.44,18.25,16.92,18.14,60947.47,108708.69
600840.SH,2008-01-24,18.45,19.9,18.02,19.6,108381.31,207845.31
600840.SH,2008-01-25,19.5,20.21,19.03,19.71,125853.41,248864.83
600840.SH,2008-01-28,19.5,19.8,17.82,17.91,76435.44,143112.59
600840.SH,2008-01-29,18.1,19.7,17.9,19.7,107272.04,206139.97
600840.SH,2008-01-30,20.19,20.64,19.0,19.54,129777.79,259408.97
600840.SH,2008-02-01,19.6,19.6,17.59,17.59,96900.2,171844.16
600840.SH,2008-02-04,17.96,18.99,17.3,18.74,99985.22,183045.97
600840.SH,2008-02-05,18.55,18.55,17.35,17.7,73907.09,132067.36
600840.SH,2008-02-13,17.18,18.18,17.03,17.51,27199.02,47919.31
600840.SH,2008-02-14,17.55,18.08,17.5,17.71,23325.19,41356.5
600840.SH,2008-02-15,17.6,17.63,16.61,17.03,41014.77,69762.13
600840.SH,2008-02-18,17.31,17.68,16.91,17.37,37428.72,64584.48
600840.SH,2008-02-19,17.27,17.96,17.27,17.85,44351.17,78310.06
600840.SH,2008-02-20,17.95,18.16,17.5,17.52,46100.89,82240.29
600840.SH,2008-02-21,17.45,17.49,16.66,17.04,56996.78,96845.0
600840.SH,2008-02-25,16.58,16.88,15.34,15.69,59725.17,95033.73
600840.SH,2008-02-26,15.95,16.31,15.35,15.99,29910.32,47296.86
600840.SH,2008-02-27,16.0,16.36,15.99,16.1,29062.84,46928.15
600840.SH,2008-02-28,16.39,16.39,15.9,15.98,22471.94,36150.47
600840.SH,2008-02-29,15.98,16.22,15.8,16.19,23262.54,37131.22
600840.SH,2008-03-03,16.15,16.92,15.7,16.77,49586.65,81359.89
600840.SH,2008-03-04,16.8,17.09,16.55,16.74,47092.69,79162.51
600840.SH,2008-03-05,16.45,16.95,16.0,16.86,34684.39,57192.09
600840.SH,2008-03-06,16.86,17.63,16.8,17.34,68246.0,117927.43
600840.SH,2008-03-07,17.2,17.32,16.82,17.19,32378.84,55363.73
600840.SH,2008-03-10,17.26,17.31,16.2,16.78,48065.81,80546.55
600840.SH,2008-03-11,16.77,17.0,16.3,16.86,28168.55,47000.12
600840.SH,2008-03-12,17.01,17.16,16.2,16.24,33710.81,56457.31
600840.SH,2008-03-13,15.95,16.49,15.38,15.94,23008.6,36485.21
600840.SH,2008-03-14,16.05,16.11,15.2,15.2,32214.1,49961.98
600840.SH,2008-03-17,15.5,15.5,13.68,13.78,27897.7,39929.07
600840.SH,2008-03-18,13.5,13.89,12.4,12.46,30091.32,38717.86
600840.SH,2008-03-19,12.68,13.3,12.46,12.92,26680.25,34195.93
600840.SH,2008-03-20,12.42,13.59,11.81,13.42,49719.66,63963.28
600840.SH,2008-03-21,13.5,14.03,13.46,13.89,53976.56,74310.44
600840.SH,2008-03-24,13.7,14.1,12.91,13.0,30475.75,41523.42
600840.SH,2008-03-25,12.53,13.5,12.5,13.31,21042.63,27360.24
600840.SH,2008-03-26,13.32,13.68,13.05,13.09,13647.18,18252.47
600840.SH,2008-03-27,12.91,13.5,12.65,13.11,25148.86,33017.98
600840.SH,2008-03-28,13.2,13.97,12.85,13.9,31073.99,42053.69
600840.SH,2008-03-31,13.55,13.98,13.28,13.77,28957.34,39596.42
600840.SH,2008-04-01,14.45,15.15,14.4,14.79,182368.28,269680.52
600840.SH,2008-04-02,14.38,15.17,13.8,14.38,114789.86,166658.79
600840.SH,2008-04-03,14.13,14.74,13.7,14.4,67786.32,95897.89
600840.SH,2008-04-07,14.19,15.28,14.0,15.01,79106.28,117626.79
600840.SH,2008-04-08,15.0,15.42,14.73,15.26,66774.86,100754.25
600840.SH,2008-04-09,15.0,15.36,13.81,13.86,65596.32,96443.03
600840.SH,2008-04-10,13.71,14.37,13.53,14.28,33704.59,47106.14
600840.SH,2008-04-11,14.55,14.84,14.3,14.4,26961.59,39225.22
600840.SH,2008-04-14,14.09,14.09,12.96,12.96,47816.66,63741.63
600840.SH,2008-04-15,12.58,13.2,12.21,13.05,45508.93,57242.12
600840.SH,2008-04-16,13.0,13.0,12.48,12.53,18599.52,23631.32
600840.SH,2008-04-17,12.6,12.91,12.1,12.27,19043.55,23795.56
600840.SH,2008-04-18,12.12,12.3,11.33,11.37,27282.16,31839.82
600840.SH,2008-04-21,12.35,12.4,11.32,12.06,58210.4,69313.7
600840.SH,2008-04-22,11.78,12.08,11.28,12.0,33084.57,38954.43
600840.SH,2008-04-23,11.98,12.75,11.7,12.68,51824.46,64261.46
600840.SH,2008-04-24,13.95,13.95,13.35,13.95,102618.55,142338.3
600840.SH,2008-04-25,14.13,15.1,13.95,14.44,104508.88,152762.84
600840.SH,2008-04-28,14.57,14.93,14.33,14.5,74492.35,109015.05
600840.SH,2008-04-29,14.6,14.81,14.4,14.5,47020.0,68825.2
600840.SH,2008-04-30,14.62,15.4,14.55,15.21,88579.29,133792.38
600840.SH,2008-05-05,15.5,16.59,15.5,16.51,108173.58,174140.0
600840.SH,2008-05-06,16.52,16.55,15.62,15.79,108794.9,173712.77
600840.SH,2008-05-07,15.5,15.98,14.55,14.62,69361.53,106509.72
600840.SH,2008-05-08,14.43,15.47,14.32,15.19,58234.54,86816.62
600840.SH,2008-05-09,15.2,15.4,14.6,14.9,51454.98,76523.78
600840.SH,2008-05-12,14.7,15.78,14.4,15.6,62297.57,94678.45
600840.SH,2008-05-13,15.0,16.22,14.81,15.62,71977.04,112714.18
600840.SH,2008-05-14,15.61,15.97,15.38,15.85,57559.35,90922.66
600840.SH,2008-05-15,16.03,16.13,15.45,15.48,62071.05,98529.52
600840.SH,2008-05-16,15.31,15.69,14.87,15.13,41018.49,61935.39
600840.SH,2008-05-19,14.88,15.28,14.7,14.79,23569.28,35027.41
600840.SH,2008-05-20,14.99,15.18,13.7,13.96,35503.25,51983.15
600840.SH,2008-05-21,13.71,14.46,13.2,14.29,41128.46,56178.4
600840.SH,2008-05-22,13.9,14.09,13.6,13.63,37929.17,52409.08
600840.SH,2008-05-23,13.57,13.83,13.0,13.06,33863.95,45127.4
600840.SH,2008-05-26,13.09,13.67,12.8,13.28,31678.45,41773.82
600840.SH,2008-05-27,13.2,13.47,13.06,13.45,24023.68,31981.43
600840.SH,2008-05-28,13.52,13.98,13.3,13.93,32978.8,45274.03
600840.SH,2008-05-29,13.9,13.9,13.01,13.08,34390.88,46372.36
600840.SH,2008-05-30,13.1,13.39,12.93,13.1,24262.56,31852.16
600840.SH,2008-06-02,13.18,13.26,12.8,13.07,20991.98,27334.44
600840.SH,2008-06-03,13.0,13.24,12.85,13.01,22102.96,28710.46
600840.SH,2008-06-04,12.95,13.55,12.81,13.4,35824.76,47378.3
600840.SH,2008-06-05,13.3,13.3,12.92,13.0,18981.15,24825.87
600840.SH,2008-06-06,13.01,13.09,12.84,12.92,14294.35,18549.36
600840.SH,2008-06-10,12.2,12.39,11.63,11.63,22745.59,27022.54
600840.SH,2008-06-11,11.21,11.55,10.97,10.99,32642.51,36206.94
600840.SH,2008-06-12,11.01,11.29,10.85,11.19,32028.79,35474.91
600840.SH,2008-06-13,11.25,11.32,10.45,10.49,20716.2,22463.19
600840.SH,2008-06-16,10.42,10.7,10.1,10.11,23459.2,24048.42
600840.SH,2008-06-17,10.11,10.21,9.1,9.1,44979.59,42696.95
600840.SH,2008-06-18,9.13,9.8,8.58,9.62,49421.56,45734.84
600840.SH,2008-06-19,9.55,9.55,8.66,8.66,43136.6,39449.86
600840.SH,2008-06-20,8.58,9.3,8.2,8.8,42928.41,37966.25
600840.SH,2008-06-23,8.73,9.05,8.5,8.96,30145.28,26623.33
600840.SH,2008-06-24,8.97,9.61,8.97,9.44,48768.0,45548.6
600840.SH,2008-06-25,9.3,10.18,9.26,10.09,58649.82,57793.2
600840.SH,2008-06-26,10.03,10.38,9.95,10.2,52636.7,53688.01
600840.SH,2008-06-27,9.82,9.87,9.18,9.25,51196.15,48527.92
600840.SH,2008-06-30,9.18,9.45,9.0,9.36,26916.19,25012.57
600840.SH,2008-07-01,9.38,9.59,9.27,9.28,33678.82,31775.54
600840.SH,2008-07-02,9.36,9.57,9.16,9.37,20908.01,19610.66
600840.SH,2008-07-03,9.2,9.92,8.98,9.69,55683.42,52982.49
600840.SH,2008-07-04,9.68,9.99,9.5,9.65,45706.08,44546.48
600840.SH,2008-07-07,9.78,10.57,9.65,10.5,63822.17,64829.53
600840.SH,2008-07-08,10.5,10.76,10.03,10.41,63266.73,66126.91
600840.SH,2008-07-10,11.1,11.45,10.91,11.44,225046.38,255925.68
600840.SH,2008-07-11,11.19,12.16,11.08,12.1,189982.45,220991.96
600840.SH,2008-07-14,12.09,12.72,11.91,12.12,143855.98,176292.17
600840.SH,2008-07-15,12.14,12.28,11.21,11.31,111648.75,129996.14
600840.SH,2008-07-16,11.1,11.18,10.18,10.44,82015.55,87289.99
600840.SH,2008-07-17,10.6,11.15,10.46,10.58,66687.41,71901.47
600840.SH,2008-07-18,10.8,11.64,10.46,11.64,92919.35,103689.77
600840.SH,2008-07-21,11.8,12.59,11.65,12.36,122738.88,149385.49
600840.SH,2008-07-22,11.96,12.56,11.96,12.07,90072.33,109943.86
600840.SH,2008-07-23,12.2,12.36,11.89,11.93,58477.08,70887.42
600840.SH,2008-07-24,11.93,13.12,11.93,12.77,114453.79,143590.95
600840.SH,2008-07-25,12.5,12.76,12.3,12.34,78423.96,98107.36
600840.SH,2008-07-28,12.45,13.1,12.38,12.58,73370.28,93429.09
600840.SH,2008-07-29,12.38,12.38,12.01,12.08,50653.07,61611.37
600840.SH,2008-07-30,12.24,12.53,11.91,12.13,49772.88,60840.8
600840.SH,2008-07-31,12.1,12.23,11.62,11.64,34779.59,41100.36
600840.SH,2008-08-01,11.65,12.36,11.61,12.29,56540.0,68019.98
600840.SH,2008-08-04,12.05,12.45,11.82,11.95,37398.31,45491.25
600840.SH,2008-08-05,12.09,12.09,11.28,11.33,31570.47,36866.67
600840.SH,2008-08-06,11.38,11.58,11.0,11.33,26070.8,29523.63
600840.SH,2008-08-07,11.35,11.56,11.17,11.44,19901.08,22646.24
600840.SH,2008-08-08,11.54,11.54,10.4,10.41,36086.03,38814.82
600840.SH,2008-08-11,10.38,10.38,9.37,9.37,34036.89,32765.95
600840.SH,2008-08-12,9.1,9.5,8.87,9.29,27730.13,25570.57
600840.SH,2008-08-13,9.26,9.47,8.55,9.29,38038.06,34096.17
600840.SH,2008-08-14,9.2,9.48,9.02,9.34,25251.27,23405.17
600840.SH,2008-08-15,9.48,10.18,8.72,9.7,41229.64,40363.3
600840.SH,2008-08-18,9.8,9.9,8.91,9.01,33392.18,31260.89
600840.SH,2008-08-19,8.82,9.48,8.82,9.47,27478.48,25454.91
600840.SH,2008-08-20,9.36,10.42,9.22,10.42,57846.73,58380.38
600840.SH,2008-08-21,10.25,10.7,10.08,10.24,47049.19,48571.9
600840.SH,2008-08-22,10.3,10.39,9.51,9.99,38748.92,38711.88
600840.SH,2008-08-25,10.0,10.18,9.74,9.83,22436.08,22275.5
600840.SH,2008-08-26,9.52,9.73,9.01,9.18,28677.0,26646.12
600840.SH,2008-08-27,9.13,9.46,9.0,9.31,22122.22,20506.47
600840.SH,2008-08-28,9.35,9.39,9.06,9.12,17696.1,16251.39
600840.SH,2008-08-29,9.21,9.6,9.15,9.46,31063.84,29256.87
600840.SH,2008-09-02,9.06,9.3,8.72,9.15,28645.6,25794.35
600840.SH,2008-09-03,9.01,9.17,8.7,8.78,21908.88,19439.9
600840.SH,2008-09-04,8.8,9.07,8.76,8.98,16077.09,14319.48
600840.SH,2008-09-05,8.7,8.7,8.13,8.16,30753.49,25738.51
600840.SH,2008-09-09,7.69,7.9,7.66,7.82,30860.04,23950.87
600840.SH,2008-09-10,7.84,7.87,7.25,7.6,35018.13,26621.46
600840.SH,2008-09-11,7.51,7.6,6.9,6.93,34523.07,24725.5
600840.SH,2008-09-12,6.94,7.24,6.9,7.06,24780.13,17629.28
600840.SH,2008-09-16,7.13,7.35,6.89,6.91,35557.0,25367.03
600840.SH,2008-09-17,7.0,7.06,6.67,6.74,28182.4,19162.4
600840.SH,2008-09-18,6.51,6.6,6.07,6.32,38306.17,23937.62
600840.SH,2008-09-19,6.95,6.95,6.81,6.95,28371.23,19657.8
600840.SH,2008-09-22,7.54,7.65,6.96,7.41,76666.5,56498.92
600840.SH,2008-09-23,7.2,7.2,6.7,6.72,42805.38,29579.75
600840.SH,2008-09-24,6.59,6.77,6.4,6.76,28626.49,18693.18
600840.SH,2008-09-25,6.75,7.22,6.7,7.02,63180.3,44105.47
600840.SH,2008-09-26,7.1,7.49,6.9,7.36,67105.35,48064.92
600840.SH,2008-10-06,7.07,7.25,6.75,6.84,43275.42,30377.77
600840.SH,2008-10-07,6.5,7.2,6.42,7.01,37016.7,25545.8
600840.SH,2008-10-08,6.81,7.09,6.71,6.81,25972.28,17877.56
600840.SH,2008-10-09,7.1,7.18,6.71,6.8,28584.35,19821.61
600840.SH,2008-10-10,6.44,6.55,6.12,6.13,36748.08,23133.75
600840.SH,2008-12-10,6.74,6.74,6.74,6.74,597.66,402.82
600840.SH,2008-12-11,7.41,7.41,7.41,7.41,1113.56,825.15
600840.SH,2008-12-12,8.15,8.15,8.15,8.15,11389.61,9282.53
600840.SH,2008-12-15,8.96,8.96,8.1,8.4,254345.46,217424.85
600840.SH,2008-12-16,8.19,8.28,7.76,8.24,130858.43,104932.21
600840.SH,2008-12-17,8.18,9.06,8.1,9.06,223367.02,195624.21
600840.SH,2008-12-18,9.17,9.33,8.81,8.91,186016.53,168497.47
600840.SH,2008-12-19,8.93,9.15,8.61,8.94,140335.71,123764.36
600840.SH,2008-12-22,8.81,8.9,8.45,8.46,96319.72,82907.62
600840.SH,2008-12-23,8.53,8.72,8.01,8.02,99430.59,84106.06
600840.SH,2008-12-24,8.01,8.28,7.91,8.19,86805.02,70194.51
600840.SH,2008-12-25,8.23,8.28,7.87,8.01,59100.51,47549.47
600840.SH,2008-12-26,8.02,8.08,7.74,7.79,50336.98,39716.08
600840.SH,2008-12-29,7.78,7.89,7.46,7.7,44193.48,33629.7
600840.SH,2008-12-30,7.73,7.85,7.64,7.73,48698.22,37760.37
600840.SH,2008-12-31,7.78,7.78,7.13,7.29,55134.16,41004.07
600840.SH,2009-01-07,8.02,8.02,8.02,8.02,10427.77,8363.07
600840.SH,2009-01-08,8.55,8.55,8.03,8.17,151528.91,125538.61
600840.SH,2009-01-09,8.15,8.2,7.89,8.17,80871.47,65239.39
600840.SH,2009-01-12,8.16,8.27,8.02,8.12,62439.75,50846.88
600840.SH,2009-01-13,8.03,8.06,7.61,7.67,66825.95,52146.38
600840.SH,2009-01-14,7.6,7.94,7.6,7.91,46177.87,36009.54
600840.SH,2009-01-15,7.79,8.33,7.76,8.15,93734.76,75724.72
600840.SH,2009-01-16,8.12,8.47,8.12,8.22,91903.58,76289.66
600840.SH,2009-01-19,8.31,8.38,8.02,8.12,66092.11,54273.87
600840.SH,2009-01-20,8.1,8.32,8.07,8.31,52980.57,43479.71
600840.SH,2009-01-21,8.25,8.33,8.13,8.25,54721.79,45081.13
600840.SH,2009-01-22,8.31,8.33,8.11,8.19,49255.56,40325.48
600840.SH,2009-01-23,8.19,8.23,8.05,8.1,38824.69,31524.76
600840.SH,2009-02-02,8.18,8.39,8.0,8.38,67451.85,55702.24
600840.SH,2009-02-03,8.41,8.78,8.41,8.69,125210.53,108405.75
600840.SH,2009-02-04,8.7,8.85,8.65,8.82,113585.21,99364.15
600840.SH,2009-02-05,8.85,8.99,8.58,8.62,113931.15,100395.63
600840.SH,2009-02-06,8.59,9.34,8.59,9.28,158215.39,143124.6
600840.SH,2009-02-09,9.3,9.82,9.18,9.8,159327.71,152047.01
600840.SH,2009-02-10,9.69,10.1,9.44,9.95,177715.7,174215.76
600840.SH,2009-02-11,9.75,10.1,9.51,9.73,166461.17,163954.12
600840.SH,2009-02-12,9.69,9.83,9.11,9.6,124127.24,117737.6
600840.SH,2009-02-13,9.65,10.56,9.65,10.52,206485.72,208360.79
600840.SH,2009-02-16,10.7,10.7,10.18,10.44,157104.19,162927.03
600840.SH,2009-02-17,10.36,10.36,9.75,9.76,116884.42,117004.95
600840.SH,2009-02-18,9.4,9.83,9.27,9.28,86814.29,83111.75
600840.SH,2009-02-19,9.44,9.61,9.24,9.53,68924.92,65075.53
600840.SH,2009-02-20,9.58,9.7,9.35,9.69,69502.52,66423.14
600840.SH,2009-02-23,9.83,10.13,9.82,10.0,110421.62,110445.69
600840.SH,2009-02-24,9.89,10.44,9.65,10.1,186533.87,187907.14
600840.SH,2009-02-25,10.1,10.38,9.91,10.35,169850.89,172915.03
600840.SH,2009-02-26,10.36,10.63,9.32,9.38,136695.6,136529.33
600840.SH,2009-02-27,9.2,9.2,8.44,8.45,91934.83,80567.46
600840.SH,2009-03-02,8.48,8.95,8.45,8.92,67656.63,59064.63
600840.SH,2009-03-03,8.7,9.11,8.58,8.92,58973.67,52635.52
600840.SH,2009-03-04,8.93,9.79,8.93,9.76,109873.2,104578.12
600840.SH,2009-03-05,9.88,10.28,9.7,9.93,115879.73,115954.38
600840.SH,2009-03-06,9.76,10.79,9.76,10.73,192809.98,200460.08
600840.SH,2009-03-09,10.86,11.39,10.68,10.82,279109.91,308350.83
600840.SH,2009-03-10,10.7,11.02,10.1,11.0,135856.63,143465.11
600840.SH,2009-03-11,11.25,11.3,10.4,10.54,112420.35,121280.23
600840.SH,2009-03-12,10.53,10.75,10.23,10.66,77303.22,80954.55
600840.SH,2009-03-13,10.7,10.74,10.3,10.31,59637.1,62597.9
600840.SH,2009-03-17,10.6,11.12,10.48,11.03,97334.65,105073.6
600840.SH,2009-03-18,11.19,11.67,11.14,11.17,156061.06,177815.03
600840.SH,2009-03-19,11.2,11.64,11.1,11.35,99190.56,113006.59
600840.SH,2009-03-20,11.34,12.3,10.81,12.05,167538.98,194377.19
600840.SH,2009-03-23,12.2,12.88,12.04,12.68,136607.33,170670.44
600840.SH,2009-03-24,12.6,12.95,12.28,12.42,122089.27,155214.07
600840.SH,2009-03-25,12.42,12.89,12.25,12.71,106810.87,135442.34
600840.SH,2009-03-26,12.6,13.08,12.45,12.94,123565.98,158053.15
600840.SH,2009-03-27,12.92,12.98,12.49,12.96,116885.35,148907.1
600840.SH,2009-03-30,12.9,12.9,12.55,12.79,38164.43,48483.57
600840.SH,2009-03-31,12.45,13.17,12.38,13.13,79349.66,102032.93
600840.SH,2009-04-01,13.1,13.82,13.03,13.65,114508.89,155917.68
600840.SH,2009-04-02,13.65,13.9,13.27,13.35,55870.0,75435.39
600840.SH,2009-04-03,13.44,13.5,12.85,12.96,70423.55,92525.07
600840.SH,2009-04-07,12.9,12.9,12.45,12.84,46541.0,58899.54
600840.SH,2009-04-08,12.74,13.1,12.42,12.45,48030.4,61276.39
600840.SH,2009-04-09,12.45,12.76,12.42,12.69,30170.56,37910.79
600840.SH,2009-04-10,12.86,13.77,12.86,13.74,78641.35,106122.43
600840.SH,2009-04-13,13.96,14.25,13.69,14.1,78589.33,109891.62
600840.SH,2009-04-14,14.0,14.63,13.76,14.43,61348.39,87883.61
600840.SH,2009-04-15,14.2,14.35,13.8,14.02,32024.37,45048.59
600840.SH,2009-04-16,13.95,14.1,13.48,13.84,29980.79,41190.05
600840.SH,2009-04-17,13.9,14.4,13.75,13.8,39986.24,56201.57
600840.SH,2009-04-20,13.65,14.1,13.65,13.95,32035.47,44649.22
600840.SH,2009-04-21,13.8,14.11,13.44,13.78,30012.27,41300.91
600840.SH,2009-04-22,13.8,14.11,12.66,12.81,47134.09,63144.2
600840.SH,2009-04-23,12.59,13.2,12.51,13.14,41495.38,54029.08
600840.SH,2009-04-24,13.24,13.38,12.88,13.04,21948.1,28709.35
600840.SH,2009-04-27,12.88,13.08,12.1,12.35,26735.95,33561.66
600840.SH,2009-04-28,12.28,12.74,12.15,12.6,20444.73,25526.63
600840.SH,2009-04-29,12.56,13.4,12.55,13.28,42278.88,55305.8
600840.SH,2009-04-30,13.41,14.5,13.31,14.4,107832.59,151351.42
600840.SH,2009-05-04,14.5,14.91,14.2,14.68,59085.11,86811.87
600840.SH,2009-05-05,14.68,15.09,14.55,14.95,50229.08,74773.38
600840.SH,2009-05-06,14.94,16.3,14.68,16.01,73500.95,114417.14
600840.SH,2009-05-12,16.5,17.15,16.1,17.13,184756.2,308874.55
600840.SH,2009-05-13,17.05,17.15,16.51,16.6,62199.72,104611.38
600840.SH,2009-05-14,16.26,16.6,15.82,16.05,37555.15,60412.92
600840.SH,2009-05-15,16.02,16.32,15.65,15.82,35319.59,56134.63
600840.SH,2009-05-18,15.56,16.07,15.51,15.97,23086.4,36512.49
600840.SH,2009-05-19,15.93,17.53,15.93,17.17,69543.93,118433.07
600840.SH,2009-05-20,16.85,17.5,16.85,17.12,50121.57,86299.27
600840.SH,2009-05-21,16.95,17.15,16.18,16.59,42918.93,71418.93
600840.SH,2009-05-22,16.82,17.07,16.56,16.96,30657.68,51646.06
600840.SH,2009-05-25,16.35,17.55,16.01,17.33,45632.06,77747.41
600840.SH,2009-05-26,17.18,17.55,16.66,16.67,38711.35,66032.54
600840.SH,2009-05-27,16.9,17.0,16.42,16.5,17475.08,29106.49
600840.SH,2009-06-01,16.66,17.03,16.66,16.9,25436.82,43040.19
600840.SH,2009-06-02,16.95,17.51,16.82,17.34,66715.04,115254.98
600840.SH,2009-06-03,17.41,18.88,17.41,18.78,71290.95,131516.62
600840.SH,2009-06-05,18.59,19.02,18.11,18.21,28205.28,52226.98
600840.SH,2009-06-08,18.03,18.85,17.72,18.12,23400.3,42753.2
600840.SH,2009-06-09,18.1,18.22,17.68,17.88,18525.31,33294.3
600840.SH,2009-06-10,17.5,18.25,17.5,17.75,17806.73,31698.13
600840.SH,2009-06-11,17.75,17.75,16.97,17.05,32516.31,56093.47
600840.SH,2009-06-12,16.88,17.38,16.88,17.08,17135.48,29368.15
600840.SH,2009-06-15,17.05,17.49,16.9,17.49,17568.94,30233.88
600840.SH,2009-06-16,17.4,17.54,17.07,17.13,9100.45,15740.67
600840.SH,2009-06-17,17.23,17.9,17.02,17.86,22725.27,40026.48
600840.SH,2009-06-18,17.79,18.5,17.68,18.25,36173.88,65768.02
600840.SH,2009-06-19,18.29,18.98,18.29,18.78,58355.79,109259.89
600840.SH,2009-06-22,18.79,18.9,18.33,18.49,21445.1,39683.64
600840.SH,2009-06-23,18.33,18.5,17.95,18.31,14599.77,26679.07
600840.SH,2009-06-24,18.22,18.5,18.05,18.29,10483.65,19164.01
600840.SH,2009-06-25,18.37,18.95,18.29,18.51,18707.25,34920.63
600840.SH,2009-06-26,18.51,19.0,18.51,18.69,12847.51,24182.02
600840.SH,2009-06-29,18.9,19.64,18.82,19.44,31547.36,60976.49
600840.SH,2009-06-30,19.33,19.67,19.01,19.63,14736.77,28496.67
600840.SH,2009-07-01,19.28,21.59,19.26,21.46,65499.72,137180.63
600840.SH,2009-07-02,21.23,22.95,21.23,22.47,51528.02,113311.3
600840.SH,2009-07-03,22.2,24.15,22.02,23.59,61938.86,145036.35
600840.SH,2009-07-06,23.6,25.6,23.0,24.06,85514.35,206144.76
600840.SH,2009-07-07,24.1,24.1,21.76,22.46,54394.24,124949.81
600840.SH,2009-07-08,21.81,24.71,21.8,24.71,71523.17,168039.68
600840.SH,2009-07-09,24.9,25.29,24.0,24.57,57065.4,140525.25
600840.SH,2009-07-10,24.32,25.15,24.32,24.46,51992.46,128782.12
600840.SH,2009-07-13,23.94,24.5,23.2,23.26,42312.05,100759.35
600840.SH,2009-07-14,23.3,23.89,22.88,23.75,32414.33,75972.72
600840.SH,2009-07-15,23.73,24.82,23.55,23.81,33700.71,81714.82
600840.SH,2009-07-16,23.76,24.9,22.6,24.16,67774.59,164351.46
600840.SH,2009-07-17,24.19,25.02,23.84,24.62,53989.98,132923.37
600840.SH,2009-07-20,24.38,24.69,23.8,24.0,38977.74,93454.84
600840.SH,2009-07-21,23.87,24.36,23.58,23.72,35577.99,85493.36
600840.SH,2009-07-22,23.99,24.0,23.09,23.58,33786.75,78874.19
600840.SH,2009-07-23,23.43,24.55,23.43,24.37,49115.72,119158.58
600840.SH,2009-07-24,24.4,25.0,24.0,24.49,49837.6,121682.04
600840.SH,2009-07-27,24.48,24.49,23.44,23.89,48363.01,114800.85
600840.SH,2009-07-28,23.98,24.4,22.88,24.31,49317.64,116694.04
600840.SH,2009-07-29,24.28,24.88,22.19,23.62,62097.6,150581.41
600840.SH,2009-07-30,24.52,25.0,22.21,22.87,68217.3,158770.83
600840.SH,2009-07-31,23.05,24.08,22.63,23.8,70067.63,164852.7
