symbol,datetime,open,high,low,close,volume,amount
688585.SH,2020-09-28,20.68,20.68,16.0,16.35,312983.96,552859.01
688585.SH,2020-09-29,16.0,16.15,14.46,14.59,207680.57,314275.55
688585.SH,2020-09-30,14.0,15.05,13.88,14.31,131177.81,187931.94
688585.SH,2020-10-09,15.15,15.29,14.4,14.51,129737.32,191015.66
688585.SH,2020-10-12,14.55,15.38,14.53,15.3,117876.54,176303.19
688585.SH,2020-10-13,15.15,15.4,14.82,15.15,86352.75,129875.83
688585.SH,2020-10-14,15.18,17.14,14.99,15.93,149579.38,240510.41
688585.SH,2020-10-15,15.93,16.16,15.07,15.17,85779.84,132202.65
688585.SH,2020-10-16,15.2,15.3,14.77,14.9,54196.38,80881.86
688585.SH,2020-10-19,14.95,15.36,14.88,14.93,42371.35,63932.58
688585.SH,2020-10-20,15.02,15.28,14.6,15.22,44225.38,65999.19
688585.SH,2020-10-21,15.62,16.47,15.28,15.28,94409.15,148927.19
688585.SH,2020-10-22,14.95,15.28,14.85,14.97,48383.76,72718.73
688585.SH,2020-10-23,15.05,15.19,14.38,14.49,43965.14,65173.04
688585.SH,2020-10-26,14.58,14.74,14.01,14.68,23733.03,34394.83
688585.SH,2020-10-27,14.6,14.88,14.46,14.8,23501.34,34606.34
688585.SH,2020-10-28,14.78,15.07,14.53,14.85,28156.78,41468.09
688585.SH,2020-10-29,14.68,15.25,14.5,15.18,43765.31,64843.79
688585.SH,2020-10-30,15.21,15.38,14.45,14.64,40560.02,60938.12
688585.SH,2020-11-02,14.66,14.93,14.35,14.66,27053.74,39444.52
688585.SH,2020-11-03,14.68,15.22,14.6,15.04,39714.27,59425.24
688585.SH,2020-11-04,15.05,15.41,14.98,15.22,51772.74,78514.74
688585.SH,2020-11-05,15.22,15.34,14.95,15.01,56279.14,84842.96
688585.SH,2020-11-06,15.1,15.17,14.74,14.84,41929.55,62821.77
688585.SH,2020-11-09,14.93,15.85,14.93,15.67,73528.61,113658.76
688585.SH,2020-11-10,15.76,16.77,15.37,16.45,100004.56,162208.01
688585.SH,2020-11-11,16.38,16.69,15.93,16.11,59760.48,97209.43
688585.SH,2020-11-12,16.11,16.34,15.74,15.83,39139.83,62214.36
688585.SH,2020-11-13,15.76,17.3,15.76,16.55,64184.01,106762.58
688585.SH,2020-11-16,16.88,17.29,16.4,16.85,49279.13,83170.53
688585.SH,2020-11-17,16.67,18.17,16.67,17.47,61121.21,106296.15
688585.SH,2020-11-18,17.8,17.95,17.0,17.7,40269.33,70343.17
688585.SH,2020-11-19,17.56,17.79,16.69,17.09,44685.76,76562.2
688585.SH,2020-11-20,17.09,17.37,16.79,17.11,31851.57,54170.09
688585.SH,2020-11-23,17.29,17.29,16.01,16.16,45456.01,74313.59
688585.SH,2020-11-24,16.19,16.53,16.06,16.18,24599.15,39925.27
688585.SH,2020-11-25,16.09,16.34,15.77,15.9,27949.37,44545.09
688585.SH,2020-11-26,16.0,16.0,15.33,15.41,23583.6,36737.55
688585.SH,2020-11-27,15.41,15.51,15.04,15.19,20568.5,31321.26
688585.SH,2020-11-30,15.3,15.44,15.05,15.19,17678.91,26979.81
688585.SH,2020-12-01,15.19,15.51,15.12,15.42,18028.85,27651.42
688585.SH,2020-12-02,15.42,15.77,15.33,15.62,23068.16,35919.18
688585.SH,2020-12-03,15.59,15.59,15.23,15.25,17365.4,26721.01
688585.SH,2020-12-04,15.21,15.37,15.15,15.19,13374.4,20396.01
688585.SH,2020-12-07,15.28,15.28,14.77,14.8,17609.31,26322.9
688585.SH,2020-12-08,14.72,15.07,14.65,14.68,16476.83,24367.27
688585.SH,2020-12-09,14.69,15.01,14.6,14.75,14386.7,21293.31
688585.SH,2020-12-10,14.75,14.85,14.51,14.57,11476.7,16799.52
688585.SH,2020-12-11,14.58,14.82,14.09,14.17,15965.94,22910.64
688585.SH,2020-12-14,14.1,14.46,14.1,14.38,9867.04,14136.18
688585.SH,2020-12-15,14.26,14.47,14.15,14.34,11305.26,16164.63
688585.SH,2020-12-16,14.43,14.44,13.72,13.75,18348.88,25793.93
688585.SH,2020-12-17,13.83,13.85,13.11,13.74,19275.22,26015.08
688585.SH,2020-12-18,13.53,13.75,13.36,13.48,14903.02,20133.68
688585.SH,2020-12-21,13.54,13.78,13.43,13.6,13384.33,18227.64
688585.SH,2020-12-22,13.6,13.63,13.02,13.17,20885.51,27765.25
688585.SH,2020-12-23,13.21,14.33,13.06,13.87,41900.57,57991.04
688585.SH,2020-12-24,13.88,14.6,13.52,14.0,40657.06,57623.61
688585.SH,2020-12-25,14.14,14.62,13.98,14.41,29717.78,42626.05
688585.SH,2020-12-28,14.49,14.5,13.07,13.17,43657.82,59525.88
688585.SH,2020-12-29,13.17,13.35,12.56,13.29,27472.68,35640.75
688585.SH,2020-12-30,12.98,13.25,12.86,13.09,18220.02,23858.53
688585.SH,2020-12-31,13.08,13.62,12.98,13.16,22837.71,30453.64
688585.SH,2021-01-04,13.2,13.86,13.19,13.6,23821.84,32366.96
688585.SH,2021-01-05,13.63,13.73,13.35,13.46,15435.8,20852.14
688585.SH,2021-01-06,13.4,13.59,12.78,12.82,21038.27,27465.3
688585.SH,2021-01-07,12.85,13.28,12.06,12.35,28501.13,35900.94
688585.SH,2021-01-08,12.12,12.54,11.82,12.03,18126.78,22045.39
688585.SH,2021-01-11,12.08,12.08,10.88,10.92,35336.66,39899.05
688585.SH,2021-01-12,10.94,11.19,10.7,10.79,22785.87,24950.47
688585.SH,2021-01-13,10.86,10.87,10.22,10.22,28111.39,29202.59
688585.SH,2021-01-14,10.23,11.19,10.23,10.93,39830.33,43311.79
688585.SH,2021-01-15,10.82,11.48,10.71,11.28,31066.09,34842.57
688585.SH,2021-01-18,11.16,11.53,11.01,11.14,21943.24,24638.39
688585.SH,2021-01-19,11.03,11.87,11.03,11.5,26814.71,30806.46
688585.SH,2021-01-20,11.55,11.68,11.1,11.6,26548.23,30082.54
688585.SH,2021-01-21,11.51,11.66,11.27,11.31,21464.62,24458.17
688585.SH,2021-01-22,11.31,11.39,10.9,11.0,23794.83,26391.57
688585.SH,2021-01-25,11.02,11.49,10.76,11.06,31130.75,34724.07
688585.SH,2021-01-26,11.1,11.67,11.1,11.33,30658.61,35037.46
688585.SH,2021-01-27,11.31,11.37,11.0,11.25,20113.06,22476.53
688585.SH,2021-01-28,11.4,11.89,11.2,11.42,30495.03,35286.16
688585.SH,2021-01-29,11.52,11.89,11.32,11.72,35310.22,41116.82
688585.SH,2021-02-01,11.71,12.35,11.49,12.11,36725.07,44371.15
688585.SH,2021-02-02,12.03,12.82,11.82,12.3,44073.16,54867.23
688585.SH,2021-02-03,12.12,12.79,11.69,11.73,30849.06,37798.06
688585.SH,2021-02-04,11.7,11.9,10.95,11.2,24695.42,27963.83
688585.SH,2021-02-05,11.31,11.5,10.65,10.78,21169.09,23319.52
688585.SH,2021-02-08,10.9,10.96,10.37,10.37,14486.61,15524.03
688585.SH,2021-02-09,10.45,11.16,10.44,10.76,13382.04,14444.45
688585.SH,2021-02-10,10.86,11.04,10.7,10.95,15673.33,17078.56
688585.SH,2021-02-18,11.1,11.46,11.0,11.29,15351.96,17366.71
688585.SH,2021-02-19,11.2,11.76,11.2,11.67,14212.31,16421.75
688585.SH,2021-02-22,11.8,12.27,11.6,11.88,20758.99,24926.47
688585.SH,2021-02-23,11.98,12.3,11.83,11.98,18556.87,22341.58
688585.SH,2021-02-24,12.1,12.14,11.81,11.96,16485.11,19755.85
688585.SH,2021-02-25,12.14,12.19,11.58,11.6,13628.31,16048.77
688585.SH,2021-02-26,11.51,12.04,11.5,11.94,14571.11,17307.28
688585.SH,2021-03-01,12.17,12.46,12.03,12.46,16289.58,19977.75
688585.SH,2021-03-02,12.5,12.6,12.24,12.41,12734.39,15769.17
688585.SH,2021-03-03,12.37,12.61,12.17,12.61,15225.7,18894.19
688585.SH,2021-03-04,12.8,13.47,12.62,13.16,36463.22,47683.32
688585.SH,2021-03-05,12.95,13.13,12.72,12.73,19706.59,25348.85
688585.SH,2021-03-08,12.78,13.08,12.31,12.41,14027.92,17747.82
688585.SH,2021-03-09,12.46,12.52,11.8,12.16,13887.01,16871.92
688585.SH,2021-03-10,12.16,12.39,11.41,11.47,14882.06,17623.95
688585.SH,2021-03-11,11.52,12.1,11.2,11.97,17406.92,20446.41
688585.SH,2021-03-12,12.0,12.58,11.86,12.36,20494.55,25216.33
688585.SH,2021-03-15,12.38,13.52,12.38,12.78,45883.77,60143.22
688585.SH,2021-03-16,12.94,13.13,12.58,13.06,22000.29,28337.56
688585.SH,2021-03-17,13.08,13.22,12.8,12.9,15944.23,20701.25
688585.SH,2021-03-18,13.0,13.65,12.86,13.5,36649.15,49138.16
688585.SH,2021-03-19,13.34,14.12,13.3,13.61,31878.31,43942.66
688585.SH,2021-03-22,13.66,13.71,13.27,13.41,23141.77,31061.84
688585.SH,2021-03-23,13.43,13.49,12.63,12.67,20812.54,26940.04
688585.SH,2021-03-24,12.63,13.33,12.6,13.15,21507.79,28190.55
688585.SH,2021-03-25,13.01,13.8,13.0,13.55,27773.6,37527.11
688585.SH,2021-03-26,13.65,13.65,13.06,13.19,27086.38,35846.34
688585.SH,2021-03-29,13.0,14.26,12.87,13.59,43218.06,58493.34
688585.SH,2021-03-30,13.39,13.49,12.92,13.01,29590.99,38724.2
688585.SH,2021-03-31,12.93,13.34,12.84,13.01,18755.65,24537.93
688585.SH,2021-04-01,13.04,13.12,12.61,12.64,18382.91,23510.24
688585.SH,2021-04-02,12.79,12.9,12.1,12.77,16912.25,21428.08
688585.SH,2021-04-06,12.78,13.7,12.78,13.65,39084.41,52405.5
688585.SH,2021-04-07,13.61,13.89,13.39,13.76,24112.81,32880.02
688585.SH,2021-04-08,13.83,13.86,13.47,13.53,17469.54,23817.56
688585.SH,2021-04-09,13.4,13.55,13.01,13.11,19827.65,26245.66
688585.SH,2021-04-12,13.27,13.29,12.9,12.92,14575.19,19012.81
688585.SH,2021-04-13,12.93,13.06,12.68,12.77,11212.43,14419.6
688585.SH,2021-04-14,12.89,13.08,12.55,13.08,14455.5,18657.59
688585.SH,2021-04-15,12.92,12.95,12.6,12.68,15257.33,19486.83
688585.SH,2021-04-16,12.39,12.55,11.69,12.48,35667.71,43308.82
688585.SH,2021-04-19,12.44,12.9,12.31,12.85,25385.12,32083.86
688585.SH,2021-04-20,12.85,13.48,12.61,12.67,36504.16,47917.74
688585.SH,2021-04-21,12.69,12.69,12.19,12.25,19340.53,23950.25
688585.SH,2021-04-22,12.25,12.32,11.8,11.83,26391.39,31573.67
688585.SH,2021-04-23,11.83,12.06,11.72,11.84,13885.79,16446.96
688585.SH,2021-04-26,11.7,11.76,11.35,11.4,20737.14,23880.77
688585.SH,2021-04-27,11.4,11.43,11.02,11.14,12589.08,14123.12
688585.SH,2021-04-28,11.14,11.29,11.0,11.15,14169.56,15792.51
688585.SH,2021-04-29,11.08,11.37,11.06,11.17,10638.58,11892.23
688585.SH,2021-04-30,10.91,10.92,9.84,10.14,45479.68,46845.46
688585.SH,2021-05-06,10.16,10.2,9.9,10.03,14607.39,14600.6
688585.SH,2021-05-07,10.15,10.15,9.91,9.97,8266.01,8252.9
688585.SH,2021-05-10,9.95,10.09,9.89,9.98,11854.5,11832.9
688585.SH,2021-05-11,9.99,10.1,9.81,10.04,18051.81,17951.71
688585.SH,2021-05-12,10.07,10.14,9.93,10.05,12012.54,12014.08
688585.SH,2021-05-13,10.02,10.02,9.89,9.9,9710.78,9665.14
688585.SH,2021-05-14,9.99,10.08,9.88,10.03,8554.2,8559.73
688585.SH,2021-05-17,10.08,10.32,9.91,10.12,12509.42,12606.85
688585.SH,2021-05-18,10.12,10.34,10.03,10.27,11877.35,12132.24
688585.SH,2021-05-19,10.28,10.35,10.07,10.1,11342.34,11531.77
688585.SH,2021-05-20,10.1,10.25,10.0,10.13,10976.02,11091.49
688585.SH,2021-05-21,10.16,10.37,10.03,10.04,10987.45,11153.2
688585.SH,2021-05-24,10.12,10.13,9.94,10.0,8892.79,8902.83
688585.SH,2021-05-25,10.0,10.06,9.94,10.0,5647.86,5645.42
688585.SH,2021-05-26,10.03,10.24,10.02,10.13,12887.94,13024.63
688585.SH,2021-05-27,10.18,10.23,10.04,10.15,11824.51,11990.85
688585.SH,2021-05-28,10.23,10.25,9.91,9.97,12232.23,12283.95
688585.SH,2021-05-31,10.01,10.11,9.83,10.07,22964.97,22919.56
688585.SH,2021-06-01,10.12,10.69,9.99,10.37,45912.03,47912.3
688585.SH,2021-06-02,10.41,10.96,10.29,10.78,41263.16,44106.35
688585.SH,2021-06-03,10.68,10.88,10.54,10.61,26804.47,28662.05
688585.SH,2021-06-04,10.65,10.79,10.51,10.52,13932.66,14770.49
688585.SH,2021-06-07,10.65,10.83,10.46,10.72,16210.44,17268.64
688585.SH,2021-06-08,10.75,10.87,10.57,10.77,13350.37,14284.83
688585.SH,2021-06-09,10.63,10.75,10.51,10.63,13230.93,14047.26
688585.SH,2021-06-10,10.7,10.99,10.52,10.9,25873.84,27979.5
688585.SH,2021-06-11,11.0,11.18,10.46,10.47,34179.69,36707.95
688585.SH,2021-06-15,10.47,10.48,10.08,10.25,19252.2,19651.3
688585.SH,2021-06-16,10.16,10.25,9.96,10.02,14387.85,14487.19
688585.SH,2021-06-17,10.05,10.25,10.0,10.19,10623.25,10760.87
688585.SH,2021-06-18,10.21,10.21,10.06,10.16,9297.53,9399.1
688585.SH,2021-06-21,10.11,10.86,10.1,10.69,27539.18,28916.59
688585.SH,2021-06-22,10.71,10.75,10.49,10.65,17182.05,18180.76
688585.SH,2021-06-23,10.58,10.63,10.46,10.59,9131.48,9633.56
688585.SH,2021-06-24,10.61,10.61,10.42,10.44,8512.75,8913.64
688585.SH,2021-06-25,10.42,10.47,10.21,10.26,9681.09,9975.74
688585.SH,2021-06-28,10.26,10.71,10.24,10.57,20521.22,21622.89
688585.SH,2021-06-29,10.58,10.65,10.3,10.45,10832.82,11295.82
688585.SH,2021-06-30,10.41,10.83,10.25,10.6,21432.42,22757.9
688585.SH,2021-07-01,10.6,10.79,10.4,10.42,18522.09,19485.72
688585.SH,2021-07-02,10.42,10.58,10.23,10.25,11235.71,11662.41
688585.SH,2021-07-05,10.33,10.35,10.14,10.26,11513.18,11771.64
688585.SH,2021-07-06,10.26,10.55,10.25,10.34,15208.65,15808.04
688585.SH,2021-07-07,10.25,10.43,10.25,10.4,10090.0,10463.12
688585.SH,2021-07-08,10.45,10.45,10.31,10.37,8537.58,8854.17
688585.SH,2021-07-09,10.23,10.49,10.23,10.39,8833.48,9177.51
688585.SH,2021-07-12,10.44,10.73,10.32,10.62,17636.22,18599.46
688585.SH,2021-07-13,10.7,10.71,10.47,10.64,14386.2,15249.38
688585.SH,2021-07-14,10.63,10.8,10.48,10.49,12550.32,13316.14
688585.SH,2021-07-15,10.53,10.53,10.13,10.2,17859.91,18325.73
688585.SH,2021-07-16,10.49,10.6,10.16,10.16,14291.34,14802.64
688585.SH,2021-07-19,10.15,10.25,9.93,9.98,13288.2,13299.31
688585.SH,2021-07-20,10.05,10.11,9.96,10.03,8619.81,8627.38
688585.SH,2021-07-21,10.03,10.18,10.03,10.18,11803.44,11920.42
688585.SH,2021-07-22,10.19,10.6,10.09,10.42,22977.46,23781.9
688585.SH,2021-07-23,10.42,10.44,10.0,10.0,18144.9,18426.6
688585.SH,2021-07-26,10.1,10.1,9.34,9.57,25043.73,24153.64
688585.SH,2021-07-27,9.6,9.98,9.42,9.55,21065.28,20394.94
688585.SH,2021-07-28,9.78,9.78,8.94,8.98,23398.07,21450.36
688585.SH,2021-07-29,9.06,9.28,9.06,9.15,11472.24,10525.38
688585.SH,2021-07-30,9.08,10.17,9.03,9.88,55357.98,54224.47
688585.SH,2021-08-02,9.89,10.04,9.67,10.03,23199.4,22857.67
688585.SH,2021-08-03,9.94,10.22,9.87,9.92,16619.64,16698.25
688585.SH,2021-08-04,9.85,10.75,9.84,10.65,46549.29,48823.73
688585.SH,2021-08-05,10.72,11.25,10.5,10.95,53911.42,59299.72
688585.SH,2021-08-06,10.7,11.07,10.55,10.95,39812.5,43011.0
688585.SH,2021-08-09,10.96,11.5,10.96,11.18,28432.57,31939.42
688585.SH,2021-08-10,11.37,11.92,11.1,11.67,31710.68,37076.75
688585.SH,2021-08-11,11.54,11.94,11.4,11.56,23743.23,27607.55
688585.SH,2021-08-12,11.55,11.79,11.47,11.63,18647.62,21682.83
688585.SH,2021-08-13,11.52,12.18,11.52,12.09,33802.95,40324.68
688585.SH,2021-08-16,11.98,12.14,11.63,11.92,21788.89,25734.44
688585.SH,2021-08-17,11.9,11.9,11.33,11.48,20166.23,23327.01
688585.SH,2021-08-18,11.5,11.88,11.4,11.56,10529.68,12209.74
688585.SH,2021-08-19,11.65,11.65,10.85,11.05,23311.26,25972.75
688585.SH,2021-08-20,11.0,11.3,10.8,11.2,13231.57,14695.16
688585.SH,2021-08-23,11.3,11.44,10.9,11.2,22336.15,25008.19
688585.SH,2021-08-24,11.15,12.64,11.11,12.38,43759.92,52521.0
688585.SH,2021-08-25,12.29,13.52,11.96,13.17,51674.67,66155.91
688585.SH,2021-08-26,13.01,13.25,12.57,12.57,26440.49,33715.86
688585.SH,2021-08-27,12.49,12.66,12.01,12.19,16956.2,20862.98
688585.SH,2021-08-30,11.95,12.29,11.73,11.89,17940.84,21454.69
688585.SH,2021-08-31,11.98,11.98,11.47,11.62,16894.33,19638.49
688585.SH,2021-09-01,11.72,11.79,11.1,11.13,19918.86,22488.3
688585.SH,2021-09-02,11.3,12.65,11.02,12.09,44624.45,53366.16
688585.SH,2021-09-03,12.01,12.57,11.7,11.78,29949.56,36330.18
688585.SH,2021-09-06,11.75,12.27,11.62,11.7,17756.92,21135.85
688585.SH,2021-09-07,11.61,11.89,11.41,11.61,15052.85,17489.17
688585.SH,2021-09-08,11.66,11.77,11.4,11.53,11223.15,12975.47
688585.SH,2021-09-09,11.51,11.6,11.22,11.29,15710.82,17821.12
688585.SH,2021-09-10,11.22,11.36,11.1,11.26,11842.61,13309.93
688585.SH,2021-09-13,11.35,11.35,10.88,10.98,16010.02,17617.25
688585.SH,2021-09-14,10.92,11.05,10.55,10.6,12115.57,13073.13
688585.SH,2021-09-15,10.6,11.1,10.6,10.93,12597.61,13710.9
688585.SH,2021-09-16,10.75,12.0,10.73,11.34,40528.19,47095.15
688585.SH,2021-09-17,11.25,12.28,11.19,11.85,36705.11,43403.06
688585.SH,2021-09-22,11.71,12.18,11.39,11.64,23217.91,27221.53
688585.SH,2021-09-23,11.64,11.84,11.08,11.22,26587.42,30433.47
688585.SH,2021-09-24,11.23,12.38,10.91,12.03,37219.21,43620.13
688585.SH,2021-09-27,12.06,12.09,10.06,10.26,42968.2,46459.44
688585.SH,2021-09-28,10.26,11.33,10.26,11.22,34254.85,37111.19
688585.SH,2021-09-29,11.33,11.34,10.34,10.35,20239.02,21533.45
688585.SH,2021-09-30,10.38,10.72,10.31,10.44,11794.13,12386.81
688585.SH,2021-10-08,10.44,10.69,10.14,10.26,15571.41,16040.25
688585.SH,2021-10-11,10.25,10.69,10.08,10.5,11379.26,11809.78
688585.SH,2021-10-12,10.51,10.51,9.9,10.04,14909.16,15044.92
688585.SH,2021-10-13,10.04,10.14,9.65,9.85,10187.16,10032.92
688585.SH,2021-10-14,9.86,10.47,9.85,10.14,15047.71,15310.92
688585.SH,2021-10-15,10.1,10.1,9.6,9.67,24162.85,23520.71
688585.SH,2021-10-18,9.7,10.01,9.66,9.94,10552.53,10406.15
688585.SH,2021-10-19,10.0,10.05,9.82,9.94,8859.6,8802.13
688585.SH,2021-10-20,9.94,10.79,9.82,10.38,23994.58,24910.66
688585.SH,2021-10-21,10.32,10.35,10.01,10.01,11987.17,12113.13
688585.SH,2021-10-22,10.01,10.07,9.72,9.79,8456.58,8348.22
688585.SH,2021-10-25,9.9,10.33,9.84,10.13,14288.08,14470.21
688585.SH,2021-10-26,10.03,10.23,10.0,10.12,10589.87,10704.8
688585.SH,2021-10-27,10.05,10.2,9.77,9.78,6726.86,6692.95
688585.SH,2021-10-28,9.76,9.88,9.2,9.27,11018.16,10332.75
688585.SH,2021-10-29,9.31,9.6,9.2,9.35,7337.28,6846.84
688585.SH,2021-11-01,9.88,9.88,9.43,9.67,9695.99,9369.15
688585.SH,2021-11-02,9.88,9.88,9.35,9.41,10491.35,10049.77
688585.SH,2021-11-03,9.31,9.5,9.31,9.39,6790.94,6384.02
688585.SH,2021-11-04,9.45,10.34,9.44,10.29,26263.95,26441.97
688585.SH,2021-11-05,10.34,10.5,10.12,10.2,15647.09,16032.41
688585.SH,2021-11-08,10.15,10.5,10.02,10.39,16449.99,16965.26
688585.SH,2021-11-09,10.43,10.96,10.12,10.29,25547.64,26639.87
688585.SH,2021-11-10,10.2,10.5,10.06,10.48,14119.62,14471.52
688585.SH,2021-11-11,10.31,10.94,10.31,10.79,29282.72,31526.85
688585.SH,2021-11-12,10.99,11.08,10.31,11.0,23740.45,25509.1
688585.SH,2021-11-15,10.86,11.08,10.8,10.94,16112.89,17601.61
688585.SH,2021-11-16,10.88,11.26,10.88,11.05,12544.64,13876.36
688585.SH,2021-11-17,11.05,11.6,10.81,11.33,28209.76,31754.68
688585.SH,2021-11-18,11.2,11.36,10.92,10.97,21966.03,24450.95
688585.SH,2021-11-19,11.13,12.49,11.01,11.9,49533.32,58290.04
688585.SH,2021-11-22,11.85,12.31,11.62,11.66,38253.41,45398.0
688585.SH,2021-11-23,11.6,11.76,11.46,11.48,19693.55,22807.56
688585.SH,2021-11-24,11.58,11.7,11.33,11.45,14094.55,16191.25
688585.SH,2021-11-25,11.45,11.52,11.02,11.51,17160.2,19403.58
688585.SH,2021-11-26,11.5,11.55,11.1,11.24,14687.74,16495.29
688585.SH,2021-11-29,11.0,11.68,10.92,11.64,20544.09,23490.73
688585.SH,2021-11-30,11.62,12.25,11.42,11.5,22425.97,26400.84
688585.SH,2021-12-01,11.74,11.79,11.39,11.48,12935.3,14860.32
688585.SH,2021-12-02,11.31,11.6,11.14,11.14,17022.54,19344.62
688585.SH,2021-12-03,11.15,11.31,11.05,11.14,11966.44,13380.4
688585.SH,2021-12-06,11.1,11.26,10.81,10.85,10599.69,11626.6
688585.SH,2021-12-07,10.93,10.93,10.37,10.45,13418.12,14138.08
688585.SH,2021-12-08,10.54,10.6,10.38,10.45,6719.67,7048.79
688585.SH,2021-12-09,10.57,10.66,10.4,10.6,7980.93,8429.62
688585.SH,2021-12-10,10.55,10.85,10.52,10.75,8535.89,9142.3
688585.SH,2021-12-13,10.75,10.75,10.45,10.55,10216.79,10810.43
688585.SH,2021-12-14,10.56,10.65,10.46,10.57,7570.48,7984.44
688585.SH,2021-12-15,10.65,10.66,10.52,10.53,5529.65,5842.48
688585.SH,2021-12-16,10.6,10.79,10.6,10.7,10506.14,11234.55
688585.SH,2021-12-17,10.7,10.7,10.41,10.47,10025.02,10525.99
688585.SH,2021-12-20,10.44,10.63,10.03,10.04,13760.77,14028.87
688585.SH,2021-12-21,10.23,10.25,10.0,10.22,4676.06,4735.36
688585.SH,2021-12-22,10.31,10.43,10.24,10.37,5266.96,5437.16
688585.SH,2021-12-23,10.43,10.7,10.27,10.54,14136.04,14887.14
688585.SH,2021-12-24,10.58,10.66,10.0,10.05,12006.93,12265.88
688585.SH,2021-12-27,10.07,10.55,10.02,10.38,9856.28,10224.75
688585.SH,2021-12-28,10.47,10.5,10.37,10.46,4378.17,4571.04
688585.SH,2021-12-29,10.5,10.58,10.32,10.46,6171.1,6453.0
688585.SH,2021-12-30,10.47,10.63,10.36,10.58,6411.53,6749.56
688585.SH,2021-12-31,10.58,10.87,10.51,10.7,15525.54,16576.76
688585.SH,2022-01-04,10.88,10.88,10.65,10.71,9471.55,10153.31
688585.SH,2022-01-05,10.68,10.76,10.4,10.52,7959.23,8387.87
688585.SH,2022-01-06,10.48,10.75,10.48,10.58,7010.8,7455.89
688585.SH,2022-01-07,10.53,10.74,10.33,10.38,7739.37,8141.98
688585.SH,2022-01-10,10.39,10.63,10.33,10.52,6128.02,6448.13
688585.SH,2022-01-11,10.46,10.67,10.42,10.47,5755.16,6056.09
688585.SH,2022-01-12,10.56,10.87,10.48,10.71,10233.89,10953.38
688585.SH,2022-01-13,10.7,10.82,10.6,10.64,5878.78,6272.28
688585.SH,2022-01-14,10.7,10.73,10.5,10.56,7735.96,8206.42
688585.SH,2022-01-17,10.4,10.66,10.4,10.52,10901.73,11479.98
688585.SH,2022-01-18,10.6,10.6,10.14,10.15,10864.89,11175.99
688585.SH,2022-01-19,10.1,10.28,10.05,10.25,8564.48,8677.87
688585.SH,2022-01-20,10.25,10.25,9.84,9.89,17812.72,17860.61
688585.SH,2022-01-21,9.89,10.02,9.78,9.89,6877.55,6815.98
688585.SH,2022-01-24,9.92,10.01,9.85,9.97,3891.89,3862.71
688585.SH,2022-01-25,9.88,9.99,9.4,9.42,8295.3,8031.65
688585.SH,2022-01-26,9.56,9.72,9.44,9.7,5953.84,5697.21
688585.SH,2022-01-27,9.6,9.75,9.46,9.47,4700.63,4494.15
688585.SH,2022-01-28,9.67,9.75,9.44,9.64,4655.79,4479.27
688585.SH,2022-02-07,9.8,9.8,9.52,9.63,5074.82,4904.17
688585.SH,2022-02-08,9.74,9.95,9.61,9.92,4364.59,4281.15
688585.SH,2022-02-09,9.93,10.02,9.86,9.99,5115.29,5091.86
688585.SH,2022-02-10,10.0,10.0,9.83,9.86,6360.86,6288.32
688585.SH,2022-02-11,9.85,9.85,9.56,9.61,5687.09,5487.71
688585.SH,2022-02-14,9.54,9.72,9.48,9.54,3566.67,3414.99
688585.SH,2022-02-15,9.6,9.65,9.41,9.57,3111.21,2967.7
688585.SH,2022-02-16,9.58,9.76,9.57,9.71,4261.08,4132.11
688585.SH,2022-02-17,9.71,9.81,9.59,9.68,4773.34,4631.43
688585.SH,2022-02-18,9.68,9.79,9.55,9.71,2981.15,2873.55
688585.SH,2022-02-21,9.6,9.79,9.59,9.78,3469.92,3366.93
688585.SH,2022-02-22,9.78,9.78,9.53,9.65,3511.53,3381.57
688585.SH,2022-02-23,9.75,9.84,9.66,9.8,4886.07,4766.6
688585.SH,2022-02-24,9.73,9.85,9.5,9.51,9249.11,8927.53
688585.SH,2022-02-25,9.68,9.77,9.55,9.61,4391.16,4240.87
688585.SH,2022-02-28,9.72,9.73,9.48,9.69,4670.14,4493.96
688585.SH,2022-03-01,9.77,9.77,9.62,9.69,4560.26,4428.71
688585.SH,2022-03-02,9.62,9.96,9.62,9.87,6094.72,5991.78
688585.SH,2022-03-03,9.87,10.04,9.8,9.96,6360.35,6310.67
688585.SH,2022-03-04,9.88,10.49,9.8,10.25,19748.29,20043.56
688585.SH,2022-03-07,10.17,10.34,9.82,9.92,11111.93,11176.82
688585.SH,2022-03-08,9.99,10.0,9.49,9.49,7699.23,7468.37
688585.SH,2022-03-09,9.65,9.69,9.0,9.45,9754.78,9168.26
688585.SH,2022-03-10,9.7,9.75,9.55,9.69,4228.66,4082.88
688585.SH,2022-03-11,9.6,9.7,9.3,9.68,4982.12,4737.14
688585.SH,2022-03-14,9.55,10.07,9.51,9.88,7147.37,7050.63
688585.SH,2022-03-15,9.81,9.96,9.21,9.33,7717.04,7400.62
688585.SH,2022-03-16,9.5,9.52,9.0,9.41,7458.93,6891.22
688585.SH,2022-03-17,9.47,9.78,9.44,9.63,5837.86,5615.79
688585.SH,2022-03-18,9.64,9.8,9.59,9.75,4258.38,4133.11
688585.SH,2022-03-21,9.6,9.85,9.6,9.79,3606.15,3514.06
688585.SH,2022-03-22,9.78,9.88,9.64,9.8,3561.71,3482.17
688585.SH,2022-03-23,9.88,9.94,9.7,9.82,4584.54,4494.77
688585.SH,2022-03-24,9.8,9.8,9.61,9.71,4110.7,3975.72
688585.SH,2022-03-25,9.82,10.16,9.73,9.92,14513.21,14546.11
688585.SH,2022-03-28,9.93,10.35,9.9,10.18,14607.31,14818.77
688585.SH,2022-03-29,10.18,10.28,9.68,9.81,15766.09,15733.73
688585.SH,2022-03-30,9.86,9.89,9.68,9.8,4850.43,4753.8
688585.SH,2022-03-31,9.8,9.98,9.56,9.67,8936.92,8730.52
688585.SH,2022-04-01,9.52,9.62,9.48,9.48,5602.12,5348.06
688585.SH,2022-04-06,9.48,9.62,9.37,9.44,4669.05,4409.99
688585.SH,2022-04-07,9.44,9.45,9.04,9.07,8991.04,8250.69
688585.SH,2022-04-08,9.03,9.18,8.65,8.72,12781.15,11213.87
688585.SH,2022-04-11,8.8,8.8,8.32,8.44,5852.57,4962.49
688585.SH,2022-04-12,8.46,8.69,8.18,8.55,5160.34,4370.18
688585.SH,2022-04-13,8.52,8.58,8.38,8.4,3215.75,2718.43
688585.SH,2022-04-14,8.49,8.53,8.23,8.27,2716.31,2263.21
688585.SH,2022-04-15,8.27,8.27,8.0,8.01,4745.83,3843.69
688585.SH,2022-04-18,8.01,8.2,7.7,8.03,7679.9,6069.34
688585.SH,2022-04-19,8.15,8.21,8.0,8.04,3322.92,2685.04
688585.SH,2022-04-20,8.12,8.2,7.85,7.95,4935.21,3948.85
688585.SH,2022-04-21,7.88,8.02,7.54,7.55,4558.23,3538.69
688585.SH,2022-04-22,7.51,7.64,7.41,7.45,3921.41,2940.14
688585.SH,2022-04-25,7.41,7.58,6.63,6.63,10274.96,7242.48
688585.SH,2022-04-26,6.72,6.85,6.43,6.44,10121.69,6767.23
688585.SH,2022-04-27,6.4,6.7,6.29,6.66,6035.31,3924.91
688585.SH,2022-04-28,6.72,6.9,6.54,6.61,4459.35,3001.51
688585.SH,2022-04-29,6.69,7.2,6.59,7.07,6603.84,4579.15
688585.SH,2022-05-05,7.14,7.55,7.14,7.47,9490.47,7049.54
688585.SH,2022-05-06,7.47,7.5,7.21,7.4,6444.84,4764.44
688585.SH,2022-05-09,7.5,7.69,7.4,7.52,4132.83,3122.59
688585.SH,2022-05-10,7.48,7.81,7.32,7.74,5442.72,4166.33
688585.SH,2022-05-11,7.87,8.2,7.7,7.91,8879.1,7138.86
688585.SH,2022-05-12,7.81,8.1,7.74,7.96,5738.17,4515.26
688585.SH,2022-05-13,7.96,8.0,7.73,7.82,5134.0,4025.33
688585.SH,2022-05-16,7.85,8.42,7.85,8.29,16774.64,13736.0
688585.SH,2022-05-17,8.37,8.38,8.17,8.29,7840.45,6465.32
688585.SH,2022-05-18,8.35,8.35,8.15,8.17,5124.29,4220.21
688585.SH,2022-05-19,8.17,8.29,8.0,8.22,5669.03,4619.62
688585.SH,2022-05-20,8.22,8.52,8.12,8.32,9863.9,8270.01
688585.SH,2022-05-23,8.31,8.84,8.23,8.78,11100.61,9612.25
688585.SH,2022-05-24,8.78,8.78,8.3,8.3,10025.76,8594.87
688585.SH,2022-05-25,8.22,8.98,8.21,8.59,6074.85,5216.31
688585.SH,2022-05-26,8.51,8.65,8.2,8.29,5905.39,4920.74
688585.SH,2022-05-27,8.47,8.85,8.25,8.34,8627.81,7351.15
688585.SH,2022-05-30,8.34,8.54,8.23,8.47,6613.48,5545.79
688585.SH,2022-05-31,8.5,8.84,8.43,8.75,13421.33,11599.88
688585.SH,2022-06-01,8.66,9.21,8.66,9.2,12709.1,11520.8
688585.SH,2022-06-02,9.17,9.66,8.95,9.53,16550.65,15540.68
688585.SH,2022-06-06,9.46,9.79,9.41,9.71,15888.07,15356.88
688585.SH,2022-06-07,9.7,9.7,9.36,9.57,11039.84,10528.32
688585.SH,2022-06-08,9.5,9.87,9.05,9.28,12231.66,11449.93
688585.SH,2022-06-09,9.1,9.69,9.1,9.55,20755.42,19500.08
688585.SH,2022-06-10,9.4,9.4,9.2,9.29,10878.51,10080.15
688585.SH,2022-06-13,9.21,9.48,9.07,9.18,10392.92,9554.53
688585.SH,2022-06-14,9.18,9.3,8.88,9.16,10541.26,9605.35
688585.SH,2022-06-15,9.07,9.34,8.98,9.02,9541.17,8700.01
688585.SH,2022-06-16,9.03,9.25,8.92,9.06,7268.19,6602.88
688585.SH,2022-06-17,9.1,9.29,8.98,9.12,4946.12,4506.17
688585.SH,2022-06-20,9.19,9.67,9.07,9.41,14079.8,13213.09
688585.SH,2022-06-21,9.42,9.57,9.11,9.33,6847.29,6371.5
688585.SH,2022-06-22,9.16,9.33,8.88,8.88,7945.81,7157.31
688585.SH,2022-06-23,8.89,9.22,8.89,9.16,6820.84,6215.6
688585.SH,2022-06-24,9.16,9.46,9.15,9.41,6443.96,6028.03
688585.SH,2022-06-27,9.46,9.91,9.37,9.89,21210.7,20696.58
688585.SH,2022-06-28,9.89,9.89,9.59,9.7,9896.04,9569.29
688585.SH,2022-06-29,9.53,10.5,9.53,10.16,35754.59,36582.4
688585.SH,2022-06-30,10.11,10.2,9.52,9.66,33493.89,32587.68
688585.SH,2022-07-01,9.56,9.97,9.45,9.57,15957.22,15409.66
688585.SH,2022-07-04,9.52,9.68,9.0,9.04,26423.11,24178.87
688585.SH,2022-07-05,9.2,9.56,8.99,9.06,14410.01,13316.45
688585.SH,2022-07-06,9.06,9.24,8.93,8.95,9982.02,9018.37
688585.SH,2022-07-07,9.16,9.16,8.82,9.01,7295.37,6509.19
688585.SH,2022-07-08,9.04,9.19,8.96,9.0,6369.19,5767.56
688585.SH,2022-07-11,9.2,9.2,8.8,9.0,8392.93,7486.95
688585.SH,2022-07-12,9.01,9.09,8.62,8.7,8955.18,7880.36
688585.SH,2022-07-13,8.62,9.0,8.51,8.81,9200.17,8083.09
688585.SH,2022-07-14,8.82,9.14,8.8,9.08,13294.4,11960.56
688585.SH,2022-07-15,8.99,9.12,8.88,8.88,5519.97,4961.63
688585.SH,2022-07-18,8.95,9.43,8.95,9.4,13700.15,12646.37
688585.SH,2022-07-19,9.41,11.28,9.27,10.8,90495.79,93945.81
688585.SH,2022-07-20,10.53,10.97,10.1,10.47,65990.86,69100.05
688585.SH,2022-07-21,10.56,10.56,10.0,10.03,37483.82,38079.84
688585.SH,2022-07-22,10.04,10.44,10.04,10.13,32114.88,32840.51
688585.SH,2022-07-25,10.25,10.43,9.9,10.0,20449.54,20634.52
688585.SH,2022-07-26,9.9,10.09,9.7,10.08,18795.87,18609.93
688585.SH,2022-07-27,10.08,10.45,10.0,10.37,20645.26,21207.52
688585.SH,2022-07-28,10.43,10.55,10.27,10.47,16395.38,17097.44
688585.SH,2022-07-29,10.65,10.85,10.45,10.67,21636.98,23124.42
688585.SH,2022-08-01,10.67,11.37,10.56,11.15,27080.52,29955.02
688585.SH,2022-08-02,11.1,11.19,10.4,10.41,29000.44,31192.34
688585.SH,2022-08-03,10.48,11.25,10.41,10.54,30615.91,32979.58
688585.SH,2022-08-04,10.61,10.78,10.35,10.75,27042.14,28587.8
688585.SH,2022-08-05,10.7,10.76,10.25,10.41,28283.95,29510.35
688585.SH,2022-08-08,10.38,10.57,10.21,10.5,14973.67,15610.62
688585.SH,2022-08-09,10.6,11.07,10.43,10.77,17949.21,19284.05
688585.SH,2022-08-10,10.9,10.9,10.6,10.77,14280.16,15331.74
688585.SH,2022-08-11,10.89,11.33,10.62,11.21,21551.59,23913.58
688585.SH,2022-08-12,11.19,11.58,10.92,10.93,24669.95,27676.22
688585.SH,2022-08-15,11.2,11.46,10.6,11.29,28779.6,31921.61
688585.SH,2022-08-16,11.37,11.93,11.16,11.49,33207.38,38511.4
688585.SH,2022-08-17,11.32,11.8,11.11,11.25,25437.92,28848.34
688585.SH,2022-08-18,11.18,11.97,11.1,11.56,30246.81,35148.04
688585.SH,2022-08-19,11.78,11.78,11.12,11.18,22594.17,25661.23
688585.SH,2022-08-22,11.1,11.29,10.72,10.72,20437.96,22276.25
688585.SH,2022-08-23,10.93,11.06,10.6,10.83,13352.19,14379.78
688585.SH,2022-08-24,10.87,10.9,10.15,10.21,19275.57,19943.95
688585.SH,2022-08-25,10.23,10.3,9.89,10.17,12252.83,12360.92
688585.SH,2022-08-26,10.17,10.35,9.84,9.86,8972.44,9039.32
688585.SH,2022-08-29,10.01,10.27,9.78,10.26,9629.54,9752.08
688585.SH,2022-08-30,10.25,10.37,9.96,10.13,7842.04,7921.55
688585.SH,2022-08-31,10.04,10.08,9.55,9.58,9701.9,9451.18
688585.SH,2022-09-01,9.91,9.94,9.41,9.45,7212.13,6890.82
688585.SH,2022-09-02,9.5,9.68,9.47,9.63,4277.62,4107.79
688585.SH,2022-09-05,9.56,9.79,9.56,9.69,5941.61,5752.17
688585.SH,2022-09-06,9.74,9.95,9.55,9.7,6701.87,6468.54
688585.SH,2022-09-07,9.77,9.9,9.65,9.76,8550.81,8362.47
688585.SH,2022-09-08,9.86,9.92,9.45,9.47,6964.75,6691.72
688585.SH,2022-09-09,9.68,9.68,9.27,9.33,6409.61,6000.61
688585.SH,2022-09-13,9.38,9.65,9.35,9.49,5197.64,4925.93
688585.SH,2022-09-14,9.42,9.49,9.3,9.33,5391.65,5049.77
688585.SH,2022-09-15,9.49,9.49,8.92,8.98,5869.71,5332.63
688585.SH,2022-09-16,9.16,9.16,8.69,8.8,4405.92,3892.05
688585.SH,2022-09-19,8.75,8.9,8.47,8.58,4020.39,3490.71
688585.SH,2022-09-20,8.84,8.84,8.62,8.73,3051.78,2677.93
688585.SH,2022-09-21,8.72,8.88,8.54,8.78,5964.33,5203.22
688585.SH,2022-09-22,8.88,9.13,8.75,8.89,4571.81,4099.66
688585.SH,2022-09-23,8.98,8.99,8.64,8.66,2757.41,2415.66
688585.SH,2022-09-26,8.77,8.77,8.31,8.32,4537.03,3839.47
688585.SH,2022-09-27,8.4,8.75,8.38,8.7,4116.76,3541.62
688585.SH,2022-09-28,8.71,8.9,8.4,8.46,5484.58,4732.21
688585.SH,2022-09-29,8.5,8.65,8.24,8.24,4813.3,4027.69
688585.SH,2022-09-30,8.2,8.39,8.05,8.06,3685.61,2996.83
688585.SH,2022-10-10,8.06,8.27,7.84,7.87,4617.64,3698.37
688585.SH,2022-10-11,7.8,8.25,7.7,8.06,7643.86,6106.17
688585.SH,2022-10-12,8.06,8.34,7.77,8.24,6472.44,5182.13
688585.SH,2022-10-13,8.29,8.65,8.13,8.46,8983.38,7574.56
688585.SH,2022-10-14,8.53,8.74,8.45,8.65,9078.61,7831.61
688585.SH,2022-10-17,8.61,9.52,8.61,9.4,16932.18,15485.4
688585.SH,2022-10-18,9.69,9.69,9.09,9.13,17488.57,16190.07
688585.SH,2022-10-19,9.17,9.17,8.95,9.0,9745.55,8780.29
688585.SH,2022-10-20,9.07,9.07,8.9,8.91,7223.17,6465.29
688585.SH,2022-10-21,9.06,9.07,8.88,8.96,5485.18,4926.83
688585.SH,2022-10-24,9.05,9.17,8.84,8.95,9181.74,8275.58
688585.SH,2022-10-25,9.08,9.08,8.66,8.91,9371.24,8257.73
688585.SH,2022-10-26,8.92,9.42,8.92,9.24,12658.56,11711.39
688585.SH,2022-10-27,9.2,9.33,9.0,9.09,10506.92,9577.28
688585.SH,2022-10-28,9.15,9.15,8.74,8.8,13285.8,11833.37
688585.SH,2022-10-31,8.88,9.29,8.75,9.18,11656.46,10660.08
688585.SH,2022-11-01,9.25,9.47,9.08,9.34,9716.95,9064.44
688585.SH,2022-11-02,9.39,9.5,9.3,9.38,12908.23,12134.56
688585.SH,2022-11-03,9.33,9.45,9.3,9.42,5270.42,4949.11
688585.SH,2022-11-04,9.48,9.82,9.39,9.59,12067.71,11632.78
688585.SH,2022-11-07,9.65,10.07,9.54,9.9,19100.79,18949.05
688585.SH,2022-11-08,9.83,10.0,9.66,9.76,7706.98,7524.87
688585.SH,2022-11-09,9.81,9.96,9.66,9.87,8269.49,8145.28
688585.SH,2022-11-10,9.87,9.87,9.32,9.34,18092.11,17185.9
688585.SH,2022-11-11,9.38,9.61,9.2,9.2,12191.06,11435.81
688585.SH,2022-11-14,9.4,9.4,9.12,9.13,8757.34,8080.36
688585.SH,2022-11-15,9.21,9.78,9.11,9.7,18209.0,17292.79
688585.SH,2022-11-16,9.8,9.8,9.36,9.43,10857.28,10308.31
688585.SH,2022-11-17,9.43,9.58,9.27,9.58,9211.14,8680.91
688585.SH,2022-11-18,9.58,9.76,9.34,9.34,7174.41,6827.14
688585.SH,2022-11-21,9.3,9.76,9.29,9.76,10081.45,9627.26
688585.SH,2022-11-22,9.75,9.77,9.37,9.46,8650.84,8276.68
688585.SH,2022-11-23,9.51,9.51,9.16,9.32,8279.88,7692.44
688585.SH,2022-11-24,9.4,9.59,9.36,9.48,6693.75,6362.51
688585.SH,2022-11-25,9.6,9.6,9.23,9.31,7487.21,7017.73
688585.SH,2022-11-28,9.35,9.43,8.93,8.98,19292.91,17428.49
688585.SH,2022-11-29,8.98,9.28,8.97,9.09,14802.99,13530.31
688585.SH,2022-11-30,9.11,9.25,8.95,8.96,10150.0,9159.51
688585.SH,2022-12-01,9.09,9.18,8.97,9.02,13531.08,12268.29
688585.SH,2022-12-02,9.05,9.16,8.97,9.05,7870.61,7139.31
688585.SH,2022-12-05,9.05,9.16,8.86,9.0,15726.48,14053.75
688585.SH,2022-12-06,8.82,9.1,8.7,8.75,14047.31,12327.76
688585.SH,2022-12-07,8.73,8.84,8.63,8.75,8334.93,7292.15
688585.SH,2022-12-08,8.83,8.86,8.56,8.56,7768.38,6697.14
688585.SH,2022-12-09,8.61,8.67,8.49,8.5,5920.25,5065.36
688585.SH,2022-12-12,8.56,8.68,8.35,8.65,8824.77,7518.57
688585.SH,2022-12-13,8.64,8.64,8.35,8.39,11600.89,9784.38
688585.SH,2022-12-14,8.44,8.68,8.32,8.48,8339.15,7118.51
688585.SH,2022-12-15,8.6,8.6,8.41,8.55,4083.69,3468.07
688585.SH,2022-12-16,8.6,8.6,8.3,8.32,6638.15,5568.0
688585.SH,2022-12-19,8.37,8.54,8.03,8.1,7866.13,6438.8
688585.SH,2022-12-20,8.1,8.28,8.08,8.17,3976.61,3246.62
688585.SH,2022-12-21,8.11,8.29,7.99,8.09,5410.53,4362.15
688585.SH,2022-12-22,8.18,8.19,7.85,7.92,5399.12,4327.95
688585.SH,2022-12-23,7.8,8.03,7.8,7.82,3196.69,2528.78
688585.SH,2022-12-26,8.06,8.08,7.8,7.97,4566.65,3629.61
688585.SH,2022-12-27,7.99,8.1,7.85,8.04,3288.4,2622.37
688585.SH,2022-12-28,8.08,8.08,7.77,7.8,8094.89,6381.77
688585.SH,2022-12-29,7.77,7.99,7.77,7.89,3836.74,3028.43
688585.SH,2022-12-30,7.87,8.09,7.8,8.01,5191.06,4133.05
688585.SH,2023-01-03,7.75,8.3,7.75,8.26,8799.39,7155.67
688585.SH,2023-01-04,8.35,8.35,8.17,8.23,5935.84,4885.86
688585.SH,2023-01-05,8.25,8.42,8.18,8.38,8997.39,7482.25
688585.SH,2023-01-06,8.36,8.56,8.36,8.4,8239.82,6984.69
688585.SH,2023-01-09,8.52,8.54,8.34,8.45,5167.97,4371.33
688585.SH,2023-01-10,8.41,8.55,8.4,8.43,3457.68,2930.77
688585.SH,2023-01-11,8.42,8.53,8.29,8.3,4616.92,3869.31
688585.SH,2023-01-12,8.26,8.48,8.26,8.35,6411.97,5374.95
688585.SH,2023-01-13,8.3,8.49,8.3,8.38,5265.1,4410.12
688585.SH,2023-01-16,8.44,8.55,8.34,8.49,8810.72,7485.06
688585.SH,2023-01-17,8.53,8.67,8.36,8.55,5586.11,4771.66
688585.SH,2023-01-18,8.53,8.62,8.52,8.6,4172.67,3577.14
688585.SH,2023-01-19,8.53,8.67,8.53,8.62,4471.82,3853.13
688585.SH,2023-01-20,8.83,9.14,8.75,8.93,20543.52,18378.67
688585.SH,2023-01-30,9.09,9.16,8.99,9.1,15014.07,13632.73
688585.SH,2023-01-31,9.24,9.24,9.05,9.18,8840.27,8073.11
688585.SH,2023-02-01,9.19,9.4,9.18,9.38,10254.77,9550.71
688585.SH,2023-02-02,9.47,9.74,9.29,9.64,19202.34,18451.34
688585.SH,2023-02-03,9.75,9.75,9.38,9.5,12481.68,11865.44
688585.SH,2023-02-06,9.55,9.7,9.39,9.54,9044.86,8657.17
688585.SH,2023-02-07,9.57,9.78,9.43,9.71,15633.22,15080.69
688585.SH,2023-02-08,9.74,9.79,9.55,9.58,5828.08,5604.54
688585.SH,2023-02-09,9.54,9.86,9.51,9.83,10490.69,10252.32
688585.SH,2023-02-10,9.8,9.85,9.59,9.65,7971.59,7727.67
688585.SH,2023-02-13,9.79,9.87,9.59,9.78,12249.53,11995.8
688585.SH,2023-02-14,9.9,9.93,9.73,9.8,12685.56,12472.37
688585.SH,2023-02-15,9.92,9.92,9.73,9.8,8295.95,8149.58
688585.SH,2023-02-16,9.85,9.89,9.37,9.47,13545.15,13055.04
688585.SH,2023-02-17,9.53,9.6,9.4,9.45,8024.41,7630.57
688585.SH,2023-02-20,9.43,9.68,9.4,9.67,11532.3,11016.63
688585.SH,2023-02-21,9.68,9.7,9.45,9.5,10346.69,9909.03
688585.SH,2023-02-22,9.58,9.75,9.42,9.62,6895.07,6623.07
688585.SH,2023-02-23,9.6,9.76,9.56,9.69,9358.52,9044.69
688585.SH,2023-02-24,9.71,9.76,9.61,9.68,5907.83,5712.03
688585.SH,2023-02-27,9.54,9.83,9.54,9.7,9105.11,8836.91
688585.SH,2023-02-28,9.66,9.84,9.58,9.62,8767.6,8455.0
688585.SH,2023-03-01,9.8,9.85,9.58,9.8,10770.52,10470.52
688585.SH,2023-03-02,9.7,9.86,9.7,9.79,6725.17,6574.25
688585.SH,2023-03-03,9.85,9.88,9.59,9.61,7054.71,6833.44
688585.SH,2023-03-06,9.83,9.83,9.6,9.68,8218.55,7985.17
688585.SH,2023-03-07,9.75,9.75,9.5,9.5,8309.12,7963.19
688585.SH,2023-03-08,9.45,9.7,9.3,9.69,8227.91,7912.28
688585.SH,2023-03-09,9.73,9.85,9.63,9.73,11441.59,11124.03
688585.SH,2023-03-10,9.69,9.78,9.6,9.61,7600.36,7346.82
688585.SH,2023-03-13,9.66,9.7,9.48,9.66,8689.62,8329.09
688585.SH,2023-03-14,9.63,9.66,9.23,9.32,10532.59,9888.34
688585.SH,2023-03-15,9.39,9.62,9.39,9.48,6705.98,6390.55
688585.SH,2023-03-16,9.5,9.76,9.45,9.6,10374.19,9982.28
688585.SH,2023-03-17,9.59,9.83,9.54,9.71,8292.07,8041.86
688585.SH,2023-03-20,9.77,9.77,9.38,9.53,8099.04,7691.8
688585.SH,2023-03-21,9.56,9.81,9.48,9.79,14929.42,14536.88
688585.SH,2023-03-22,9.81,9.9,9.78,9.87,8567.19,8446.04
688585.SH,2023-03-23,9.85,9.92,9.65,9.8,8216.21,8024.67
688585.SH,2023-03-24,9.88,10.4,9.79,10.3,16669.91,16917.62
688585.SH,2023-03-27,10.3,10.39,9.94,10.06,23890.27,23947.9
688585.SH,2023-03-28,10.05,10.05,9.7,9.7,15151.83,14844.2
688585.SH,2023-03-29,9.64,9.76,9.48,9.55,11501.3,11033.16
688585.SH,2023-03-30,9.5,9.7,9.4,9.54,11387.94,10829.59
688585.SH,2023-03-31,9.56,9.62,9.26,9.33,13042.21,12229.28
688585.SH,2023-04-03,9.42,9.53,8.99,9.03,22138.3,20180.7
688585.SH,2023-04-04,9.09,9.09,8.68,8.77,20409.69,17983.1
688585.SH,2023-04-06,8.7,8.83,8.58,8.74,15671.72,13630.04
688585.SH,2023-04-07,8.76,8.83,8.72,8.74,9541.17,8362.13
688585.SH,2023-04-10,8.65,8.74,8.5,8.55,14400.83,12385.44
688585.SH,2023-04-11,8.55,8.64,8.39,8.48,11269.76,9548.49
688585.SH,2023-04-12,8.51,8.62,8.47,8.58,9298.24,7943.16
688585.SH,2023-04-13,8.61,8.78,8.52,8.52,10518.41,9072.04
688585.SH,2023-04-14,8.52,8.69,8.52,8.6,8830.61,7592.73
688585.SH,2023-04-17,8.61,8.78,8.61,8.75,13774.18,12001.87
688585.SH,2023-04-18,8.81,8.83,8.55,8.64,9527.54,8227.26
688585.SH,2023-04-19,8.58,8.73,8.56,8.6,5180.04,4458.96
688585.SH,2023-04-20,8.6,8.67,8.37,8.52,7419.68,6306.27
688585.SH,2023-04-21,8.59,8.59,8.29,8.3,9060.49,7620.75
688585.SH,2023-04-24,8.13,8.45,8.13,8.24,7479.63,6155.27
688585.SH,2023-04-25,8.17,8.38,7.91,8.03,7840.71,6335.52
688585.SH,2023-04-26,8.07,8.18,7.99,8.12,5366.95,4341.02
688585.SH,2023-04-27,8.05,8.25,8.05,8.15,4511.18,3681.01
688585.SH,2023-04-28,8.1,8.3,8.0,8.28,8860.56,7272.63
688585.SH,2023-05-04,8.38,8.4,8.27,8.32,7210.68,6007.15
688585.SH,2023-05-05,8.23,8.36,8.09,8.18,7175.71,5894.25
688585.SH,2023-05-08,8.3,8.3,8.12,8.14,7560.78,6177.84
688585.SH,2023-05-09,8.17,8.18,7.9,7.98,9454.32,7612.08
688585.SH,2023-05-10,8.01,8.02,7.8,7.92,9799.88,7737.41
688585.SH,2023-05-11,7.97,8.14,7.92,8.12,7529.57,6071.08
688585.SH,2023-05-12,8.12,8.18,7.93,8.0,5489.31,4420.41
688585.SH,2023-05-15,8.08,8.17,7.91,8.16,7059.45,5707.81
688585.SH,2023-05-16,8.05,8.31,8.04,8.17,8948.11,7312.53
688585.SH,2023-05-17,8.04,8.34,8.04,8.3,8769.48,7238.93
688585.SH,2023-05-18,8.33,8.38,8.22,8.38,8703.34,7234.33
688585.SH,2023-05-19,8.36,8.44,8.28,8.38,5796.32,4845.6
688585.SH,2023-05-22,8.55,8.55,8.31,8.41,8805.11,7398.66
688585.SH,2023-05-23,8.35,8.54,8.35,8.42,7262.01,6150.84
688585.SH,2023-05-24,8.37,8.53,8.37,8.46,3451.14,2923.75
688585.SH,2023-05-25,8.52,8.52,8.31,8.4,4786.21,4019.52
688585.SH,2023-05-26,8.43,8.54,8.3,8.44,5354.7,4493.97
688585.SH,2023-05-29,8.65,8.65,8.26,8.27,6477.5,5421.49
688585.SH,2023-05-30,8.28,8.37,8.17,8.27,5037.66,4155.72
688585.SH,2023-05-31,8.69,8.69,8.11,8.11,7463.96,6131.32
688585.SH,2023-06-01,8.12,8.33,8.06,8.24,6366.29,5247.26
688585.SH,2023-06-02,8.24,8.45,8.18,8.4,11202.73,9365.26
688585.SH,2023-06-05,8.45,8.52,8.35,8.41,6068.04,5107.26
688585.SH,2023-06-06,8.41,8.42,8.15,8.16,5671.63,4687.53
688585.SH,2023-06-07,8.16,8.21,8.1,8.14,4910.0,3994.51
688585.SH,2023-06-08,8.14,8.14,7.94,8.0,8401.54,6736.66
688585.SH,2023-06-09,7.96,8.02,7.79,7.82,8767.52,6903.81
688585.SH,2023-06-12,7.86,7.92,7.68,7.88,11891.42,9278.07
688585.SH,2023-06-13,7.78,7.97,7.78,7.85,6858.93,5394.29
688585.SH,2023-06-14,7.89,7.9,7.7,7.71,8844.97,6862.39
688585.SH,2023-06-15,7.73,7.78,7.65,7.7,8428.7,6502.85
688585.SH,2023-06-16,7.66,7.88,7.66,7.75,14749.71,11445.92
688585.SH,2023-06-19,7.8,7.95,7.77,7.9,11818.95,9279.42
688585.SH,2023-06-20,7.9,8.06,7.82,8.0,13006.04,10331.3
688585.SH,2023-06-21,8.01,8.17,7.9,7.96,13973.83,11217.43
688585.SH,2023-06-26,7.98,7.99,7.7,7.74,11972.88,9349.21
688585.SH,2023-06-27,7.56,7.89,7.56,7.86,8297.26,6477.01
688585.SH,2023-06-28,7.94,8.02,7.71,7.99,10030.11,7949.18
688585.SH,2023-06-29,8.04,8.22,7.99,8.13,12966.44,10549.5
688585.SH,2023-06-30,8.19,8.25,8.15,8.23,8015.51,6579.33
688585.SH,2023-07-03,8.23,8.49,8.19,8.26,8708.78,7224.23
688585.SH,2023-07-04,8.26,8.35,8.18,8.3,5990.79,4969.72
688585.SH,2023-07-05,8.25,8.37,8.19,8.26,6090.56,5059.06
688585.SH,2023-07-06,8.37,8.37,8.2,8.25,5473.58,4535.94
688585.SH,2023-07-07,8.26,8.33,8.2,8.25,7073.72,5832.48
688585.SH,2023-07-10,8.29,8.32,8.19,8.21,5348.88,4417.37
688585.SH,2023-07-11,8.32,8.4,8.17,8.38,8561.36,7111.44
688585.SH,2023-07-12,8.37,8.41,8.22,8.3,5379.72,4467.2
688585.SH,2023-07-13,8.32,8.32,8.19,8.21,6675.98,5493.7
688585.SH,2023-07-14,8.24,8.76,8.12,8.54,37326.35,31833.0
688585.SH,2023-07-17,8.48,8.96,8.47,8.57,47670.02,41467.59
688585.SH,2023-07-18,8.56,9.01,8.45,8.96,44683.62,39432.63
688585.SH,2023-07-19,8.89,8.89,8.59,8.63,31037.69,26932.29
688585.SH,2023-07-20,8.66,8.68,8.37,8.43,26679.4,22632.38
688585.SH,2023-07-21,8.47,8.48,8.23,8.26,13273.17,11072.13
688585.SH,2023-07-24,8.35,8.53,8.28,8.39,22089.77,18635.9
688585.SH,2023-07-25,8.28,8.63,8.28,8.59,20740.23,17722.95
688585.SH,2023-07-26,8.66,8.66,8.4,8.46,11740.65,9959.05
688585.SH,2023-07-27,8.46,8.5,8.3,8.32,10223.93,8583.58
688585.SH,2023-07-28,8.44,8.51,8.25,8.4,8501.42,7110.38
688585.SH,2023-07-31,8.51,8.52,8.28,8.33,12104.18,10096.15
688585.SH,2023-08-01,8.34,8.35,8.2,8.28,12838.62,10616.32
688585.SH,2023-08-02,8.28,8.34,8.2,8.26,9780.7,8083.37
688585.SH,2023-08-03,8.22,8.23,8.01,8.09,14079.94,11379.93
688585.SH,2023-08-04,8.15,8.15,7.97,8.01,10646.12,8567.92
688585.SH,2023-08-07,8.0,8.02,7.89,7.93,5257.2,4169.14
688585.SH,2023-08-08,7.95,8.0,7.89,7.98,5296.87,4211.21
688585.SH,2023-08-09,7.92,8.0,7.85,7.86,8154.63,6458.25
688585.SH,2023-08-10,7.85,8.13,7.83,8.07,12582.58,10088.15
688585.SH,2023-08-11,8.05,8.05,7.86,7.87,6164.77,4902.5
688585.SH,2023-08-14,7.87,7.92,7.74,7.82,7964.31,6210.96
688585.SH,2023-08-15,7.84,7.87,7.76,7.82,4477.86,3502.03
688585.SH,2023-08-16,7.77,7.85,7.67,7.71,7003.67,5435.74
688585.SH,2023-08-17,7.72,7.87,7.59,7.86,7498.12,5798.59
688585.SH,2023-08-18,7.9,8.65,7.86,8.16,46741.27,38929.99
688585.SH,2023-08-21,8.11,8.22,7.89,7.95,26359.52,21185.83
688585.SH,2023-08-22,8.07,8.07,7.61,7.79,19571.71,15179.94
688585.SH,2023-08-23,7.69,7.75,7.6,7.62,7478.54,5725.16
688585.SH,2023-08-24,7.61,7.67,7.42,7.56,13010.9,9810.53
688585.SH,2023-08-25,7.52,7.62,7.33,7.38,8190.68,6110.73
688585.SH,2023-08-28,7.84,7.84,7.46,7.49,13555.54,10319.95
688585.SH,2023-08-29,7.47,8.04,7.47,8.02,20249.74,15976.24
688585.SH,2023-08-30,8.04,8.41,8.04,8.3,19422.76,16096.24
688585.SH,2023-08-31,8.28,8.51,8.24,8.34,22794.41,19033.89
688585.SH,2023-09-01,8.34,8.59,8.3,8.36,15459.43,12951.61
688585.SH,2023-09-04,8.59,8.59,8.16,8.35,14727.72,12314.28
688585.SH,2023-09-05,8.35,8.45,8.2,8.29,9256.78,7689.13
688585.SH,2023-09-06,8.3,8.38,8.19,8.36,8961.28,7448.56
688585.SH,2023-09-07,8.34,8.39,8.19,8.23,10635.64,8819.54
688585.SH,2023-09-08,8.23,8.4,8.17,8.28,10217.78,8500.21
688585.SH,2023-09-11,8.45,8.45,8.19,8.33,10055.84,8345.61
688585.SH,2023-09-12,8.45,8.55,8.26,8.3,8620.12,7193.4
688585.SH,2023-09-13,8.32,8.39,8.16,8.25,8467.88,6992.7
688585.SH,2023-09-14,8.25,8.25,8.05,8.14,6852.92,5574.22
688585.SH,2023-09-15,8.14,8.37,7.96,8.05,7135.08,5762.35
688585.SH,2023-09-18,7.97,8.27,7.97,8.17,10227.44,8346.15
688585.SH,2023-09-19,8.25,8.25,7.99,8.05,7156.63,5767.37
688585.SH,2023-09-20,7.97,8.15,7.96,8.04,8270.22,6685.7
688585.SH,2023-09-21,7.96,8.14,7.88,8.08,9809.44,7895.15
688585.SH,2023-09-22,7.91,8.17,7.91,8.17,10044.67,8092.29
688585.SH,2023-09-25,8.27,8.27,8.03,8.09,8834.18,7177.76
688585.SH,2023-09-26,8.19,8.19,7.83,7.87,10707.06,8490.91
688585.SH,2023-09-27,7.91,8.04,7.76,7.95,6533.32,5190.66
688585.SH,2023-09-28,7.95,8.1,7.9,8.03,7218.48,5789.14
688585.SH,2023-10-09,8.14,8.14,7.85,7.88,10465.82,8326.53
688585.SH,2023-10-10,7.89,8.08,7.84,7.87,7698.69,6124.41
688585.SH,2023-10-11,7.89,7.97,7.83,7.89,4582.25,3621.52
688585.SH,2023-10-12,7.94,8.0,7.83,8.0,4901.11,3882.51
688585.SH,2023-10-13,7.96,7.96,7.76,7.84,5498.83,4305.73
688585.SH,2023-10-16,7.85,8.03,7.74,7.78,10941.68,8544.0
688585.SH,2023-10-17,7.77,7.91,7.74,7.78,5215.58,4072.35
688585.SH,2023-10-18,7.75,7.83,7.65,7.67,6424.52,4950.46
688585.SH,2023-10-19,7.62,7.87,7.55,7.63,6537.63,5023.3
688585.SH,2023-10-20,7.6,7.74,7.54,7.56,7395.45,5649.9
688585.SH,2023-10-23,7.55,7.56,7.1,7.19,13393.09,9750.92
688585.SH,2023-10-24,7.21,7.55,7.09,7.53,12817.8,9481.82
688585.SH,2023-10-25,7.57,7.67,7.5,7.62,8039.93,6107.73
688585.SH,2023-10-26,7.48,7.65,7.45,7.62,7848.03,5916.35
688585.SH,2023-10-27,7.61,7.77,7.48,7.74,10800.53,8263.45
688585.SH,2023-10-30,7.76,8.05,7.7,8.03,14039.64,11125.59
688585.SH,2023-10-31,8.08,8.42,8.05,8.41,43231.23,36055.68
688585.SH,2023-11-01,8.4,8.58,8.29,8.53,21628.09,18343.43
688585.SH,2023-11-02,8.26,8.49,8.26,8.3,18347.96,15375.77
688585.SH,2023-11-03,8.32,8.49,8.29,8.42,10697.81,9004.21
688585.SH,2023-11-06,8.5,8.72,8.5,8.62,14609.82,12608.33
688585.SH,2023-11-07,8.65,8.68,8.51,8.62,9702.3,8349.33
688585.SH,2023-11-08,8.3,8.65,8.3,8.47,9524.06,8104.11
688585.SH,2023-11-09,8.52,8.58,8.43,8.47,9010.41,7655.14
688585.SH,2023-11-10,8.68,8.68,8.36,8.48,12326.03,10419.28
688585.SH,2023-11-13,8.5,8.53,8.42,8.48,9832.74,8317.52
688585.SH,2023-11-14,8.48,8.54,8.39,8.44,12433.19,10511.63
688585.SH,2023-11-15,8.47,8.57,8.42,8.53,10543.84,8961.4
688585.SH,2023-11-16,8.53,8.6,8.44,8.46,8129.65,6908.59
688585.SH,2023-11-17,8.5,8.79,8.42,8.78,21574.85,18707.22
688585.SH,2023-11-20,8.7,8.86,8.54,8.78,20907.89,18120.82
688585.SH,2023-11-21,8.69,8.81,8.55,8.57,15987.27,13825.39
688585.SH,2023-11-22,8.57,8.63,8.44,8.46,9935.75,8487.69
688585.SH,2023-11-23,8.5,8.65,8.43,8.59,10975.63,9417.07
688585.SH,2023-11-24,8.6,8.64,8.31,8.43,20304.09,17195.3
688585.SH,2023-11-27,8.45,8.63,8.41,8.54,19872.13,16918.8
688585.SH,2023-11-28,8.53,8.88,8.48,8.71,24147.19,21108.77
688585.SH,2023-11-29,8.64,8.82,8.54,8.62,17049.26,14750.54
688585.SH,2023-11-30,8.65,8.68,8.35,8.5,10605.88,8986.97
688585.SH,2023-12-01,8.6,8.64,8.41,8.48,14293.15,12126.06
688585.SH,2023-12-04,8.5,8.68,8.42,8.47,11496.23,9779.8
688585.SH,2023-12-05,8.49,8.53,8.34,8.37,9877.89,8310.4
688585.SH,2023-12-06,8.41,8.55,8.33,8.39,8055.81,6806.42
688585.SH,2023-12-07,8.43,8.5,8.22,8.36,11093.3,9238.24
688585.SH,2023-12-08,8.49,8.49,8.03,8.11,15936.03,13091.41
688585.SH,2023-12-11,8.12,8.33,8.1,8.29,27192.3,22370.45
688585.SH,2023-12-12,8.46,8.46,8.04,8.24,20357.91,16684.4
688585.SH,2023-12-13,8.24,8.32,8.15,8.2,11965.79,9836.7
688585.SH,2023-12-14,8.24,8.39,8.19,8.26,11196.35,9291.93
688585.SH,2023-12-15,8.32,8.36,8.16,8.24,8544.16,7017.08
688585.SH,2023-12-18,8.18,8.27,7.83,8.02,19617.97,15963.95
688585.SH,2023-12-19,8.02,8.16,7.96,8.14,15395.58,12402.59
688585.SH,2023-12-20,8.23,8.27,8.09,8.15,17885.81,14642.44
688585.SH,2023-12-21,8.12,8.23,7.95,8.1,17590.23,14212.73
688585.SH,2023-12-22,8.27,8.28,7.85,7.91,25344.79,20280.28
688585.SH,2023-12-25,7.95,8.08,7.87,7.91,24484.44,19444.82
688585.SH,2023-12-26,7.98,8.03,7.74,7.8,13932.69,10888.98
688585.SH,2023-12-27,7.89,7.9,7.73,7.83,9894.04,7732.42
688585.SH,2023-12-28,7.85,8.21,7.76,8.17,14498.46,11676.11
688585.SH,2023-12-29,8.25,8.49,8.11,8.47,20762.97,17346.4
688585.SH,2024-01-02,8.52,8.77,8.52,8.7,25354.17,21990.05
688585.SH,2024-01-03,8.76,8.76,8.57,8.66,15371.11,13318.74
688585.SH,2024-01-04,8.69,8.8,8.61,8.68,15844.25,13736.82
688585.SH,2024-01-05,8.8,8.8,8.55,8.6,16593.68,14334.44
688585.SH,2024-01-08,8.64,8.7,8.36,8.47,17963.5,15366.18
688585.SH,2024-01-09,8.5,8.62,8.43,8.49,14974.18,12730.3
688585.SH,2024-01-10,8.49,8.57,8.35,8.43,11364.08,9609.07
688585.SH,2024-01-11,8.48,8.52,8.38,8.48,12387.71,10465.28
688585.SH,2024-01-12,8.48,8.64,8.34,8.4,13411.67,11338.86
688585.SH,2024-01-15,8.41,8.47,8.26,8.35,14875.57,12463.28
688585.SH,2024-01-16,8.38,8.43,8.24,8.34,19658.39,16338.37
688585.SH,2024-01-17,8.36,8.38,8.01,8.1,13740.93,11305.63
688585.SH,2024-01-18,8.12,8.15,7.58,7.87,31562.71,24724.06
688585.SH,2024-01-19,7.83,7.9,7.62,7.62,17791.34,13771.38
688585.SH,2024-01-22,7.63,7.69,7.01,7.12,25551.47,18803.71
688585.SH,2024-01-23,7.13,7.21,6.8,6.88,26868.31,18571.91
688585.SH,2024-01-24,6.89,7.11,6.78,7.02,28231.11,19608.81
688585.SH,2024-01-25,7.03,7.47,6.83,7.45,24151.58,17497.53
688585.SH,2024-01-26,7.48,7.54,7.33,7.43,17180.51,12750.74
688585.SH,2024-01-29,7.37,7.49,7.07,7.12,22039.17,15897.8
688585.SH,2024-01-30,7.02,7.15,6.78,6.86,16668.62,11634.48
688585.SH,2024-01-31,6.79,6.91,6.35,6.39,19665.11,12907.37
688585.SH,2024-02-01,6.26,6.47,6.09,6.18,27038.99,16850.84
688585.SH,2024-02-02,6.21,6.31,5.6,5.81,23470.27,14002.37
688585.SH,2024-02-05,5.72,5.72,4.77,4.88,37243.47,19123.65
688585.SH,2024-02-06,4.89,5.17,4.46,4.9,51348.46,24419.47
688585.SH,2024-02-07,4.95,4.95,4.42,4.5,55275.84,25335.94
688585.SH,2024-02-08,5.0,5.19,4.2,5.08,66661.62,31288.22
688585.SH,2024-02-19,5.02,5.6,5.02,5.56,49089.9,26518.58
688585.SH,2024-02-20,5.52,5.52,5.3,5.45,23076.93,12432.97
688585.SH,2024-02-21,5.28,5.93,5.28,5.69,27199.79,15422.02
688585.SH,2024-02-22,5.65,5.81,5.53,5.79,22945.71,13041.8
688585.SH,2024-02-23,5.81,6.02,5.64,5.93,28816.32,16880.54
688585.SH,2024-02-26,5.92,6.37,5.91,6.2,34136.46,20910.9
688585.SH,2024-02-27,6.19,6.35,6.1,6.34,19574.19,12256.47
688585.SH,2024-02-28,6.36,6.61,5.62,5.62,45856.16,27819.6
688585.SH,2024-02-29,5.57,5.89,5.57,5.82,32401.71,18692.66
688585.SH,2024-03-01,5.92,6.08,5.84,6.05,26774.58,15933.15
688585.SH,2024-03-04,6.05,6.12,5.76,5.93,18810.65,11093.3
688585.SH,2024-03-05,5.85,5.99,5.79,5.8,17039.43,10034.33
688585.SH,2024-03-06,5.7,5.98,5.7,5.9,12545.17,7325.42
688585.SH,2024-03-07,5.89,6.05,5.78,5.81,13460.62,7944.49
688585.SH,2024-03-08,5.81,5.95,5.79,5.93,10358.41,6098.59
688585.SH,2024-03-11,5.95,6.04,5.85,6.01,11091.53,6595.6
688585.SH,2024-03-12,6.03,6.18,6.0,6.14,14104.48,8608.73
688585.SH,2024-03-13,6.12,6.2,6.04,6.1,8948.35,5457.71
688585.SH,2024-03-14,6.11,6.15,6.0,6.11,9560.76,5827.87
688585.SH,2024-03-15,6.11,6.3,6.04,6.28,12721.14,7858.49
688585.SH,2024-03-18,6.43,6.45,6.26,6.45,11499.02,7308.76
688585.SH,2024-03-19,6.99,6.99,6.45,6.59,27216.49,17923.81
688585.SH,2024-03-20,6.59,6.63,6.42,6.57,19801.26,12917.44
688585.SH,2024-03-21,6.63,6.76,6.43,6.56,13993.78,9198.96
688585.SH,2024-03-22,6.8,6.83,6.47,6.58,19462.56,12819.57
688585.SH,2024-03-25,6.52,6.56,6.28,6.34,17976.95,11505.37
688585.SH,2024-03-26,6.21,6.35,6.17,6.28,12571.84,7875.82
688585.SH,2024-03-27,6.38,6.39,6.01,6.05,12047.72,7403.07
688585.SH,2024-03-28,6.03,6.27,5.95,6.14,11640.56,7175.13
688585.SH,2024-03-29,6.22,6.33,6.16,6.27,8910.59,5560.67
688585.SH,2024-04-01,6.26,6.53,6.26,6.52,13355.93,8607.41
688585.SH,2024-04-02,6.64,6.71,6.43,6.61,20466.9,13537.06
688585.SH,2024-04-03,6.64,6.64,6.46,6.59,18076.31,11829.51
688585.SH,2024-04-08,6.51,6.59,6.17,6.21,15880.76,10042.01
688585.SH,2024-04-09,6.17,6.45,6.16,6.42,14493.32,9175.66
688585.SH,2024-04-10,6.42,6.51,6.08,6.18,11559.17,7153.46
688585.SH,2024-04-11,6.18,6.32,6.09,6.21,10003.69,6237.65
688585.SH,2024-04-12,6.25,6.34,6.12,6.19,9270.96,5753.95
688585.SH,2024-04-15,6.56,6.83,5.63,5.69,26582.58,15784.06
688585.SH,2024-04-16,5.7,5.7,5.0,5.0,26553.89,13696.66
688585.SH,2024-04-17,5.05,5.66,5.05,5.66,23471.19,12871.5
688585.SH,2024-04-18,5.54,5.65,5.34,5.51,22634.16,12466.34
688585.SH,2024-04-19,5.53,5.59,5.39,5.45,10974.43,5991.58
688585.SH,2024-04-22,5.44,5.55,5.25,5.43,12581.88,6844.45
688585.SH,2024-04-23,5.41,5.61,5.41,5.53,13049.56,7220.27
688585.SH,2024-04-24,5.53,5.81,5.5,5.81,15825.2,9034.33
688585.SH,2024-04-25,5.8,5.96,5.76,5.87,8866.64,5216.39
688585.SH,2024-04-26,5.59,6.08,5.59,6.03,12808.34,7599.94
688585.SH,2024-04-29,6.03,6.27,6.0,6.2,20443.11,12593.92
688585.SH,2024-04-30,6.22,6.23,6.06,6.19,27400.13,16826.59
688585.SH,2024-05-06,6.2,6.78,6.2,6.73,30090.11,19667.57
688585.SH,2024-05-07,6.72,6.78,6.5,6.56,18295.42,12035.29
688585.SH,2024-05-08,6.53,6.62,6.43,6.56,14556.53,9480.26
688585.SH,2024-05-09,6.6,6.7,6.55,6.65,10247.11,6818.59
688585.SH,2024-05-10,6.68,6.68,6.44,6.49,10119.02,6581.42
688585.SH,2024-05-13,6.49,6.49,6.18,6.23,11715.0,7342.74
688585.SH,2024-05-14,6.3,6.36,6.22,6.28,12517.66,7885.83
688585.SH,2024-05-15,6.29,6.42,6.19,6.3,9260.75,5859.13
688585.SH,2024-05-16,5.04,6.38,5.04,6.24,14770.31,9248.68
688585.SH,2024-05-17,6.24,6.35,6.15,6.35,13273.37,8335.74
688585.SH,2024-05-20,6.38,6.45,6.28,6.32,12036.55,7640.23
688585.SH,2024-05-21,6.56,6.56,6.22,6.26,13049.17,8207.43
688585.SH,2024-05-22,6.28,6.35,6.22,6.32,9456.45,5951.81
688585.SH,2024-05-23,6.29,6.29,6.16,6.2,9044.69,5628.33
688585.SH,2024-05-24,6.24,6.33,6.15,6.15,6865.39,4272.29
688585.SH,2024-05-27,6.13,6.21,5.99,6.1,9785.47,5940.05
688585.SH,2024-05-28,6.04,6.14,5.99,6.02,7757.34,4690.85
688585.SH,2024-05-29,5.8,6.17,5.8,6.13,11419.6,6973.24
688585.SH,2024-05-30,6.27,6.27,6.0,6.05,10639.26,6488.41
688585.SH,2024-05-31,6.07,6.15,6.01,6.12,8214.46,5009.34
688585.SH,2024-06-03,6.07,6.11,5.81,5.87,13487.07,7999.43
688585.SH,2024-06-04,5.81,5.85,5.59,5.67,14668.99,8335.01
688585.SH,2024-06-05,5.68,5.75,5.55,5.6,16419.77,9282.62
688585.SH,2024-06-06,5.65,5.69,5.3,5.42,19425.11,10573.85
688585.SH,2024-06-07,5.41,5.65,5.37,5.48,17945.33,9861.0
688585.SH,2024-06-11,5.49,5.49,5.32,5.46,16409.49,8857.18
688585.SH,2024-06-12,5.65,5.65,5.43,5.57,8996.61,4985.24
688585.SH,2024-06-13,5.58,6.0,5.5,5.74,31066.81,17849.92
688585.SH,2024-06-14,5.68,5.86,5.43,5.46,40546.76,22467.56
688585.SH,2024-06-17,5.46,5.47,5.28,5.33,24058.14,12882.02
688585.SH,2024-06-18,5.01,5.5,5.01,5.49,19647.35,10678.27
688585.SH,2024-06-19,5.49,5.67,5.38,5.49,16663.29,9129.65
688585.SH,2024-06-20,5.51,6.49,5.41,5.78,72317.13,42615.46
688585.SH,2024-06-21,5.68,5.7,5.21,5.39,58787.79,31822.08
688585.SH,2024-06-24,5.31,5.42,5.12,5.13,42400.06,22214.03
688585.SH,2024-06-25,5.01,5.29,5.01,5.16,38506.97,19936.68
688585.SH,2024-06-26,5.23,5.32,5.06,5.3,32963.42,17111.22
688585.SH,2024-06-27,5.29,5.39,5.12,5.14,34969.45,18267.14
688585.SH,2024-06-28,5.09,5.29,5.07,5.17,24662.09,12842.95
688585.SH,2024-07-01,5.19,5.21,5.05,5.16,22628.03,11571.05
688585.SH,2024-07-02,5.18,5.22,5.12,5.13,15323.1,7910.73
688585.SH,2024-07-03,5.15,5.18,5.1,5.12,17713.91,9100.74
688585.SH,2024-07-04,5.15,5.15,4.91,4.94,26505.45,13281.19
688585.SH,2024-07-05,4.94,5.04,4.85,5.01,19738.78,9795.89
688585.SH,2024-07-08,5.01,5.02,4.89,4.92,19490.51,9627.66
688585.SH,2024-07-09,5.17,5.17,4.79,5.0,19173.06,9402.97
688585.SH,2024-07-10,5.05,5.07,4.92,4.92,14325.59,7142.46
688585.SH,2024-07-11,5.04,5.14,4.96,5.12,16854.78,8518.93
688585.SH,2024-07-12,5.15,5.18,5.06,5.1,13882.7,7100.54
688585.SH,2024-07-15,5.09,5.1,4.9,4.93,15980.54,7914.41
688585.SH,2024-07-16,4.9,4.99,4.84,4.91,20383.91,9992.7
688585.SH,2024-07-17,4.9,4.93,4.83,4.87,12554.04,6121.52
688585.SH,2024-07-18,4.82,4.86,4.71,4.84,14655.08,7012.98
688585.SH,2024-07-19,4.88,4.93,4.81,4.92,11727.49,5740.13
688585.SH,2024-07-22,4.89,4.97,4.87,4.94,8833.19,4355.98
688585.SH,2024-07-23,4.96,4.98,4.82,4.83,9605.51,4717.51
688585.SH,2024-07-24,4.91,4.91,4.69,4.71,15208.14,7200.52
688585.SH,2024-07-25,4.72,4.83,4.62,4.75,10660.25,5054.73
688585.SH,2024-07-26,4.75,4.86,4.75,4.83,10198.05,4911.1
688585.SH,2024-07-29,4.86,4.88,4.75,4.85,11662.8,5639.18
688585.SH,2024-07-30,4.86,4.88,4.8,4.84,8464.29,4100.84
688585.SH,2024-07-31,4.82,5.01,4.82,5.01,12276.26,6079.69
688585.SH,2024-08-01,5.0,5.09,4.99,5.08,20400.54,10286.62
688585.SH,2024-08-02,5.04,5.13,5.01,5.06,13221.62,6715.56
688585.SH,2024-08-05,5.05,5.07,4.92,4.99,14833.63,7400.32
688585.SH,2024-08-06,5.05,5.07,4.94,5.07,15086.92,7554.38
688585.SH,2024-08-07,5.09,5.12,5.01,5.11,10750.86,5459.08
688585.SH,2024-08-08,5.2,5.43,5.13,5.38,57813.31,30588.99
688585.SH,2024-08-09,5.35,5.38,5.16,5.17,32060.55,16856.24
688585.SH,2024-08-12,5.13,5.35,5.13,5.27,24960.6,13157.06
688585.SH,2024-08-13,5.28,5.38,5.16,5.34,18617.23,9848.04
688585.SH,2024-08-14,5.44,5.49,5.35,5.38,21270.82,11489.29
688585.SH,2024-08-15,5.38,5.44,5.33,5.35,18144.04,9752.6
688585.SH,2024-08-16,5.38,5.45,5.26,5.26,13642.47,7281.32
688585.SH,2024-08-19,5.2,5.36,5.18,5.23,14315.73,7544.19
688585.SH,2024-08-20,5.23,5.32,5.13,5.15,12407.44,6425.75
688585.SH,2024-08-21,5.15,5.2,5.12,5.17,8547.18,4417.44
688585.SH,2024-08-22,5.2,5.32,5.03,5.07,13460.59,6866.59
688585.SH,2024-08-23,5.04,5.18,4.93,4.96,12063.1,6014.95
688585.SH,2024-08-26,4.93,5.12,4.89,5.1,10137.13,5133.59
688585.SH,2024-08-27,5.09,5.12,4.95,5.0,7440.37,3744.05
688585.SH,2024-08-28,4.97,5.14,4.97,5.08,7937.16,4025.42
688585.SH,2024-08-29,5.04,5.21,5.0,5.16,10641.93,5460.35
688585.SH,2024-08-30,5.16,5.3,5.13,5.23,11953.67,6275.51
688585.SH,2024-09-02,5.23,5.28,5.14,5.15,10471.56,5474.34
688585.SH,2024-09-03,5.15,5.27,5.13,5.21,8675.37,4515.94
688585.SH,2024-09-04,5.12,5.28,5.09,5.11,9745.25,5006.21
688585.SH,2024-09-05,5.21,5.21,5.1,5.2,9025.11,4665.9
688585.SH,2024-09-06,5.2,5.2,5.01,5.01,12276.6,6232.21
688585.SH,2024-09-09,5.0,5.1,4.93,5.08,9570.51,4826.22
688585.SH,2024-09-10,5.08,5.13,4.99,5.08,10314.79,5215.44
688585.SH,2024-09-11,5.12,5.13,4.97,5.01,10861.7,5473.56
688585.SH,2024-09-12,5.01,5.23,5.01,5.16,22352.13,11472.14
688585.SH,2024-09-13,5.2,5.2,4.96,4.97,14865.97,7463.48
688585.SH,2024-09-18,4.96,5.02,4.85,4.91,13742.53,6748.57
688585.SH,2024-09-19,4.91,5.16,4.91,5.11,12209.26,6167.4
688585.SH,2024-09-20,5.08,5.15,5.04,5.1,11205.34,5714.52
688585.SH,2024-09-23,5.13,5.16,5.05,5.09,8601.47,4393.68
688585.SH,2024-09-24,5.12,5.27,5.11,5.27,15439.63,8039.94
688585.SH,2024-09-25,5.3,5.41,5.24,5.28,22192.06,11799.22
688585.SH,2024-09-26,5.32,5.4,5.25,5.39,16485.43,8786.67
688585.SH,2024-09-27,5.47,5.64,5.41,5.59,20897.48,11553.08
688585.SH,2024-09-30,5.81,6.42,5.6,6.36,61141.17,36837.14
688585.SH,2024-10-08,7.31,7.54,6.66,7.15,83916.32,59671.67
688585.SH,2024-10-09,7.0,7.0,6.18,6.5,61611.26,41011.84
688585.SH,2024-10-10,6.5,6.74,6.38,6.57,33573.95,22167.68
688585.SH,2024-10-11,6.54,6.57,6.16,6.2,27295.22,17282.17
688585.SH,2024-10-14,6.28,6.36,6.08,6.31,24055.13,15035.27
688585.SH,2024-10-15,6.32,6.51,6.23,6.24,21755.8,13848.06
688585.SH,2024-10-16,6.2,6.33,6.16,6.26,13219.18,8265.8
688585.SH,2024-10-17,6.31,6.42,6.2,6.22,17836.7,11287.26
688585.SH,2024-10-18,6.25,6.55,6.19,6.43,22910.4,14637.37
688585.SH,2024-10-21,6.44,6.68,6.39,6.59,30642.76,20058.68
688585.SH,2024-10-22,6.57,6.68,6.51,6.67,22275.56,14697.67
688585.SH,2024-10-23,6.66,6.73,6.6,6.64,22349.42,14885.81
688585.SH,2024-10-24,6.56,6.68,6.56,6.63,15109.2,9991.58
688585.SH,2024-10-25,6.61,6.81,6.58,6.79,19823.64,13324.82
688585.SH,2024-10-28,6.84,6.99,6.74,6.99,21656.62,14969.64
688585.SH,2024-10-29,7.04,7.06,6.68,6.69,31930.08,21825.07
688585.SH,2024-10-30,6.7,6.8,6.55,6.59,27813.92,18521.54
688585.SH,2024-10-31,6.66,7.31,6.66,7.15,55079.55,38711.61
688585.SH,2024-11-01,7.16,7.16,6.55,6.6,41519.18,28236.19
688585.SH,2024-11-04,6.61,6.85,6.61,6.81,21008.97,14182.48
688585.SH,2024-11-05,6.82,6.97,6.8,6.96,30491.52,21034.26
688585.SH,2024-11-06,6.92,7.18,6.89,6.99,35358.61,24800.13
688585.SH,2024-11-07,6.98,7.14,6.9,7.12,33715.32,23730.47
688585.SH,2024-11-08,7.23,7.29,7.07,7.13,31477.08,22522.93
688585.SH,2024-11-11,7.08,7.66,7.08,7.65,47034.38,34961.92
688585.SH,2024-11-12,7.65,7.68,7.21,7.26,50625.19,37607.63
688585.SH,2024-11-13,7.22,7.43,7.18,7.36,28351.77,20734.38
688585.SH,2024-11-14,7.36,7.48,7.12,7.14,23293.26,16920.4
688585.SH,2024-11-15,7.15,7.26,6.99,7.02,22584.75,16069.35
688585.SH,2024-11-18,6.98,7.09,6.81,6.82,23808.78,16499.57
688585.SH,2024-11-19,7.15,7.15,6.8,7.05,31153.48,21629.46
688585.SH,2024-11-20,7.0,7.67,6.96,7.5,48929.12,36165.51
688585.SH,2024-11-21,7.5,7.62,7.41,7.52,26206.64,19670.51
688585.SH,2024-11-22,7.28,7.46,7.02,7.1,37175.37,27129.36
688585.SH,2024-11-25,7.19,7.23,6.95,7.15,32995.87,23390.41
688585.SH,2024-11-26,7.14,7.28,7.0,7.05,23921.64,17092.72
688585.SH,2024-11-27,7.12,7.12,6.78,7.12,18651.75,12959.48
688585.SH,2024-11-28,7.07,7.18,6.92,6.94,28526.63,20111.26
688585.SH,2024-11-29,6.9,7.26,6.89,7.22,40416.87,28668.44
688585.SH,2024-12-02,7.21,7.39,7.16,7.38,19336.24,14137.81
688585.SH,2024-12-03,7.42,7.43,7.25,7.33,16841.48,12327.48
688585.SH,2024-12-04,7.33,7.41,7.21,7.24,22597.64,16543.55
688585.SH,2024-12-05,7.17,7.53,7.15,7.46,19892.15,14720.34
688585.SH,2024-12-06,7.49,7.53,7.26,7.43,20358.25,15051.52
688585.SH,2024-12-09,7.43,7.54,7.32,7.51,19209.59,14291.79
688585.SH,2024-12-10,7.69,7.86,7.59,7.62,28496.77,21931.56
688585.SH,2024-12-11,7.65,7.98,7.57,7.93,31563.34,24598.34
688585.SH,2024-12-12,7.99,7.99,7.65,7.8,22637.37,17651.96
688585.SH,2024-12-13,7.8,7.99,7.64,7.7,30651.64,23781.52
688585.SH,2024-12-16,7.81,7.93,7.63,7.78,15701.09,12149.85
688585.SH,2024-12-17,7.85,7.85,7.18,7.21,33649.38,24970.65
688585.SH,2024-12-18,7.21,7.33,6.98,7.22,20617.6,14790.79
688585.SH,2024-12-19,7.08,7.26,6.99,7.12,17524.16,12437.35
688585.SH,2024-12-20,7.06,7.35,7.06,7.27,12922.1,9383.7
688585.SH,2024-12-23,7.28,7.3,6.9,6.94,24324.29,17136.08
688585.SH,2024-12-24,7.0,7.05,6.8,6.87,18945.52,13049.18
688585.SH,2024-12-25,6.89,6.89,6.61,6.66,15050.21,10075.92
688585.SH,2024-12-26,6.65,6.79,6.61,6.66,14587.04,9804.73
688585.SH,2024-12-27,6.75,6.93,6.66,6.81,19130.91,13032.28
688585.SH,2024-12-30,6.78,6.8,6.58,6.78,12567.84,8434.02
688585.SH,2024-12-31,6.7,6.86,6.64,6.66,15933.24,10737.9
688585.SH,2025-01-02,6.67,6.76,6.5,6.54,16835.92,11175.58
688585.SH,2025-01-03,6.61,6.61,6.21,6.23,16066.68,10263.02
688585.SH,2025-01-06,6.26,6.38,5.96,6.22,12867.64,8011.1
688585.SH,2025-01-07,6.24,6.48,6.24,6.48,11587.0,7431.92
688585.SH,2025-01-08,6.38,6.53,6.12,6.32,12554.62,7946.65
688585.SH,2025-01-09,6.32,6.46,6.31,6.37,8037.75,5143.04
688585.SH,2025-01-10,6.35,6.46,6.23,6.23,9203.98,5818.37
688585.SH,2025-01-13,6.09,6.22,6.01,6.1,22622.31,13786.72
688585.SH,2025-01-14,6.16,6.42,6.12,6.41,18867.41,11856.12
688585.SH,2025-01-15,6.43,6.48,6.34,6.4,12899.9,8242.07
688585.SH,2025-01-16,6.48,6.53,6.2,6.4,15756.61,10146.41
688585.SH,2025-01-17,6.41,6.51,6.38,6.48,9059.33,5839.99
688585.SH,2025-01-20,6.58,6.69,6.5,6.64,13583.69,8976.79
688585.SH,2025-01-21,6.71,6.71,6.49,6.57,12632.09,8298.61
688585.SH,2025-01-22,6.61,6.61,6.46,6.49,8736.2,5688.07
688585.SH,2025-01-23,6.59,6.66,6.45,6.5,15773.49,10373.29
688585.SH,2025-01-24,6.25,6.57,6.25,6.57,12600.56,8204.21
688585.SH,2025-01-27,6.67,6.69,6.51,6.53,15308.42,10074.41
688585.SH,2025-02-05,6.57,6.73,6.47,6.66,13901.31,9231.73
688585.SH,2025-02-06,6.69,6.77,6.57,6.76,18557.21,12370.5
688585.SH,2025-02-07,6.74,6.93,6.71,6.82,18930.72,12973.37
688585.SH,2025-02-10,6.86,6.92,6.77,6.91,15761.8,10804.95
688585.SH,2025-02-11,6.89,6.92,6.8,6.85,14238.68,9737.44
688585.SH,2025-02-12,6.85,6.91,6.82,6.88,10436.05,7165.33
688585.SH,2025-02-13,6.9,6.93,6.76,6.77,14141.65,9626.33
688585.SH,2025-02-14,6.72,6.86,6.7,6.78,9134.22,6203.68
688585.SH,2025-02-17,6.76,6.95,6.75,6.91,13946.95,9601.67
688585.SH,2025-02-18,6.89,6.98,6.8,6.84,17697.97,12162.14
688585.SH,2025-02-19,6.8,7.04,6.79,7.04,16562.07,11544.92
688585.SH,2025-02-20,7.03,7.21,7.02,7.19,19820.27,14174.32
688585.SH,2025-02-21,7.21,7.23,7.07,7.15,17935.2,12772.57
688585.SH,2025-02-24,7.1,7.46,7.05,7.44,35739.87,26256.11
688585.SH,2025-02-25,7.32,7.51,7.28,7.43,27227.12,20178.96
688585.SH,2025-02-26,7.41,7.66,7.39,7.47,30711.02,23117.0
688585.SH,2025-02-27,7.55,7.74,7.42,7.71,38240.8,28941.51
688585.SH,2025-02-28,7.75,7.79,7.48,7.6,51873.66,39598.2
688585.SH,2025-03-03,7.59,7.93,7.57,7.93,52484.46,40871.35
688585.SH,2025-03-04,7.82,7.97,7.62,7.7,39843.02,30966.65
688585.SH,2025-03-05,7.71,7.72,7.27,7.45,67985.47,50681.44
688585.SH,2025-03-06,7.45,7.65,7.43,7.51,39307.94,29647.63
688585.SH,2025-03-07,7.55,7.67,7.41,7.51,22844.42,17206.78
688585.SH,2025-03-10,7.48,7.94,7.48,7.77,49977.65,38590.83
688585.SH,2025-03-11,7.68,7.8,7.6,7.73,25964.78,19957.52
688585.SH,2025-03-12,7.8,7.92,7.69,7.86,26991.42,21097.95
688585.SH,2025-03-13,7.86,7.86,7.49,7.69,31291.72,23897.06
688585.SH,2025-03-14,7.63,8.19,7.61,8.03,45682.05,36376.6
688585.SH,2025-03-17,8.01,8.03,7.72,7.83,37738.3,29498.14
688585.SH,2025-03-18,7.84,7.96,7.83,7.94,19528.58,15409.54
688585.SH,2025-03-19,7.88,7.97,7.73,7.85,16878.31,13229.35
688585.SH,2025-03-20,7.84,7.85,7.66,7.76,21479.72,16642.0
688585.SH,2025-03-21,7.71,7.76,7.5,7.62,19537.9,14927.95
688585.SH,2025-03-24,7.62,7.68,7.29,7.46,19659.77,14653.38
688585.SH,2025-03-25,7.46,7.72,7.38,7.58,17239.11,12992.76
688585.SH,2025-03-26,7.57,8.03,7.56,7.83,34943.91,27375.42
688585.SH,2025-03-27,7.82,7.95,7.75,7.76,31190.49,24446.97
688585.SH,2025-03-28,7.85,7.87,7.53,7.55,23992.27,18399.08
688585.SH,2025-03-31,7.65,7.66,7.34,7.55,28504.33,21373.32
688585.SH,2025-04-01,7.54,7.88,7.54,7.73,21789.56,16900.11
688585.SH,2025-04-02,7.77,7.96,7.6,7.79,20821.34,16236.73
688585.SH,2025-04-03,7.65,7.85,7.48,7.6,22394.96,17162.83
688585.SH,2025-04-07,7.0,7.1,6.12,6.21,42013.38,27440.33
688585.SH,2025-04-08,6.3,6.6,6.16,6.32,27815.89,17676.4
688585.SH,2025-04-09,6.26,6.8,5.86,6.73,41618.61,26463.0
688585.SH,2025-04-10,6.86,7.05,6.78,6.85,20067.95,13884.22
688585.SH,2025-04-11,6.77,7.15,6.74,7.09,29427.41,20734.77
688585.SH,2025-04-14,7.1,7.32,7.05,7.1,19745.91,14144.3
688585.SH,2025-04-15,7.14,7.28,7.1,7.21,14179.58,10186.91
688585.SH,2025-04-16,7.2,7.24,6.95,7.11,15595.18,11068.19
688585.SH,2025-04-17,7.12,7.3,7.06,7.26,16861.46,12188.52
688585.SH,2025-04-18,7.34,7.34,7.15,7.27,12971.05,9395.44
688585.SH,2025-04-21,7.24,7.38,7.15,7.31,15632.8,11391.81
688585.SH,2025-04-22,7.31,7.57,7.29,7.45,23657.8,17571.25
688585.SH,2025-04-23,7.49,7.66,7.43,7.52,16201.07,12232.21
688585.SH,2025-04-24,7.6,7.64,7.47,7.54,20076.75,15155.03
688585.SH,2025-04-25,7.54,7.54,7.41,7.49,10464.79,7822.88
688585.SH,2025-04-28,7.41,7.52,7.28,7.33,11117.02,8171.53
688585.SH,2025-04-29,7.38,7.56,7.33,7.51,13019.81,9730.04
688585.SH,2025-04-30,7.48,7.56,7.39,7.42,13230.37,9867.72
688585.SH,2025-05-06,7.45,7.66,7.42,7.63,26426.35,19993.75
688585.SH,2025-05-07,7.68,8.9,7.65,8.23,115263.79,94204.74
688585.SH,2025-05-08,8.2,8.2,7.88,7.99,85760.97,68610.92
688585.SH,2025-05-09,7.99,8.12,7.73,7.77,61459.7,48327.17
688585.SH,2025-05-12,7.77,7.88,7.67,7.76,45515.62,35299.2
688585.SH,2025-05-13,7.82,7.88,7.71,7.78,34580.31,26885.64
688585.SH,2025-05-14,7.91,7.91,7.54,7.67,46344.42,35456.74
688585.SH,2025-05-15,7.85,7.85,7.59,7.64,27654.05,21129.44
688585.SH,2025-05-16,7.67,7.79,7.56,7.63,27220.66,20885.41
688585.SH,2025-05-19,7.63,7.75,7.6,7.73,24921.74,19157.02
688585.SH,2025-05-20,7.73,7.78,7.64,7.78,25937.52,20064.35
688585.SH,2025-05-21,7.65,7.77,7.38,7.45,45348.66,33952.07
688585.SH,2025-05-22,7.39,7.61,7.35,7.36,25571.69,19079.85
688585.SH,2025-05-23,7.35,7.43,7.25,7.27,17798.88,13065.87
688585.SH,2025-05-26,7.48,7.48,7.22,7.36,17991.76,13151.57
688585.SH,2025-05-27,7.36,7.38,7.21,7.31,18061.8,13141.84
688585.SH,2025-05-28,7.29,7.41,7.2,7.23,14157.33,10311.91
688585.SH,2025-05-29,7.29,7.41,7.24,7.38,14946.15,10993.35
688585.SH,2025-05-30,7.41,7.41,7.15,7.17,22931.14,16588.2
688585.SH,2025-06-03,7.14,7.33,7.09,7.29,17604.61,12789.99
688585.SH,2025-06-04,7.32,7.42,7.3,7.39,17813.23,13142.95
688585.SH,2025-06-05,7.47,7.47,7.33,7.41,14768.23,10937.96
688585.SH,2025-06-06,7.41,7.46,7.33,7.43,14499.19,10740.5
688585.SH,2025-06-09,7.48,7.63,7.37,7.59,24707.19,18677.05
688585.SH,2025-06-10,7.63,7.65,7.4,7.5,24684.1,18579.77
688585.SH,2025-06-11,7.53,7.61,7.47,7.53,16742.16,12642.1
688585.SH,2025-06-12,7.49,7.56,7.45,7.52,13254.24,9949.94
688585.SH,2025-06-13,7.53,7.54,7.31,7.39,15430.6,11446.63
688585.SH,2025-06-16,7.44,7.55,7.3,7.44,17813.59,13284.25
688585.SH,2025-06-17,7.49,7.5,7.37,7.43,11332.29,8418.08
688585.SH,2025-06-18,7.36,7.47,7.31,7.33,12863.56,9464.44
688585.SH,2025-06-19,7.33,7.39,7.14,7.18,15771.6,11404.62
688585.SH,2025-06-20,7.15,7.29,7.12,7.14,14198.5,10215.54
688585.SH,2025-06-23,7.08,7.31,7.07,7.28,13530.49,9781.77
688585.SH,2025-06-24,7.31,7.59,7.3,7.58,24362.77,18257.3
688585.SH,2025-06-25,7.61,7.67,7.51,7.6,27942.7,21232.57
688585.SH,2025-06-26,7.6,7.67,7.51,7.6,20444.73,15559.87
688585.SH,2025-06-27,7.63,7.68,7.58,7.63,13295.27,10145.54
688585.SH,2025-06-30,7.63,7.78,7.63,7.78,26811.99,20679.61
688585.SH,2025-07-01,7.85,7.85,7.7,7.78,28715.24,22356.31
688585.SH,2025-07-09,9.34,9.34,9.34,9.34,11438.87,10683.91
688585.SH,2025-07-10,11.21,11.21,11.21,11.21,9194.45,10306.98
688585.SH,2025-07-11,13.45,13.45,13.45,13.45,13062.29,17568.78
688585.SH,2025-07-14,16.14,16.14,16.14,16.14,13511.06,21806.85
688585.SH,2025-07-15,19.37,19.37,19.37,19.37,11480.02,22236.8
688585.SH,2025-07-16,23.24,23.24,23.24,23.24,16147.9,37527.72
688585.SH,2025-07-17,27.89,27.89,27.89,27.89,15614.91,43549.98
688585.SH,2025-07-18,33.47,33.47,33.47,33.47,72615.95,243045.59
688585.SH,2025-07-21,40.16,40.16,40.16,40.16,77898.43,312840.1
688585.SH,2025-07-22,47.85,48.19,46.29,48.19,305126.63,1455243.63
688585.SH,2025-07-23,47.5,57.83,45.78,57.7,383202.77,2005186.85
688585.SH,2025-07-24,54.4,62.0,53.33,56.4,219581.55,1252999.41
688585.SH,2025-07-25,56.37,67.5,54.51,66.06,225740.57,1357165.59
688585.SH,2025-07-28,64.0,79.27,63.0,79.27,215001.84,1535988.92
688585.SH,2025-07-29,80.02,93.5,73.88,84.18,256075.37,2180729.73
688585.SH,2025-07-30,84.03,99.0,83.18,92.07,193790.1,1729259.34
688585.SH,2025-08-05,96.0,110.48,89.73,110.48,231545.54,2318898.29
688585.SH,2025-08-06,92.0,99.91,88.38,88.38,256116.95,2348060.04
688585.SH,2025-08-07,88.88,95.55,88.88,91.85,172947.35,1604564.76
688585.SH,2025-08-08,92.4,93.0,84.0,86.42,143118.84,1248645.26
688585.SH,2025-08-11,85.8,89.44,80.5,88.72,176682.52,1485584.06
688585.SH,2025-08-12,86.92,88.03,84.7,85.0,116160.27,1001522.35
688585.SH,2025-08-13,84.56,92.2,82.11,89.11,162793.25,1434608.68
688585.SH,2025-08-14,88.24,102.1,87.03,96.69,213003.87,2008743.6
688585.SH,2025-08-15,94.55,99.9,93.59,96.69,143356.38,1379875.95
688585.SH,2025-08-18,98.0,99.3,94.0,97.38,152232.97,1469666.65
688585.SH,2025-08-19,93.0,93.0,85.58,85.65,187244.45,1662382.86
688585.SH,2025-08-20,83.99,87.88,82.42,86.6,95970.5,821698.59
688585.SH,2025-08-21,86.66,86.69,81.21,83.8,106512.55,894463.18
688585.SH,2025-08-22,83.9,84.81,82.11,84.0,71187.96,594773.32
688585.SH,2025-08-25,83.06,87.99,83.06,85.05,91290.11,784239.14
688585.SH,2025-08-26,85.0,85.1,82.61,83.03,67104.23,559406.07
688585.SH,2025-08-27,82.1,83.67,79.0,79.08,108213.87,872223.98
688585.SH,2025-08-28,77.89,90.39,76.56,87.61,206736.19,1732023.08
688585.SH,2025-08-29,84.91,86.7,83.0,83.0,106405.33,894459.08
688585.SH,2025-09-01,81.6,86.4,79.73,85.12,111085.21,934902.09
688585.SH,2025-09-02,88.0,102.14,87.9,97.6,265495.13,2574205.31
688585.SH,2025-09-03,89.0,91.5,80.88,82.66,225724.5,1909995.72
688585.SH,2025-09-04,79.5,79.5,71.11,71.14,159543.54,1197628.38
688585.SH,2025-09-05,72.22,77.5,71.5,76.5,106975.61,806377.2
688585.SH,2025-09-08,74.3,79.8,74.3,77.01,91494.71,708276.16
688585.SH,2025-09-09,77.0,77.4,73.6,74.36,61867.86,462670.88
688585.SH,2025-09-10,75.0,79.8,74.11,77.79,91485.82,704048.7
688585.SH,2025-09-11,76.6,81.4,76.13,79.96,91573.73,725984.98
688585.SH,2025-09-12,80.0,91.6,80.0,87.8,148388.43,1292556.09
688585.SH,2025-09-15,90.0,98.52,87.8,97.02,134266.31,1268453.78
688585.SH,2025-09-16,99.0,102.68,93.67,99.24,130101.69,1268705.38
688585.SH,2025-09-17,90.38,95.46,86.0,92.3,137708.72,1260968.52
688585.SH,2025-09-18,91.53,97.2,89.01,91.0,120795.52,1130401.38
688585.SH,2025-09-19,89.15,94.56,89.15,91.22,72392.37,662573.28
688585.SH,2025-09-22,92.32,94.96,91.33,93.37,70218.83,655312.01
688585.SH,2025-09-23,94.1,94.8,88.4,91.73,65525.73,596214.12
688585.SH,2025-09-24,105.0,110.08,100.3,110.08,174820.75,1870870.94
688585.SH,2025-09-25,116.0,132.1,115.36,132.1,77280.82,977919.02
688585.SH,2025-10-13,105.68,105.68,105.68,105.68,13149.08,138959.48
688585.SH,2025-10-14,87.0,99.99,85.0,89.89,200275.13,1813747.31
688585.SH,2025-10-15,86.36,89.68,80.01,88.51,128504.3,1085595.7
688585.SH,2025-10-16,84.71,87.0,82.07,82.35,80561.41,677135.45
688585.SH,2025-10-17,84.2,95.58,84.2,88.85,139426.59,1250074.78
688585.SH,2025-10-20,90.0,95.27,84.0,91.87,95277.16,858719.34
688585.SH,2025-10-21,91.8,94.61,89.4,92.0,73013.13,673377.33
688585.SH,2025-10-22,94.99,109.5,94.1,106.3,139880.67,1412953.82
688585.SH,2025-10-23,106.3,114.99,100.0,106.42,130140.85,1396554.41
688585.SH,2025-10-24,105.0,110.99,102.0,107.28,96832.22,1034586.51
688585.SH,2025-10-27,104.6,105.14,100.0,104.4,97446.1,999923.27
688585.SH,2025-10-28,105.0,110.66,104.22,108.21,88066.7,943868.64
688585.SH,2025-10-30,109.0,124.48,106.07,115.9,123200.74,1441394.39
688585.SH,2025-10-31,119.0,121.0,100.5,105.31,117488.4,1309101.66
688585.SH,2025-11-03,102.0,103.19,96.09,101.25,72101.15,720193.79
688585.SH,2025-11-04,101.78,104.77,101.0,104.77,62550.56,645483.69
688585.SH,2025-11-05,103.0,104.45,99.0,102.9,57962.28,587982.06
688585.SH,2025-11-06,104.55,105.5,100.3,103.47,57873.87,594637.55
688585.SH,2025-11-07,112.68,117.0,104.62,104.62,103660.49,1149857.08
688585.SH,2025-11-10,100.88,109.88,100.47,108.5,88038.24,931816.62
688585.SH,2025-11-11,108.0,130.2,103.5,130.2,181284.82,2146648.73
688585.SH,2025-11-12,121.0,126.0,115.12,115.99,136728.21,1646052.86
688585.SH,2025-11-13,114.0,120.96,110.91,117.5,81187.48,950394.24
688585.SH,2025-11-14,115.0,122.38,114.15,118.0,72492.11,859467.98
688585.SH,2025-11-17,119.8,119.8,113.01,116.16,51807.37,598522.16
688585.SH,2025-11-18,116.45,117.48,106.0,109.15,72497.94,803551.91
688585.SH,2025-11-19,108.4,113.99,108.03,113.88,56834.79,637130.08
688585.SH,2025-11-20,113.0,113.95,110.02,113.72,43222.97,484261.48
688585.SH,2025-11-21,112.0,118.87,111.72,113.06,67930.16,786226.13
688585.SH,2025-11-24,113.0,116.3,107.0,114.66,58574.09,653315.76
688585.SH,2025-11-25,114.66,118.8,112.31,118.34,70417.49,820983.75
688585.SH,2025-11-26,117.95,126.99,117.0,118.97,98087.8,1194882.83
688585.SH,2025-11-27,116.0,118.46,114.09,114.51,68787.23,795510.11
688585.SH,2025-11-28,111.33,116.33,111.33,113.27,44073.47,502283.87
688585.SH,2025-12-01,112.04,112.31,108.61,109.3,55709.2,613782.46
688585.SH,2025-12-02,108.99,112.77,108.99,109.96,37786.67,419566.53
688585.SH,2025-12-03,109.0,110.7,103.51,106.0,52489.98,555549.71
688585.SH,2025-12-04,108.77,108.78,105.0,105.0,35519.73,379662.5
688585.SH,2025-12-05,103.9,106.81,102.5,105.61,34175.28,357583.6
688585.SH,2025-12-08,108.08,109.5,106.82,107.77,38757.7,418247.28
688585.SH,2025-12-09,107.0,109.7,106.1,108.18,36262.96,392660.5
688585.SH,2025-12-10,109.2,109.3,105.18,106.0,36945.45,393639.15
688585.SH,2025-12-11,104.0,113.04,103.5,109.28,73947.81,806352.31
688585.SH,2025-12-12,110.0,110.0,104.18,107.56,55597.1,592178.0
688585.SH,2025-12-15,104.7,106.43,103.64,103.64,33198.39,348884.54
688585.SH,2025-12-16,102.0,103.5,94.77,96.4,65341.73,644339.82
688585.SH,2025-12-17,95.01,97.38,93.01,97.01,46359.23,443317.5
688585.SH,2025-12-18,96.06,97.94,94.5,95.09,31622.38,304350.18
688585.SH,2025-12-19,96.0,101.6,95.62,98.1,44415.74,437739.94
688585.SH,2025-12-22,98.55,110.0,98.0,106.13,79152.17,821691.55
688585.SH,2025-12-23,106.1,108.1,102.52,102.86,49728.4,521573.02
688585.SH,2025-12-24,102.0,104.64,102.0,104.1,30525.54,316158.48
688585.SH,2025-12-25,105.8,113.9,105.0,110.26,92422.12,1021475.57
688585.SH,2025-12-26,108.2,113.3,106.67,110.11,67441.21,739557.53
688585.SH,2025-12-29,111.6,132.13,111.5,132.13,176474.73,2217303.11
688585.SH,2025-12-30,125.0,126.75,112.23,118.67,176661.94,2091215.94
688585.SH,2025-12-31,118.0,132.5,115.63,127.37,122483.01,1501338.45
688585.SH,2026-01-05,136.0,138.63,125.01,127.03,83109.84,1090603.45
688585.SH,2026-01-06,124.5,138.88,121.6,130.76,85403.94,1098996.12
688585.SH,2026-01-07,128.4,132.68,127.0,127.33,56045.73,724104.28
688585.SH,2026-01-08,130.55,136.6,128.88,132.4,61246.96,813214.95
688585.SH,2026-01-09,133.88,148.65,131.5,143.99,86586.19,1214757.5
688585.SH,2026-01-12,145.38,170.9,144.48,160.1,93027.13,1468257.18
688585.SH,2026-01-13,155.0,169.66,147.21,155.8,75342.76,1196188.16
688585.SH,2026-01-14,156.0,165.51,155.5,161.27,64529.04,1037832.22
688585.SH,2026-01-15,153.11,158.0,147.17,147.7,59507.53,900074.14
688585.SH,2026-01-16,149.87,153.89,148.27,150.8,39684.38,601365.69
688585.SH,2026-01-19,146.0,150.0,142.98,148.66,35365.1,520367.08
688585.SH,2026-01-20,148.65,156.8,147.0,151.88,45966.97,705603.29
688585.SH,2026-01-21,148.85,154.42,148.85,151.86,34793.87,529330.02
688585.SH,2026-01-22,151.0,155.7,151.0,155.19,34150.15,526820.24
688585.SH,2026-01-23,158.0,164.45,154.18,161.09,56461.98,895590.42
688585.SH,2026-01-26,160.86,162.59,150.0,151.85,43507.85,681753.15
688585.SH,2026-01-27,149.0,152.69,143.99,149.57,37820.58,560247.09
688585.SH,2026-01-28,148.53,152.35,144.0,144.0,34673.96,510321.12
688585.SH,2026-01-29,138.0,141.98,132.4,133.86,53933.0,733446.73
688585.SH,2026-01-30,133.03,139.3,131.02,134.89,35904.1,485641.34
688585.SH,2026-02-02,134.5,139.58,134.16,134.97,30831.05,421752.58
688585.SH,2026-02-03,137.0,138.4,134.42,136.63,26425.85,359761.76
688585.SH,2026-02-04,138.0,146.39,137.0,142.6,46774.86,667858.87
688585.SH,2026-02-05,140.68,142.88,137.2,142.88,27509.93,383661.58
688585.SH,2026-02-06,145.0,148.95,142.5,144.14,42669.6,624091.01
688585.SH,2026-02-09,144.77,145.0,135.81,139.72,41948.51,580656.36
688585.SH,2026-02-10,140.0,140.97,136.0,137.92,29935.51,413903.55
688585.SH,2026-02-11,137.01,137.41,130.5,130.5,38002.48,505275.94
688585.SH,2026-02-12,128.0,128.88,120.0,124.0,51059.82,634361.81
688585.SH,2026-02-13,123.85,129.88,123.85,125.94,32529.51,414509.77
688585.SH,2026-02-24,129.61,130.0,124.83,126.25,27534.03,348263.8
688585.SH,2026-02-25,125.03,126.22,121.56,123.55,24074.99,295935.7
688585.SH,2026-02-26,124.66,128.54,120.07,125.66,37409.31,463641.98
688585.SH,2026-02-27,124.0,124.5,121.5,122.23,23019.62,282248.0
688585.SH,2026-03-02,118.23,118.23,112.97,115.16,37970.8,438732.84
688585.SH,2026-03-03,116.89,118.38,108.66,109.3,35155.87,399162.41
688585.SH,2026-03-04,109.49,110.93,104.6,107.27,29936.54,322788.76
688585.SH,2026-03-05,110.0,116.38,110.0,113.49,36319.02,413022.37
688585.SH,2026-03-06,118.0,129.37,118.0,122.88,71797.02,890867.49
688585.SH,2026-03-09,116.58,118.78,112.85,118.29,41140.62,475476.83
688585.SH,2026-03-10,118.8,138.9,118.8,136.0,91816.5,1178170.02
688585.SH,2026-03-11,134.83,136.5,129.0,129.4,57367.3,757217.35
688585.SH,2026-03-12,129.51,133.68,127.33,129.99,47566.09,621480.6
688585.SH,2026-03-13,128.05,130.0,122.77,124.01,40020.0,501130.37
688585.SH,2026-03-16,123.13,123.48,119.3,122.92,27442.98,333747.08
688585.SH,2026-03-17,123.0,126.86,120.4,121.1,30353.25,374210.14
688585.SH,2026-03-18,121.31,123.8,119.25,123.04,22813.93,277838.98
688585.SH,2026-03-19,120.0,122.18,117.87,118.52,26401.96,314648.39
688585.SH,2026-03-20,120.35,127.82,120.35,123.53,52662.63,658145.64
688585.SH,2026-03-23,125.8,129.66,117.55,120.18,59012.9,735525.42
688585.SH,2026-03-24,120.38,120.57,113.99,120.0,33718.39,394435.77
688585.SH,2026-03-25,120.55,124.95,118.5,119.47,39372.18,476851.6
688585.SH,2026-03-26,119.89,122.0,116.0,116.96,24730.15,292064.67
688585.SH,2026-03-27,114.63,118.68,113.66,117.1,20530.43,238563.34
688585.SH,2026-03-30,114.91,119.58,114.91,117.79,19712.98,231041.76
688585.SH,2026-03-31,118.5,121.88,114.97,114.97,23824.19,280302.19
688585.SH,2026-04-01,117.89,128.0,112.0,123.9,81385.05,971571.85
688585.SH,2026-04-02,121.26,122.39,116.35,117.98,34185.83,406697.05
688585.SH,2026-04-03,118.0,119.59,116.24,118.0,24283.56,286471.71
688585.SH,2026-04-07,117.85,120.55,115.15,117.0,21511.82,254910.16
688585.SH,2026-04-08,120.35,127.58,120.35,125.09,52772.23,656807.65
688585.SH,2026-04-09,123.48,127.5,122.5,124.86,32388.92,404681.21
688585.SH,2026-04-10,126.08,127.35,123.3,123.9,31605.87,394917.95
688585.SH,2026-04-13,123.4,127.54,121.89,124.75,28873.98,360748.87
688585.SH,2026-04-14,125.02,127.5,124.0,126.86,28361.59,356967.56
688585.SH,2026-04-15,127.0,129.75,125.2,126.25,26846.15,341959.77
688585.SH,2026-04-16,128.28,131.07,125.85,129.31,39612.45,509732.82
688585.SH,2026-04-17,129.0,142.98,129.0,137.26,72819.0,997039.37
688585.SH,2026-04-20,136.0,136.15,126.41,128.7,61948.09,798163.95
688585.SH,2026-04-21,126.87,128.19,123.87,126.08,27593.67,347811.99
688585.SH,2026-04-22,125.52,126.8,124.61,126.5,23704.88,297739.3
688585.SH,2026-04-23,125.01,126.0,120.89,121.44,33593.16,412173.16
688585.SH,2026-04-24,120.36,121.18,116.32,118.45,34093.37,402664.77
688585.SH,2026-04-27,118.45,118.57,113.7,117.03,27676.64,322513.62
688585.SH,2026-04-28,116.39,117.07,112.82,113.51,26657.96,304051.5
688585.SH,2026-04-29,113.0,117.58,112.82,116.06,22097.5,256681.29
688585.SH,2026-04-30,117.3,123.8,117.07,119.92,38424.2,463511.63
688585.SH,2026-05-06,120.06,123.8,118.0,122.17,32390.62,393830.81
688585.SH,2026-05-07,123.4,129.98,121.56,129.35,47679.03,605968.01
688585.SH,2026-06-05,177.96,191.0,169.65,173.89,83421.0,1491048.58
688585.SH,2026-06-08,160.3,176.38,160.0,168.48,57628.0,980840.02
688585.SH,2026-06-09,170.0,172.98,162.65,166.89,48395.7,803668.72
688585.SH,2026-06-10,168.0,168.0,160.2,163.1,34722.69,564614.82
688585.SH,2026-06-11,161.5,162.98,157.0,158.7,38135.02,607865.34
688585.SH,2026-06-12,161.6,163.12,155.88,156.43,38119.79,605990.92
688585.SH,2026-06-15,156.46,160.0,155.03,157.0,41066.21,644945.2
688585.SH,2026-06-16,158.0,166.88,155.6,164.21,57755.26,937817.87
688585.SH,2026-06-17,164.0,178.5,161.25,174.54,72193.14,1223155.56
688585.SH,2026-06-18,173.55,175.0,151.26,161.35,90783.41,1492039.11
688585.SH,2026-06-22,163.33,172.8,158.84,162.59,68820.0,1141956946.0
688585.SH,2026-06-23,161.58,165.5,155.86,158.4,44139.0,705377107.0
688585.SH,2026-06-24,156.88,162.88,156.16,159.47,34527.0,548876377.0
688585.SH,2026-06-25,157.05,159.0,152.8,153.88,43949.0,681030686.0
688585.SH,2026-06-26,152.0,153.95,147.0,148.91,36625.0,548910636.0
688585.SH,2026-06-29,148.91,153.05,142.0,151.86,41968.0,617977447.0
688585.SH,2026-06-30,152.0,167.5,149.5,165.8,64096.0,1023669521.0
688585.SH,2026-07-01,165.2,172.0,163.5,166.51,43876.0,735673716.0
688585.SH,2026-07-03,164.88,186.02,163.0,173.5,122429.13,2168241.39
688585.SH,2026-07-06,172.0,176.8,163.9,165.0,63440.56,1071266.65
688585.SH,2026-07-07,162.0,173.99,152.9,153.04,56570.57,910286.23
688585.SH,2026-07-08,156.0,156.08,143.28,144.03,45166.55,660120.92
688585.SH,2026-07-09,144.76,146.46,139.16,145.91,34179.05,486920.3
688585.SH,2026-07-10,147.0,149.99,143.0,143.0,37576.44,553458.98
688585.SH,2026-07-13,150.0,150.3,134.07,135.49,35862.62,501368.2
688585.SH,2026-07-14,135.49,139.6,131.6,137.74,25637.73,346894.92
688585.SH,2026-07-15,139.73,148.33,138.1,142.0,40841.64,585743.29
688585.SH,2026-07-16,138.0,141.97,135.0,136.42,29508.42,408569.54
688585.SH,2026-07-17,138.11,139.99,125.0,125.67,46142.25,616415.9
688585.SH,2026-07-20,128.0,133.33,116.16,119.0,40724.8,500093.72
688585.SH,2026-07-21,119.0,131.4,106.5,129.77,59910.45,719155.44
688585.SH,2026-07-22,127.18,133.8,122.89,123.5,33198.28,426071.9
688585.SH,2026-07-23,123.48,123.55,117.04,121.5,32498.12,388115.43
688585.SH,2026-07-24,118.55,119.78,113.2,113.4,33251.58,385055.34
688585.SH,2026-07-27,99.48,121.0,99.48,119.5,62750.86,700264.73
688585.SH,2026-07-28,118.27,133.8,116.0,124.58,62763.82,803589.12
688585.SH,2026-07-29,128.0,133.0,125.0,127.23,46341.36,597131.27
688585.SH,2026-07-30,127.48,140.59,126.0,136.98,63567.74,864898.18
688585.SH,2026-07-31,150.0,161.13,143.0,157.48,81625.37,1255787.67
688585.SH,2026-08-03,158.0,165.49,147.05,152.48,64610.14,1002787.46
688585.SH,2026-08-04,151.72,159.0,144.0,157.33,55649.03,850265.21
688585.SH,2026-08-05,155.77,162.94,154.1,159.79,55060.86,876868.41
688585.SH,2026-08-06,157.88,165.4,156.04,163.88,52531.81,853991.92
688585.SH,2026-08-07,172.0,172.0,153.87,169.4,74793.67,1220412.41
688585.SH,2026-08-10,169.0,173.88,159.01,162.59,45424.94,752615.76
688585.SH,2026-08-11,160.0,175.1,158.0,167.0,61175.21,1027148.56
688585.SH,2026-08-12,166.1,166.1,158.28,161.52,48308.19,778280.07
688585.SH,2026-08-13,162.1,173.93,161.52,167.53,70960.81,1203094.25
688585.SH,2026-08-14,169.34,170.8,163.88,167.33,34601.08,577796.82
688585.SH,2026-08-17,169.59,172.2,160.31,171.38,51474.19,859854.75
688585.SH,2026-08-18,169.99,196.66,169.88,188.97,110350.2,2052421.45
688585.SH,2026-08-19,190.0,193.0,151.18,152.5,114276.65,1854754.11
688585.SH,2026-08-20,149.69,152.51,132.49,141.9,79539.11,1110775.67
688585.SH,2026-08-21,138.0,146.0,136.28,143.86,53267.39,760697.1
688585.SH,2026-08-24,145.44,162.8,145.44,149.47,65257.08,1006056.07
688585.SH,2026-08-25,145.03,147.0,137.5,143.11,47608.95,675945.16
688585.SH,2026-08-26,143.88,149.86,141.6,144.4,36642.28,534277.66
688585.SH,2026-08-27,145.88,159.96,145.08,159.88,59705.22,906807.09
688585.SH,2026-08-28,157.0,162.0,152.77,157.95,47900.89,755385.57
688585.SH,2026-08-31,155.0,158.76,152.38,154.32,31575.82,488929.92
688585.SH,2026-09-01,154.0,157.77,149.78,151.0,27884.41,425657.71
688585.SH,2026-09-02,149.11,152.0,145.5,146.48,25746.88,382030.19
688585.SH,2026-09-03,147.0,151.4,147.0,149.13,24723.72,369476.39
688585.SH,2026-09-04,150.88,150.88,137.8,139.37,41868.51,598802.96
688585.SH,2026-09-07,142.0,149.9,139.5,146.01,34456.97,504689.96
688585.SH,2026-09-08,146.01,151.51,143.88,148.45,29772.36,439306.79
688585.SH,2026-09-09,147.8,150.6,142.1,143.88,22563.86,328885.42
688585.SH,2026-09-10,142.51,142.9,139.11,139.96,16424.63,231087.6
688585.SH,2026-09-11,137.51,142.22,134.66,140.28,22796.25,314058.91
688585.SH,2026-09-14,139.0,149.68,136.71,145.5,26730.74,387818.98
688585.SH,2026-09-15,144.77,146.8,143.03,143.3,13920.01,201421.34
688585.SH,2026-09-16,144.7,147.5,141.55,147.1,23032.31,333461.97
688585.SH,2026-09-17,146.98,153.0,146.1,150.3,34391.68,516202.35
688585.SH,2026-09-18,153.0,156.85,152.0,154.2,32221.63,498060.68
